>CACCAAAT	1-CACCAAAT	10.751791	-24.679333	0	T:12.0(100.00%),B:0.0(0.00%),P:1e-10	Tpos:98.3,Tstd:127.4,Bpos:0.0,Bstd:0.0,StrandBias:0.1,Multiplicity:1.92
0.001	0.768	0.001	0.230
0.997	0.001	0.001	0.001
0.001	0.997	0.001	0.001
0.001	0.945	0.001	0.053
0.997	0.001	0.001	0.001
0.997	0.001	0.001	0.001
0.997	0.001	0.001	0.001
0.001	0.001	0.001	0.997
>ATCTCCAK	2-ATCTCCAK	8.024816	-24.679333	0	T:12.0(100.00%),B:0.8(2.36%),P:1e-10	Tpos:215.1,Tstd:38.5,Bpos:319.1,Bstd:40.5,StrandBias:3.8,Multiplicity:2.42
0.964	0.001	0.018	0.017
0.154	0.001	0.001	0.844
0.065	0.757	0.001	0.177
0.001	0.001	0.154	0.844
0.001	0.997	0.001	0.001
0.197	0.801	0.001	0.001
0.892	0.017	0.001	0.090
0.001	0.001	0.486	0.512
>CTTTCGGA	3-CTTTCGGA	8.159320	-24.679333	0	T:12.0(100.00%),B:0.0(0.00%),P:1e-10	Tpos:95.8,Tstd:167.9,Bpos:0.0,Bstd:0.0,StrandBias:2.6,Multiplicity:1.75
0.001	0.955	0.001	0.043
0.286	0.276	0.001	0.437
0.043	0.188	0.001	0.768
0.001	0.361	0.001	0.637
0.001	0.450	0.269	0.280
0.001	0.043	0.955	0.001
0.001	0.001	0.997	0.001
0.980	0.001	0.018	0.001
>TAGAAGAA	4-TAGAAGAA	10.450728	-24.679333	0	T:12.0(100.00%),B:0.5(1.46%),P:1e-10	Tpos:217.7,Tstd:76.5,Bpos:501.0,Bstd:0.0,StrandBias:0.5,Multiplicity:1.58
0.330	0.001	0.001	0.668
0.959	0.039	0.001	0.001
0.001	0.001	0.997	0.001
0.997	0.001	0.001	0.001
0.869	0.090	0.040	0.001
0.001	0.001	0.997	0.001
0.997	0.001	0.001	0.001
0.959	0.001	0.039	0.001
>YGCCTCGY	5-YGCCTCGY	8.123409	-24.679333	0	T:12.0(100.00%),B:0.4(1.03%),P:1e-10	Tpos:186.5,Tstd:62.9,Bpos:360.0,Bstd:0.0,StrandBias:3.5,Multiplicity:1.00
0.001	0.545	0.020	0.434
0.001	0.186	0.707	0.106
0.001	0.979	0.001	0.019
0.001	0.641	0.357	0.001
0.157	0.001	0.252	0.590
0.001	0.888	0.001	0.110
0.020	0.131	0.829	0.020
0.107	0.490	0.040	0.364
>AMCTSCCT	6-AMCTSCCT	8.513688	-24.679333	0	T:12.0(100.00%),B:0.0(0.00%),P:1e-10	Tpos:224.4,Tstd:104.4,Bpos:0.0,Bstd:0.0,StrandBias:2.8,Multiplicity:1.33
0.952	0.046	0.001	0.001
0.491	0.434	0.001	0.074
0.047	0.765	0.001	0.187
0.075	0.001	0.047	0.877
0.149	0.414	0.437	0.001
0.001	0.997	0.001	0.001
0.224	0.649	0.001	0.126
0.047	0.001	0.047	0.905
>AGACGAAG	7-AGACGAAG	9.623412	-24.679333	0	T:12.0(100.00%),B:0.6(1.65%),P:1e-10	Tpos:175.9,Tstd:77.2,Bpos:518.0,Bstd:0.0,StrandBias:3.3,Multiplicity:1.83
0.997	0.001	0.001	0.001
0.164	0.001	0.834	0.001
0.997	0.001	0.001	0.001
0.001	0.997	0.001	0.001
0.030	0.001	0.968	0.001
0.997	0.001	0.001	0.001
0.708	0.290	0.001	0.001
0.001	0.001	0.997	0.001
>TTAATCAT	8-TTAATCAT	10.241069	-24.679333	0	T:12.0(100.00%),B:0.0(0.00%),P:1e-10	Tpos:457.5,Tstd:122.0,Bpos:0.0,Bstd:0.0,StrandBias:3.5,Multiplicity:1.00
0.001	0.001	0.001	0.997
0.001	0.001	0.001	0.997
0.997	0.001	0.001	0.001
0.962	0.001	0.036	0.001
0.001	0.001	0.001	0.997
0.117	0.721	0.001	0.161
0.626	0.256	0.001	0.117
0.001	0.001	0.001	0.997
>CGCMYTCC	9-CGCMYTCC	8.732732	-24.679333	0	T:12.0(100.00%),B:0.0(0.00%),P:1e-10	Tpos:97.7,Tstd:121.6,Bpos:0.0,Bstd:0.0,StrandBias:3.5,Multiplicity:1.00
0.001	0.900	0.001	0.098
0.302	0.099	0.500	0.099
0.202	0.796	0.001	0.001
0.572	0.426	0.001	0.001
0.001	0.572	0.001	0.426
0.001	0.001	0.001	0.997
0.001	0.900	0.001	0.098
0.001	0.900	0.001	0.098
>CCYYTATC	10-CCYYTATC	8.678587	-24.679333	0	T:12.0(100.00%),B:0.3(0.93%),P:1e-10	Tpos:123.5,Tstd:104.5,Bpos:179.0,Bstd:0.0,StrandBias:3.5,Multiplicity:1.00
0.282	0.716	0.001	0.001
0.070	0.786	0.001	0.143
0.001	0.472	0.001	0.526
0.070	0.537	0.001	0.392
0.001	0.001	0.001	0.997
0.929	0.069	0.001	0.001
0.070	0.001	0.070	0.859
0.070	0.790	0.070	0.070
>TACTGTTG	11-TACTGTTG	10.792399	-24.679333	0	T:12.0(100.00%),B:0.0(0.00%),P:1e-10	Tpos:146.8,Tstd:89.0,Bpos:0.0,Bstd:0.0,StrandBias:3.5,Multiplicity:1.00
0.001	0.001	0.001	0.997
0.997	0.001	0.001	0.001
0.001	0.910	0.001	0.088
0.001	0.001	0.001	0.997
0.001	0.001	0.910	0.088
0.001	0.001	0.001	0.997
0.088	0.001	0.001	0.910
0.001	0.001	0.997	0.001
>CGCCGCGG	12-CGCCGCGG	8.528752	-24.679333	0	T:12.0(100.00%),B:0.3(0.94%),P:1e-10	Tpos:207.3,Tstd:49.1,Bpos:4.0,Bstd:0.0,StrandBias:-3.5,Multiplicity:1.00
0.219	0.729	0.001	0.051
0.003	0.001	0.995	0.001
0.420	0.578	0.001	0.001
0.001	0.779	0.219	0.001
0.001	0.219	0.729	0.051
0.001	0.997	0.001	0.001
0.050	0.001	0.948	0.001
0.219	0.001	0.472	0.308
>GTTAGTAT	13-GTTAGTAT	10.736643	-24.679333	0	T:12.0(100.00%),B:0.5(1.42%),P:1e-10	Tpos:239.0,Tstd:28.1,Bpos:322.0,Bstd:0.0,StrandBias:3.5,Multiplicity:1.00
0.001	0.001	0.997	0.001
0.001	0.001	0.001	0.997
0.001	0.001	0.001	0.997
0.997	0.001	0.001	0.001
0.001	0.001	0.997	0.001
0.001	0.001	0.281	0.717
0.997	0.001	0.001	0.001
0.001	0.001	0.001	0.997
>CATAAGGT	14-CATAAGGT	7.705302	-24.679333	0	T:12.0(100.00%),B:0.0(0.00%),P:1e-10	Tpos:332.0,Tstd:123.1,Bpos:0.0,Bstd:0.0,StrandBias:0.7,Multiplicity:1.75
0.329	0.669	0.001	0.001
0.940	0.058	0.001	0.001
0.001	0.058	0.001	0.940
0.997	0.001	0.001	0.001
0.940	0.001	0.058	0.001
0.001	0.001	0.997	0.001
0.001	0.001	0.997	0.001
0.001	0.001	0.001	0.997
>TCTRTAAG	15-TCTRTAAG	8.951725	-24.679333	0	T:12.0(100.00%),B:0.0(0.00%),P:1e-10	Tpos:343.3,Tstd:241.6,Bpos:0.0,Bstd:0.0,StrandBias:-0.7,Multiplicity:1.58
0.001	0.001	0.001	0.997
0.394	0.604	0.001	0.001
0.001	0.001	0.001	0.997
0.408	0.081	0.510	0.001
0.001	0.001	0.254	0.744
0.997	0.001	0.001	0.001
0.997	0.001	0.001	0.001
0.001	0.001	0.997	0.001
>AGAGAAMC	16-AGAGAAMC	7.745805	-24.679333	0	T:12.0(100.00%),B:0.5(1.32%),P:1e-10	Tpos:172.5,Tstd:204.7,Bpos:389.0,Bstd:0.0,StrandBias:1.1,Multiplicity:1.45
0.826	0.001	0.001	0.172
0.001	0.001	0.644	0.354
0.997	0.001	0.001	0.001
0.001	0.001	0.997	0.001
0.826	0.001	0.172	0.001
0.826	0.001	0.172	0.001
0.471	0.527	0.001	0.001
0.001	0.997	0.001	0.001
>CTTCCARA	17-CTTCCARA	8.322863	-22.114383	0	T:12.0(100.00%),B:1.2(3.42%),P:1e-9	Tpos:268.0,Tstd:207.6,Bpos:95.6,Bstd:22.5,StrandBias:1.4,Multiplicity:1.83
0.001	0.745	0.059	0.195
0.029	0.128	0.001	0.842
0.029	0.001	0.029	0.941
0.093	0.877	0.001	0.029
0.059	0.852	0.030	0.059
0.515	0.158	0.297	0.030
0.332	0.059	0.481	0.128
0.997	0.001	0.001	0.001
>TSTGGATW	18-TSTGGATW	8.538535	-22.114383	0	T:12.0(100.00%),B:1.6(4.56%),P:1e-9	Tpos:91.7,Tstd:121.1,Bpos:499.7,Bstd:4.0,StrandBias:2.5,Multiplicity:1.08
0.001	0.001	0.038	0.960
0.039	0.384	0.489	0.088
0.294	0.001	0.001	0.704
0.039	0.001	0.694	0.266
0.001	0.001	0.997	0.001
0.843	0.001	0.078	0.078
0.039	0.001	0.039	0.921
0.559	0.001	0.001	0.439
>GCKGGCAT	19-GCKGGCAT	7.595608	-22.114383	0	T:12.0(100.00%),B:1.7(4.84%),P:1e-9	Tpos:448.5,Tstd:97.7,Bpos:310.2,Bstd:90.2,StrandBias:-0.5,Multiplicity:1.42
0.001	0.114	0.771	0.114
0.001	0.997	0.001	0.001
0.157	0.001	0.360	0.482
0.001	0.114	0.771	0.114
0.227	0.001	0.771	0.001
0.114	0.646	0.001	0.239
0.997	0.001	0.001	0.001
0.001	0.114	0.228	0.657
>GTGGGCCC	20-GTGGGCCC	7.476719	-21.095814	0	T:11.0(91.67%),B:0.0(0.00%),P:1e-9	Tpos:356.4,Tstd:56.3,Bpos:0.0,Bstd:0.0,StrandBias:0.3,Multiplicity:1.00
0.001	0.001	0.997	0.001
0.255	0.001	0.001	0.743
0.186	0.001	0.812	0.001
0.001	0.058	0.940	0.001
0.001	0.001	0.997	0.001
0.001	0.940	0.058	0.001
0.001	0.940	0.058	0.001
0.001	0.877	0.001	0.121
>AGGCAGGT	21-AGGCAGGT	10.605732	-21.095814	0	T:11.0(91.67%),B:0.3(0.78%),P:1e-9	Tpos:164.5,Tstd:82.1,Bpos:262.0,Bstd:0.0,StrandBias:3.3,Multiplicity:1.00
0.997	0.001	0.001	0.001
0.068	0.001	0.930	0.001
0.223	0.001	0.775	0.001
0.001	0.997	0.001	0.001
0.930	0.001	0.068	0.001
0.001	0.001	0.997	0.001
0.001	0.001	0.997	0.001
0.001	0.001	0.068	0.930
>GGGAAACT	22-GGGAAACT	8.536548	-18.178043	0	T:10.0(83.33%),B:0.9(2.41%),P:1e-7	Tpos:269.2,Tstd:23.0,Bpos:402.0,Bstd:0.0,StrandBias:10.0,Multiplicity:1.30
0.001	0.001	0.997	0.001
0.001	0.001	0.997	0.001
0.001	0.206	0.792	0.001
0.997	0.001	0.001	0.001
0.997	0.001	0.001	0.001
0.997	0.001	0.001	0.001
0.001	0.898	0.001	0.100
0.001	0.001	0.001	0.997
>WGGCTTTA	23-WGGCTTTA	8.228874	-18.178043	0	T:10.0(83.33%),B:0.0(0.00%),P:1e-7	Tpos:272.0,Tstd:7.2,Bpos:0.0,Bstd:0.0,StrandBias:3.2,Multiplicity:1.00
0.392	0.001	0.225	0.382
0.060	0.001	0.879	0.060
0.060	0.136	0.614	0.190
0.001	0.682	0.001	0.316
0.256	0.001	0.001	0.742
0.001	0.001	0.004	0.994
0.001	0.001	0.059	0.939
0.997	0.001	0.001	0.001
>GACATTAT	24-GACATTAT	8.236954	-16.791373	0	T:11.0(91.67%),B:2.2(6.02%),P:1e-7	Tpos:413.4,Tstd:100.6,Bpos:108.7,Bstd:67.7,StrandBias:3.7,Multiplicity:1.27
0.100	0.100	0.700	0.100
0.700	0.100	0.100	0.100
0.100	0.700	0.100	0.100
0.700	0.100	0.100	0.100
0.100	0.100	0.100	0.700
0.100	0.100	0.100	0.700
0.700	0.100	0.100	0.100
0.100	0.100	0.100	0.700
>AATATTTG	25-AATATTTG	10.792399	-11.780948	0	T:9.0(75.00%),B:2.8(7.92%),P:1e-5	Tpos:391.4,Tstd:136.5,Bpos:563.0,Bstd:0.0,StrandBias:0.7,Multiplicity:1.11
0.997	0.001	0.001	0.001
0.910	0.001	0.001	0.088
0.001	0.001	0.001	0.997
0.997	0.001	0.001	0.001
0.001	0.001	0.001	0.997
0.001	0.088	0.001	0.910
0.001	0.001	0.001	0.997
0.001	0.001	0.910	0.088
