>GAAGAWCTCMMT	1-GAAGAWCTCMMT	13.106504	-24.679333	0	T:12.0(100.00%),B:0.0(0.00%),P:1e-10	Tpos:178.2,Tstd:68.4,Bpos:0.0,Bstd:0.0,StrandBias:3.5,Multiplicity:1.00
0.001	0.001	0.997	0.001
0.723	0.012	0.264	0.001
0.735	0.001	0.263	0.001
0.263	0.001	0.735	0.001
0.997	0.001	0.001	0.001
0.506	0.061	0.001	0.432
0.001	0.803	0.001	0.195
0.061	0.001	0.134	0.804
0.122	0.865	0.012	0.001
0.468	0.530	0.001	0.001
0.492	0.506	0.001	0.001
0.001	0.001	0.001	0.997
>AAGATCTCAATC	2-AAGATCTCAATC	11.701225	-24.679333	0	T:12.0(100.00%),B:0.0(0.00%),P:1e-10	Tpos:206.8,Tstd:40.3,Bpos:0.0,Bstd:0.0,StrandBias:3.9,Multiplicity:1.33
0.531	0.034	0.339	0.096
0.766	0.032	0.138	0.064
0.265	0.001	0.702	0.032
0.736	0.032	0.168	0.064
0.064	0.128	0.032	0.776
0.136	0.536	0.064	0.264
0.032	0.064	0.104	0.800
0.128	0.573	0.098	0.201
0.603	0.333	0.001	0.063
0.639	0.032	0.201	0.128
0.200	0.095	0.001	0.704
0.064	0.662	0.138	0.136
>AAYATTTGGTGK	3-AAYATTTGGTGK	9.859970	-24.679333	0	T:12.0(100.00%),B:0.0(0.00%),P:1e-10	Tpos:135.7,Tstd:186.5,Bpos:0.0,Bstd:0.0,StrandBias:1.7,Multiplicity:1.08
0.659	0.083	0.257	0.001
0.574	0.001	0.285	0.140
0.140	0.342	0.056	0.463
0.801	0.028	0.060	0.111
0.169	0.111	0.057	0.663
0.085	0.088	0.056	0.771
0.057	0.028	0.083	0.832
0.142	0.002	0.771	0.085
0.083	0.090	0.771	0.056
0.139	0.090	0.056	0.715
0.201	0.062	0.567	0.170
0.113	0.111	0.345	0.431
>WTCCMAATGTTA	4-WTCCMAATGTTA	10.373501	-24.679333	0	T:12.0(100.00%),B:0.0(0.00%),P:1e-10	Tpos:232.2,Tstd:86.6,Bpos:0.0,Bstd:0.0,StrandBias:2.6,Multiplicity:1.17
0.373	0.089	0.165	0.373
0.179	0.164	0.001	0.656
0.150	0.760	0.001	0.089
0.030	0.701	0.030	0.239
0.374	0.463	0.120	0.042
0.740	0.030	0.065	0.165
0.822	0.059	0.030	0.089
0.249	0.036	0.180	0.535
0.059	0.289	0.622	0.030
0.030	0.001	0.119	0.850
0.258	0.030	0.120	0.592
0.910	0.088	0.001	0.001
>TTTGGAAGAGAA	5-TTTGGAAGAGAA	10.650111	-24.679333	0	T:12.0(100.00%),B:0.0(0.00%),P:1e-10	Tpos:154.9,Tstd:176.5,Bpos:0.0,Bstd:0.0,StrandBias:0.8,Multiplicity:1.17
0.001	0.001	0.001	0.997
0.001	0.191	0.063	0.745
0.316	0.001	0.001	0.682
0.063	0.063	0.873	0.001
0.001	0.187	0.811	0.001
0.869	0.001	0.067	0.063
0.873	0.001	0.063	0.063
0.384	0.001	0.552	0.063
0.677	0.001	0.125	0.197
0.260	0.063	0.676	0.001
0.811	0.001	0.187	0.001
0.546	0.001	0.130	0.323
>CTTCCGRAGAGT	6-CTTCCGRAGAGT	9.532840	-24.679333	0	T:12.0(100.00%),B:0.0(0.00%),P:1e-10	Tpos:214.5,Tstd:195.9,Bpos:0.0,Bstd:0.0,StrandBias:1.3,Multiplicity:1.75
0.112	0.850	0.001	0.037
0.037	0.002	0.001	0.960
0.001	0.161	0.117	0.721
0.037	0.617	0.118	0.228
0.155	0.606	0.236	0.003
0.225	0.001	0.700	0.074
0.348	0.037	0.426	0.188
0.997	0.001	0.001	0.001
0.281	0.001	0.717	0.001
0.530	0.001	0.112	0.357
0.043	0.262	0.694	0.001
0.112	0.117	0.001	0.770
>RGATTSSCAMTC	7-RGATTSSCAMTC	9.649774	-24.679333	0	T:12.0(100.00%),B:0.0(0.00%),P:1e-10	Tpos:95.2,Tstd:123.3,Bpos:0.0,Bstd:0.0,StrandBias:3.5,Multiplicity:1.00
0.290	0.177	0.395	0.137
0.002	0.077	0.784	0.137
0.454	0.235	0.038	0.273
0.096	0.235	0.219	0.451
0.038	0.002	0.041	0.919
0.038	0.449	0.359	0.154
0.136	0.373	0.431	0.060
0.097	0.707	0.158	0.038
0.882	0.077	0.001	0.040
0.295	0.412	0.216	0.077
0.238	0.210	0.019	0.533
0.097	0.599	0.057	0.247
>TWTAGACCACKA	8-TWTAGACCACKA	9.796696	-24.679333	0	T:12.0(100.00%),B:0.0(0.00%),P:1e-10	Tpos:183.8,Tstd:125.4,Bpos:0.0,Bstd:0.0,StrandBias:1.3,Multiplicity:1.42
0.001	0.001	0.402	0.596
0.520	0.001	0.001	0.478
0.390	0.002	0.001	0.607
0.923	0.001	0.001	0.075
0.001	0.076	0.847	0.076
0.685	0.238	0.001	0.076
0.049	0.874	0.001	0.076
0.076	0.548	0.327	0.049
0.827	0.076	0.096	0.001
0.076	0.533	0.315	0.076
0.001	0.131	0.478	0.390
0.979	0.019	0.001	0.001
>AATGCCTTTATC	9-AATGCCTTTATC	12.503253	-24.679333	0	T:12.0(100.00%),B:0.0(0.00%),P:1e-10	Tpos:228.9,Tstd:181.1,Bpos:0.0,Bstd:0.0,StrandBias:0.8,Multiplicity:1.58
0.632	0.001	0.366	0.001
0.997	0.001	0.001	0.001
0.001	0.001	0.001	0.997
0.389	0.001	0.609	0.001
0.001	0.997	0.001	0.001
0.001	0.997	0.001	0.001
0.001	0.219	0.001	0.779
0.001	0.195	0.001	0.803
0.001	0.001	0.001	0.997
0.997	0.001	0.001	0.001
0.001	0.001	0.001	0.997
0.001	0.997	0.001	0.001
>TGTAGGYCCACT	10-TGTAGGYCCACT	11.676381	-24.679333	0	T:12.0(100.00%),B:0.0(0.00%),P:1e-10	Tpos:215.6,Tstd:109.8,Bpos:0.0,Bstd:0.0,StrandBias:2.9,Multiplicity:1.42
0.001	0.001	0.361	0.637
0.052	0.001	0.946	0.001
0.001	0.361	0.001	0.637
0.997	0.001	0.001	0.001
0.001	0.001	0.997	0.001
0.001	0.001	0.997	0.001
0.001	0.428	0.209	0.362
0.052	0.946	0.001	0.001
0.001	0.997	0.001	0.001
0.481	0.309	0.001	0.209
0.001	0.946	0.052	0.001
0.001	0.001	0.001	0.997
>CGCCTSGCAGRM	11-CGCCTSGCAGRM	9.777569	-24.679333	0	T:12.0(100.00%),B:0.0(0.00%),P:1e-10	Tpos:188.2,Tstd:61.8,Bpos:0.0,Bstd:0.0,StrandBias:3.5,Multiplicity:1.00
0.255	0.497	0.074	0.174
0.105	0.099	0.770	0.026
0.155	0.518	0.027	0.300
0.025	0.924	0.026	0.025
0.050	0.151	0.213	0.586
0.055	0.489	0.352	0.104
0.101	0.306	0.518	0.075
0.001	0.458	0.308	0.233
0.736	0.214	0.025	0.025
0.176	0.074	0.723	0.027
0.412	0.108	0.382	0.098
0.256	0.385	0.129	0.229
>GTATSCCTTGGA	12-GTATSCCTTGGA	13.199157	-24.679333	0	T:12.0(100.00%),B:0.0(0.00%),P:1e-10	Tpos:244.0,Tstd:24.8,Bpos:0.0,Bstd:0.0,StrandBias:3.5,Multiplicity:1.00
0.001	0.001	0.997	0.001
0.001	0.001	0.001	0.997
0.632	0.366	0.001	0.001
0.366	0.001	0.001	0.632
0.001	0.427	0.366	0.206
0.001	0.632	0.366	0.001
0.001	0.632	0.001	0.366
0.001	0.001	0.001	0.997
0.001	0.001	0.001	0.997
0.001	0.001	0.997	0.001
0.001	0.001	0.997	0.001
0.997	0.001	0.001	0.001
>TTAATAATGTCC	13-TTAATAATGTCC	9.344321	-24.679333	0	T:12.0(100.00%),B:0.0(0.00%),P:1e-10	Tpos:352.0,Tstd:113.0,Bpos:0.0,Bstd:0.0,StrandBias:-0.5,Multiplicity:1.83
0.051	0.233	0.001	0.715
0.169	0.001	0.001	0.829
0.587	0.233	0.179	0.001
0.997	0.001	0.001	0.001
0.001	0.001	0.001	0.997
0.997	0.001	0.001	0.001
0.997	0.001	0.001	0.001
0.001	0.001	0.284	0.714
0.001	0.001	0.997	0.001
0.001	0.001	0.001	0.997
0.001	0.715	0.233	0.051
0.001	0.706	0.233	0.060
>TAAAGMCAGGTA	14-TAAAGMCAGGTA	10.749625	-24.679333	0	T:12.0(100.00%),B:0.0(0.00%),P:1e-10	Tpos:345.9,Tstd:69.6,Bpos:0.0,Bstd:0.0,StrandBias:0.2,Multiplicity:1.25
0.001	0.001	0.001	0.997
0.660	0.001	0.001	0.338
0.997	0.001	0.001	0.001
0.674	0.001	0.001	0.324
0.001	0.001	0.985	0.013
0.535	0.463	0.001	0.001
0.001	0.997	0.001	0.001
0.550	0.248	0.001	0.201
0.001	0.001	0.997	0.001
0.014	0.325	0.660	0.001
0.001	0.123	0.001	0.875
0.985	0.001	0.001	0.013
>AAACTCTACTAA	15-AAACTCTACTAA	6.715158	-24.679333	0	T:12.0(100.00%),B:0.9(2.44%),P:1e-10	Tpos:450.2,Tstd:87.6,Bpos:314.4,Bstd:33.3,StrandBias:4.3,Multiplicity:1.75
0.975	0.001	0.001	0.023
0.997	0.001	0.001	0.001
0.997	0.001	0.001	0.001
0.314	0.684	0.001	0.001
0.001	0.399	0.001	0.599
0.019	0.598	0.019	0.364
0.338	0.001	0.001	0.660
0.664	0.001	0.334	0.001
0.001	0.601	0.311	0.087
0.001	0.353	0.001	0.645
0.997	0.001	0.001	0.001
0.599	0.001	0.001	0.399
>GTAGTTAATCAT	16-GTAGTTAATCAT	9.134774	-24.679333	0	T:12.0(100.00%),B:0.0(0.00%),P:1e-10	Tpos:429.2,Tstd:122.4,Bpos:0.0,Bstd:0.0,StrandBias:2.8,Multiplicity:1.33
0.001	0.018	0.980	0.001
0.211	0.038	0.211	0.540
0.560	0.211	0.018	0.211
0.211	0.211	0.366	0.211
0.001	0.001	0.001	0.997
0.001	0.001	0.001	0.997
0.997	0.001	0.001	0.001
0.997	0.001	0.001	0.001
0.001	0.211	0.001	0.787
0.001	0.787	0.001	0.211
0.576	0.422	0.001	0.001
0.211	0.001	0.001	0.787
>TATTYATWTACW	17-TATTYATWTACW	8.105087	-24.679333	0	T:12.0(100.00%),B:0.3(0.78%),P:1e-10	Tpos:378.9,Tstd:103.4,Bpos:64.0,Bstd:0.0,StrandBias:1.4,Multiplicity:1.64
0.007	0.092	0.001	0.900
0.642	0.168	0.001	0.189
0.007	0.336	0.001	0.656
0.169	0.001	0.084	0.746
0.084	0.482	0.001	0.433
0.816	0.085	0.001	0.098
0.008	0.356	0.084	0.552
0.433	0.190	0.001	0.375
0.098	0.001	0.007	0.894
0.900	0.084	0.009	0.007
0.001	0.740	0.084	0.175
0.362	0.168	0.008	0.462
>CAAAWTGTKGAC	18-CAAAWTGTKGAC	6.733325	-24.679333	0	T:12.0(100.00%),B:0.5(1.47%),P:1e-10	Tpos:343.9,Tstd:86.3,Bpos:326.7,Bstd:90.1,StrandBias:0.8,Multiplicity:2.00
0.211	0.577	0.211	0.001
0.997	0.001	0.001	0.001
0.787	0.001	0.001	0.211
0.722	0.001	0.001	0.276
0.435	0.001	0.001	0.563
0.001	0.001	0.001	0.997
0.001	0.001	0.787	0.211
0.001	0.001	0.001	0.997
0.001	0.001	0.487	0.511
0.211	0.224	0.564	0.001
0.512	0.001	0.276	0.211
0.001	0.986	0.012	0.001
>GCCGCGTYGMAG	19-GCCGCGTYGMAG	8.239405	-21.095814	0	T:11.0(91.67%),B:0.0(0.00%),P:1e-9	Tpos:210.4,Tstd:49.9,Bpos:0.0,Bstd:0.0,StrandBias:3.3,Multiplicity:1.00
0.001	0.173	0.692	0.134
0.234	0.595	0.043	0.128
0.043	0.498	0.237	0.222
0.001	0.263	0.692	0.044
0.087	0.863	0.001	0.049
0.042	0.177	0.780	0.001
0.199	0.045	0.234	0.522
0.128	0.423	0.088	0.362
0.135	0.128	0.510	0.227
0.404	0.319	0.234	0.043
0.630	0.128	0.051	0.191
0.173	0.001	0.514	0.312
>AATKGYAAWCTT	20-AATKGYAAWCTT	9.071083	-21.095814	0	T:11.0(91.67%),B:0.5(1.46%),P:1e-9	Tpos:339.1,Tstd:91.8,Bpos:480.8,Bstd:1.8,StrandBias:0.2,Multiplicity:1.55
0.997	0.001	0.001	0.001
0.771	0.174	0.054	0.001
0.001	0.001	0.174	0.824
0.001	0.001	0.444	0.554
0.001	0.001	0.623	0.375
0.174	0.450	0.001	0.375
0.997	0.001	0.001	0.001
0.824	0.001	0.174	0.001
0.444	0.001	0.001	0.554
0.001	0.793	0.001	0.205
0.210	0.001	0.001	0.788
0.001	0.412	0.001	0.586
>ATTTTATATAAG	21-ATTTTATATAAG	9.232577	-15.639069	0	T:9.0(75.00%),B:0.0(0.00%),P:1e-6	Tpos:480.6,Tstd:159.3,Bpos:0.0,Bstd:0.0,StrandBias:1.4,Multiplicity:1.22
0.850	0.148	0.001	0.001
0.148	0.297	0.001	0.554
0.017	0.017	0.001	0.965
0.149	0.056	0.149	0.646
0.148	0.001	0.148	0.703
0.703	0.148	0.001	0.148
0.001	0.001	0.148	0.850
0.554	0.148	0.297	0.001
0.001	0.148	0.148	0.703
0.850	0.001	0.001	0.148
0.997	0.001	0.001	0.001
0.148	0.001	0.850	0.001
>CATTTACTGTGA	22-CATTTACTGTGA	8.125059	-13.361802	0	T:8.0(66.67%),B:0.6(1.64%),P:1e-5	Tpos:148.1,Tstd:156.0,Bpos:30.0,Bstd:0.0,StrandBias:1.2,Multiplicity:1.25
0.001	0.707	0.001	0.291
0.673	0.005	0.001	0.321
0.001	0.001	0.001	0.997
0.001	0.001	0.001	0.997
0.001	0.001	0.047	0.951
0.868	0.001	0.083	0.048
0.001	0.624	0.327	0.048
0.177	0.001	0.001	0.821
0.001	0.001	0.997	0.001
0.291	0.001	0.001	0.707
0.001	0.001	0.997	0.001
0.720	0.001	0.001	0.278
