>AGAAGATCTC	1-AGAAGATCTC	12.529127	-24.679333	0	T:12.0(100.00%),B:0.0(0.00%),P:1e-10	Tpos:195.6,Tstd:65.3,Bpos:0.0,Bstd:0.0,StrandBias:3.2,Multiplicity:1.75
0.743	0.255	0.001	0.001
0.001	0.001	0.997	0.001
0.997	0.001	0.001	0.001
0.997	0.001	0.001	0.001
0.001	0.001	0.997	0.001
0.997	0.001	0.001	0.001
0.380	0.001	0.001	0.618
0.001	0.997	0.001	0.001
0.001	0.001	0.001	0.997
0.001	0.953	0.045	0.001
>ATATTTGGTA	2-ATATTTGGTA	10.405505	-24.679333	0	T:12.0(100.00%),B:0.0(0.00%),P:1e-10	Tpos:228.6,Tstd:207.0,Bpos:0.0,Bstd:0.0,StrandBias:0.3,Multiplicity:1.83
0.789	0.001	0.209	0.001
0.001	0.046	0.001	0.952
0.997	0.001	0.001	0.001
0.001	0.001	0.001	0.997
0.001	0.001	0.001	0.997
0.001	0.001	0.001	0.997
0.248	0.001	0.750	0.001
0.001	0.001	0.997	0.001
0.001	0.001	0.001	0.997
0.660	0.124	0.215	0.001
>TCCACACTTC	3-TCCACACTTC	8.350283	-24.679333	0	T:12.0(100.00%),B:0.5(1.51%),P:1e-10	Tpos:110.6,Tstd:116.3,Bpos:497.0,Bstd:0.0,StrandBias:0.0,Multiplicity:2.00
0.100	0.100	0.100	0.700
0.100	0.700	0.100	0.100
0.100	0.700	0.100	0.100
0.700	0.100	0.100	0.100
0.100	0.700	0.100	0.100
0.700	0.100	0.100	0.100
0.100	0.700	0.100	0.100
0.100	0.100	0.100	0.700
0.100	0.100	0.100	0.700
0.100	0.700	0.100	0.100
>AGACGAAGRT	4-AGACGAAGRT	10.116844	-24.679333	0	T:12.0(100.00%),B:0.9(2.44%),P:1e-10	Tpos:210.4,Tstd:97.6,Bpos:425.0,Bstd:82.0,StrandBias:4.2,Multiplicity:1.58
0.997	0.001	0.001	0.001
0.198	0.001	0.800	0.001
0.899	0.001	0.001	0.099
0.099	0.899	0.001	0.001
0.099	0.001	0.899	0.001
0.997	0.001	0.001	0.001
0.773	0.225	0.001	0.001
0.001	0.001	0.997	0.001
0.470	0.001	0.528	0.001
0.001	0.099	0.345	0.555
>ACATTTGGAA	5-ACATTTGGAA	8.903458	-24.679333	0	T:12.0(100.00%),B:0.0(0.00%),P:1e-10	Tpos:155.5,Tstd:168.3,Bpos:0.0,Bstd:0.0,StrandBias:0.2,Multiplicity:1.58
0.771	0.114	0.114	0.001
0.001	0.770	0.001	0.228
0.612	0.229	0.001	0.158
0.001	0.001	0.001	0.997
0.001	0.114	0.001	0.884
0.115	0.115	0.142	0.628
0.005	0.001	0.993	0.001
0.001	0.001	0.884	0.114
0.771	0.001	0.114	0.114
0.770	0.001	0.001	0.228
>CTTTATTCCT	6-CTTTATTCCT	9.570927	-24.679333	0	T:12.0(100.00%),B:0.0(0.00%),P:1e-10	Tpos:299.9,Tstd:39.6,Bpos:0.0,Bstd:0.0,StrandBias:1.7,Multiplicity:1.75
0.001	0.744	0.001	0.254
0.001	0.084	0.001	0.914
0.001	0.085	0.085	0.829
0.084	0.001	0.001	0.914
0.740	0.001	0.001	0.258
0.281	0.089	0.001	0.629
0.085	0.170	0.001	0.744
0.001	0.997	0.001	0.001
0.258	0.545	0.001	0.196
0.001	0.001	0.001	0.997
>CTCAATCGCC	7-CTCAATCGCC	10.416465	-24.679333	0	T:12.0(100.00%),B:0.0(0.00%),P:1e-10	Tpos:234.3,Tstd:84.7,Bpos:0.0,Bstd:0.0,StrandBias:1.9,Multiplicity:1.17
0.001	0.632	0.001	0.366
0.001	0.001	0.001	0.997
0.001	0.997	0.001	0.001
0.972	0.026	0.001	0.001
0.997	0.001	0.001	0.001
0.001	0.001	0.001	0.997
0.001	0.997	0.001	0.001
0.027	0.001	0.579	0.393
0.001	0.632	0.001	0.366
0.001	0.632	0.366	0.001
>AGGGCCCCTA	8-AGGGCCCCTA	9.333494	-24.679333	0	T:12.0(100.00%),B:0.0(0.00%),P:1e-10	Tpos:143.8,Tstd:97.2,Bpos:0.0,Bstd:0.0,StrandBias:3.4,Multiplicity:1.92
0.929	0.001	0.069	0.001
0.324	0.035	0.571	0.070
0.185	0.001	0.526	0.288
0.001	0.184	0.544	0.271
0.079	0.700	0.070	0.151
0.001	0.997	0.001	0.001
0.070	0.815	0.035	0.080
0.151	0.735	0.079	0.035
0.001	0.185	0.150	0.664
0.824	0.036	0.035	0.105
>AAGGCTGGTA	9-AAGGCTGGTA	9.457602	-24.679333	0	T:12.0(100.00%),B:0.0(0.00%),P:1e-10	Tpos:296.8,Tstd:134.6,Bpos:0.0,Bstd:0.0,StrandBias:2.8,Multiplicity:1.33
0.991	0.001	0.007	0.001
0.997	0.001	0.001	0.001
0.001	0.001	0.997	0.001
0.007	0.001	0.991	0.001
0.001	0.592	0.001	0.406
0.001	0.001	0.421	0.577
0.001	0.001	0.997	0.001
0.001	0.001	0.997	0.001
0.303	0.001	0.103	0.593
0.755	0.001	0.243	0.001
>TAGACCACCA	10-TAGACCACCA	8.350283	-24.679333	0	T:12.0(100.00%),B:0.0(0.00%),P:1e-10	Tpos:112.7,Tstd:111.7,Bpos:0.0,Bstd:0.0,StrandBias:3.5,Multiplicity:1.00
0.100	0.100	0.100	0.700
0.700	0.100	0.100	0.100
0.100	0.100	0.700	0.100
0.700	0.100	0.100	0.100
0.100	0.700	0.100	0.100
0.100	0.700	0.100	0.100
0.700	0.100	0.100	0.100
0.100	0.700	0.100	0.100
0.100	0.700	0.100	0.100
0.700	0.100	0.100	0.100
>CGTCGCCTCG	11-CGTCGCCTCG	8.939149	-24.679333	0	T:12.0(100.00%),B:0.0(0.00%),P:1e-10	Tpos:187.5,Tstd:55.6,Bpos:0.0,Bstd:0.0,StrandBias:3.9,Multiplicity:1.25
0.001	0.787	0.211	0.001
0.300	0.065	0.634	0.001
0.001	0.422	0.001	0.576
0.001	0.997	0.001	0.001
0.001	0.211	0.787	0.001
0.001	0.997	0.001	0.001
0.001	0.576	0.422	0.001
0.001	0.001	0.300	0.698
0.001	0.997	0.001	0.001
0.211	0.001	0.787	0.001
>TATCCMTTGG	12-TATCCMTTGG	8.654736	-24.679333	0	T:12.0(100.00%),B:0.0(0.00%),P:1e-10	Tpos:322.2,Tstd:130.9,Bpos:0.0,Bstd:0.0,StrandBias:1.5,Multiplicity:1.67
0.001	0.001	0.001	0.997
0.650	0.001	0.001	0.348
0.174	0.221	0.001	0.604
0.001	0.925	0.001	0.073
0.001	0.997	0.001	0.001
0.399	0.379	0.001	0.221
0.348	0.001	0.001	0.650
0.001	0.001	0.174	0.824
0.001	0.001	0.949	0.049
0.001	0.001	0.997	0.001
>GTCGCCGAAG	13-GTCGCCGAAG	5.207044	-24.679333	0	T:12.0(100.00%),B:0.5(1.46%),P:1e-10	Tpos:179.8,Tstd:92.5,Bpos:405.0,Bstd:0.0,StrandBias:3.0,Multiplicity:1.12
0.001	0.001	0.997	0.001
0.421	0.001	0.001	0.577
0.001	0.997	0.001	0.001
0.078	0.001	0.920	0.001
0.421	0.577	0.001	0.001
0.001	0.997	0.001	0.001
0.001	0.001	0.997	0.001
0.997	0.001	0.001	0.001
0.577	0.001	0.421	0.001
0.001	0.001	0.997	0.001
>ACTGTASTTG	14-ACTGTASTTG	7.655642	-22.114383	0	T:12.0(100.00%),B:1.8(4.94%),P:1e-9	Tpos:184.7,Tstd:122.6,Bpos:360.4,Bstd:110.9,StrandBias:1.0,Multiplicity:3.00
0.936	0.062	0.001	0.001
0.062	0.875	0.001	0.062
0.267	0.003	0.031	0.699
0.003	0.031	0.768	0.198
0.001	0.093	0.001	0.905
0.695	0.063	0.034	0.208
0.224	0.397	0.378	0.001
0.097	0.132	0.195	0.576
0.062	0.001	0.261	0.676
0.298	0.001	0.496	0.204
>AGGTATTAAA	15-AGGTATTAAA	4.827910	-22.114383	0	T:12.0(100.00%),B:1.3(3.72%),P:1e-9	Tpos:439.0,Tstd:104.6,Bpos:266.9,Bstd:3.1,StrandBias:3.5,Multiplicity:1.00
0.857	0.001	0.141	0.001
0.001	0.001	0.997	0.001
0.001	0.001	0.997	0.001
0.142	0.290	0.001	0.567
0.997	0.001	0.001	0.001
0.001	0.001	0.001	0.997
0.142	0.142	0.001	0.715
0.997	0.001	0.001	0.001
0.997	0.001	0.001	0.001
0.997	0.001	0.001	0.001
>CAATTTGTGG	16-CAATTTGTGG	8.673565	-21.095814	0	T:11.0(91.67%),B:0.0(0.00%),P:1e-9	Tpos:369.5,Tstd:1.7,Bpos:0.0,Bstd:0.0,StrandBias:10.0,Multiplicity:1.00
0.001	0.927	0.001	0.071
0.997	0.001	0.001	0.001
0.778	0.072	0.006	0.144
0.082	0.001	0.001	0.916
0.366	0.001	0.001	0.632
0.001	0.001	0.001	0.997
0.001	0.071	0.927	0.001
0.001	0.001	0.001	0.997
0.023	0.001	0.893	0.083
0.001	0.366	0.632	0.001
>YTATATAAGA	17-YTATATAAGA	8.720012	-21.095814	0	T:11.0(91.67%),B:0.3(0.79%),P:1e-9	Tpos:524.0,Tstd:130.0,Bpos:529.0,Bstd:0.0,StrandBias:-0.9,Multiplicity:1.00
0.062	0.380	0.124	0.433
0.061	0.001	0.001	0.937
0.686	0.001	0.251	0.062
0.124	0.001	0.251	0.624
0.937	0.061	0.001	0.001
0.124	0.062	0.124	0.690
0.813	0.001	0.062	0.124
0.607	0.001	0.268	0.124
0.294	0.001	0.578	0.127
0.812	0.001	0.186	0.001
>CTTTACGGGG	18-CTTTACGGGG	5.110992	-21.095814	0	T:11.0(91.67%),B:0.0(0.00%),P:1e-9	Tpos:263.8,Tstd:2.0,Bpos:0.0,Bstd:0.0,StrandBias:10.0,Multiplicity:1.00
0.001	0.836	0.001	0.162
0.001	0.001	0.001	0.997
0.001	0.001	0.001	0.997
0.001	0.001	0.001	0.997
0.997	0.001	0.001	0.001
0.001	0.997	0.001	0.001
0.162	0.162	0.675	0.001
0.001	0.001	0.997	0.001
0.001	0.001	0.997	0.001
0.001	0.001	0.997	0.001
>AAGGMKGGAR	19-AAGGMKGGAR	7.727127	-20.168473	0	T:12.0(100.00%),B:2.2(6.03%),P:1e-8	Tpos:351.8,Tstd:167.9,Bpos:254.5,Bstd:129.0,StrandBias:-0.8,Multiplicity:1.75
0.787	0.001	0.001	0.211
0.997	0.001	0.001	0.001
0.422	0.001	0.576	0.001
0.001	0.001	0.997	0.001
0.468	0.483	0.001	0.048
0.083	0.001	0.444	0.473
0.083	0.001	0.705	0.211
0.001	0.001	0.997	0.001
0.513	0.220	0.262	0.005
0.530	0.001	0.468	0.001
>GCAGGAGGAC	20-GCAGGAGGAC	7.392907	-20.168473	0	T:12.0(100.00%),B:2.2(6.19%),P:1e-8	Tpos:167.4,Tstd:134.5,Bpos:200.0,Bstd:117.5,StrandBias:-0.7,Multiplicity:1.50
0.054	0.001	0.944	0.001
0.001	0.627	0.371	0.001
0.632	0.001	0.001	0.366
0.001	0.001	0.623	0.375
0.023	0.366	0.610	0.001
0.997	0.001	0.001	0.001
0.366	0.001	0.632	0.001
0.023	0.001	0.605	0.371
0.605	0.001	0.371	0.023
0.001	0.826	0.172	0.001
>CATTATTTYC	21-CATTATTTYC	7.757740	-18.636700	0	T:11.0(91.67%),B:1.4(3.84%),P:1e-8	Tpos:482.7,Tstd:102.3,Bpos:381.0,Bstd:0.0,StrandBias:4.0,Multiplicity:1.55
0.217	0.591	0.165	0.027
0.741	0.205	0.027	0.027
0.081	0.005	0.205	0.709
0.109	0.029	0.027	0.835
0.778	0.081	0.001	0.140
0.081	0.035	0.150	0.734
0.136	0.027	0.054	0.783
0.235	0.081	0.027	0.657
0.090	0.419	0.109	0.382
0.061	0.775	0.054	0.110
>AATTAATSAT	22-AATTAATSAT	9.770855	-18.636700	0	T:11.0(91.67%),B:1.2(3.27%),P:1e-8	Tpos:464.0,Tstd:128.4,Bpos:452.0,Bstd:0.0,StrandBias:-3.3,Multiplicity:1.00
0.729	0.108	0.055	0.108
0.490	0.054	0.187	0.269
0.068	0.001	0.368	0.563
0.054	0.001	0.054	0.891
0.838	0.001	0.054	0.107
0.769	0.001	0.054	0.176
0.001	0.054	0.054	0.891
0.001	0.509	0.368	0.122
0.677	0.161	0.001	0.161
0.001	0.001	0.001	0.997
>CTAACAKTCA	23-CTAACAKTCA	7.766672	-15.278124	0	T:11.0(91.67%),B:3.2(8.89%),P:1e-6	Tpos:341.4,Tstd:77.2,Bpos:266.1,Bstd:88.1,StrandBias:-0.1,Multiplicity:2.27
0.001	0.851	0.001	0.147
0.098	0.001	0.098	0.803
0.595	0.197	0.060	0.148
0.726	0.001	0.272	0.001
0.059	0.773	0.050	0.118
0.900	0.098	0.001	0.001
0.049	0.049	0.471	0.430
0.010	0.099	0.323	0.568
0.207	0.494	0.053	0.247
0.901	0.049	0.001	0.049
>AAAYTAGTTA	24-AAAYTAGTTA	5.082850	-13.984324	0	T:11.0(91.67%),B:4.1(11.54%),P:1e-6	Tpos:423.9,Tstd:106.3,Bpos:141.5,Bstd:116.7,StrandBias:2.7,Multiplicity:1.36
0.752	0.237	0.001	0.010
0.997	0.001	0.001	0.001
0.732	0.001	0.020	0.247
0.001	0.464	0.071	0.464
0.001	0.020	0.001	0.978
0.623	0.001	0.375	0.001
0.001	0.001	0.997	0.001
0.001	0.001	0.001	0.997
0.001	0.001	0.001	0.997
0.997	0.001	0.001	0.001
