>AGAAGATCTC	1-AGAAGATCTC	12.529127	-24.679333	0	T:12.0(100.00%),B:0.0(0.00%),P:1e-10	Tpos:195.6,Tstd:65.3,Bpos:0.0,Bstd:0.0,StrandBias:3.2,Multiplicity:1.75
0.743	0.255	0.001	0.001
0.001	0.001	0.997	0.001
0.997	0.001	0.001	0.001
0.997	0.001	0.001	0.001
0.001	0.001	0.997	0.001
0.997	0.001	0.001	0.001
0.380	0.001	0.001	0.618
0.001	0.997	0.001	0.001
0.001	0.001	0.001	0.997
0.001	0.953	0.045	0.001
>ATATTTGGTA	2-ATATTTGGTA	10.405505	-24.679333	0	T:12.0(100.00%),B:0.0(0.00%),P:1e-10	Tpos:228.6,Tstd:207.0,Bpos:0.0,Bstd:0.0,StrandBias:0.3,Multiplicity:1.83
0.789	0.001	0.209	0.001
0.001	0.046	0.001	0.952
0.997	0.001	0.001	0.001
0.001	0.001	0.001	0.997
0.001	0.001	0.001	0.997
0.001	0.001	0.001	0.997
0.248	0.001	0.750	0.001
0.001	0.001	0.997	0.001
0.001	0.001	0.001	0.997
0.660	0.124	0.215	0.001
>TCCACACTTC	3-TCCACACTTC	8.350283	-24.679333	0	T:12.0(100.00%),B:0.5(1.51%),P:1e-10	Tpos:110.6,Tstd:116.3,Bpos:497.0,Bstd:0.0,StrandBias:0.0,Multiplicity:2.00
0.100	0.100	0.100	0.700
0.100	0.700	0.100	0.100
0.100	0.700	0.100	0.100
0.700	0.100	0.100	0.100
0.100	0.700	0.100	0.100
0.700	0.100	0.100	0.100
0.100	0.700	0.100	0.100
0.100	0.100	0.100	0.700
0.100	0.100	0.100	0.700
0.100	0.700	0.100	0.100
>AGACGAAGRT	4-AGACGAAGRT	10.116844	-24.679333	0	T:12.0(100.00%),B:0.9(2.44%),P:1e-10	Tpos:210.4,Tstd:97.6,Bpos:425.0,Bstd:82.0,StrandBias:4.2,Multiplicity:1.58
0.997	0.001	0.001	0.001
0.198	0.001	0.800	0.001
0.899	0.001	0.001	0.099
0.099	0.899	0.001	0.001
0.099	0.001	0.899	0.001
0.997	0.001	0.001	0.001
0.773	0.225	0.001	0.001
0.001	0.001	0.997	0.001
0.470	0.001	0.528	0.001
0.001	0.099	0.345	0.555
>ACATTTGGAA	5-ACATTTGGAA	8.903458	-24.679333	0	T:12.0(100.00%),B:0.0(0.00%),P:1e-10	Tpos:155.5,Tstd:168.3,Bpos:0.0,Bstd:0.0,StrandBias:0.2,Multiplicity:1.58
0.771	0.114	0.114	0.001
0.001	0.770	0.001	0.228
0.612	0.229	0.001	0.158
0.001	0.001	0.001	0.997
0.001	0.114	0.001	0.884
0.115	0.115	0.142	0.628
0.005	0.001	0.993	0.001
0.001	0.001	0.884	0.114
0.771	0.001	0.114	0.114
0.770	0.001	0.001	0.228
>CTTTATTCCT	6-CTTTATTCCT	9.570927	-24.679333	0	T:12.0(100.00%),B:0.0(0.00%),P:1e-10	Tpos:299.9,Tstd:39.6,Bpos:0.0,Bstd:0.0,StrandBias:1.7,Multiplicity:1.75
0.001	0.744	0.001	0.254
0.001	0.084	0.001	0.914
0.001	0.085	0.085	0.829
0.084	0.001	0.001	0.914
0.740	0.001	0.001	0.258
0.281	0.089	0.001	0.629
0.085	0.170	0.001	0.744
0.001	0.997	0.001	0.001
0.258	0.545	0.001	0.196
0.001	0.001	0.001	0.997
>CTCAATCGCC	7-CTCAATCGCC	10.416465	-24.679333	0	T:12.0(100.00%),B:0.0(0.00%),P:1e-10	Tpos:234.3,Tstd:84.7,Bpos:0.0,Bstd:0.0,StrandBias:1.9,Multiplicity:1.17
0.001	0.632	0.001	0.366
0.001	0.001	0.001	0.997
0.001	0.997	0.001	0.001
0.972	0.026	0.001	0.001
0.997	0.001	0.001	0.001
0.001	0.001	0.001	0.997
0.001	0.997	0.001	0.001
0.027	0.001	0.579	0.393
0.001	0.632	0.001	0.366
0.001	0.632	0.366	0.001
>AGGGCCCCTA	8-AGGGCCCCTA	9.333494	-24.679333	0	T:12.0(100.00%),B:0.0(0.00%),P:1e-10	Tpos:143.8,Tstd:97.2,Bpos:0.0,Bstd:0.0,StrandBias:3.4,Multiplicity:1.92
0.929	0.001	0.069	0.001
0.324	0.035	0.571	0.070
0.185	0.001	0.526	0.288
0.001	0.184	0.544	0.271
0.079	0.700	0.070	0.151
0.001	0.997	0.001	0.001
0.070	0.815	0.035	0.080
0.151	0.735	0.079	0.035
0.001	0.185	0.150	0.664
0.824	0.036	0.035	0.105
>AAGGCTGGTA	9-AAGGCTGGTA	9.457602	-24.679333	0	T:12.0(100.00%),B:0.0(0.00%),P:1e-10	Tpos:296.8,Tstd:134.6,Bpos:0.0,Bstd:0.0,StrandBias:2.8,Multiplicity:1.33
0.991	0.001	0.007	0.001
0.997	0.001	0.001	0.001
0.001	0.001	0.997	0.001
0.007	0.001	0.991	0.001
0.001	0.592	0.001	0.406
0.001	0.001	0.421	0.577
0.001	0.001	0.997	0.001
0.001	0.001	0.997	0.001
0.303	0.001	0.103	0.593
0.755	0.001	0.243	0.001
>TAGACCACCA	10-TAGACCACCA	8.350283	-24.679333	0	T:12.0(100.00%),B:0.0(0.00%),P:1e-10	Tpos:112.7,Tstd:111.7,Bpos:0.0,Bstd:0.0,StrandBias:3.5,Multiplicity:1.00
0.100	0.100	0.100	0.700
0.700	0.100	0.100	0.100
0.100	0.100	0.700	0.100
0.700	0.100	0.100	0.100
0.100	0.700	0.100	0.100
0.100	0.700	0.100	0.100
0.700	0.100	0.100	0.100
0.100	0.700	0.100	0.100
0.100	0.700	0.100	0.100
0.700	0.100	0.100	0.100
>CGTCGCCTCG	11-CGTCGCCTCG	8.939149	-24.679333	0	T:12.0(100.00%),B:0.0(0.00%),P:1e-10	Tpos:187.5,Tstd:55.6,Bpos:0.0,Bstd:0.0,StrandBias:3.9,Multiplicity:1.25
0.001	0.787	0.211	0.001
0.300	0.065	0.634	0.001
0.001	0.422	0.001	0.576
0.001	0.997	0.001	0.001
0.001	0.211	0.787	0.001
0.001	0.997	0.001	0.001
0.001	0.576	0.422	0.001
0.001	0.001	0.300	0.698
0.001	0.997	0.001	0.001
0.211	0.001	0.787	0.001
>TATCCMTTGG	12-TATCCMTTGG	8.654736	-24.679333	0	T:12.0(100.00%),B:0.0(0.00%),P:1e-10	Tpos:322.2,Tstd:130.9,Bpos:0.0,Bstd:0.0,StrandBias:1.5,Multiplicity:1.67
0.001	0.001	0.001	0.997
0.650	0.001	0.001	0.348
0.174	0.221	0.001	0.604
0.001	0.925	0.001	0.073
0.001	0.997	0.001	0.001
0.399	0.379	0.001	0.221
0.348	0.001	0.001	0.650
0.001	0.001	0.174	0.824
0.001	0.001	0.949	0.049
0.001	0.001	0.997	0.001
>GTCGCCGAAG	13-GTCGCCGAAG	5.207044	-24.679333	0	T:12.0(100.00%),B:0.5(1.46%),P:1e-10	Tpos:179.8,Tstd:92.5,Bpos:405.0,Bstd:0.0,StrandBias:3.0,Multiplicity:1.12
0.001	0.001	0.997	0.001
0.421	0.001	0.001	0.577
0.001	0.997	0.001	0.001
0.078	0.001	0.920	0.001
0.421	0.577	0.001	0.001
0.001	0.997	0.001	0.001
0.001	0.001	0.997	0.001
0.997	0.001	0.001	0.001
0.577	0.001	0.421	0.001
0.001	0.001	0.997	0.001
>ACTGTASTTG	14-ACTGTASTTG	7.655642	-22.114383	0	T:12.0(100.00%),B:1.8(4.94%),P:1e-9	Tpos:184.7,Tstd:122.6,Bpos:360.4,Bstd:110.9,StrandBias:1.0,Multiplicity:3.00
0.936	0.062	0.001	0.001
0.062	0.875	0.001	0.062
0.267	0.003	0.031	0.699
0.003	0.031	0.768	0.198
0.001	0.093	0.001	0.905
0.695	0.063	0.034	0.208
0.224	0.397	0.378	0.001
0.097	0.132	0.195	0.576
0.062	0.001	0.261	0.676
0.298	0.001	0.496	0.204
>AGGTATTAAA	15-AGGTATTAAA	4.827910	-22.114383	0	T:12.0(100.00%),B:1.3(3.72%),P:1e-9	Tpos:439.0,Tstd:104.6,Bpos:266.9,Bstd:3.1,StrandBias:3.5,Multiplicity:1.00
0.857	0.001	0.141	0.001
0.001	0.001	0.997	0.001
0.001	0.001	0.997	0.001
0.142	0.290	0.001	0.567
0.997	0.001	0.001	0.001
0.001	0.001	0.001	0.997
0.142	0.142	0.001	0.715
0.997	0.001	0.001	0.001
0.997	0.001	0.001	0.001
0.997	0.001	0.001	0.001
>CAATTTGTGG	16-CAATTTGTGG	8.673565	-21.095814	0	T:11.0(91.67%),B:0.0(0.00%),P:1e-9	Tpos:369.5,Tstd:1.7,Bpos:0.0,Bstd:0.0,StrandBias:10.0,Multiplicity:1.00
0.001	0.927	0.001	0.071
0.997	0.001	0.001	0.001
0.778	0.072	0.006	0.144
0.082	0.001	0.001	0.916
0.366	0.001	0.001	0.632
0.001	0.001	0.001	0.997
0.001	0.071	0.927	0.001
0.001	0.001	0.001	0.997
0.023	0.001	0.893	0.083
0.001	0.366	0.632	0.001
>YTATATAAGA	17-YTATATAAGA	8.720012	-21.095814	0	T:11.0(91.67%),B:0.3(0.79%),P:1e-9	Tpos:524.0,Tstd:130.0,Bpos:529.0,Bstd:0.0,StrandBias:-0.9,Multiplicity:1.00
0.062	0.380	0.124	0.433
0.061	0.001	0.001	0.937
0.686	0.001	0.251	0.062
0.124	0.001	0.251	0.624
0.937	0.061	0.001	0.001
0.124	0.062	0.124	0.690
0.813	0.001	0.062	0.124
0.607	0.001	0.268	0.124
0.294	0.001	0.578	0.127
0.812	0.001	0.186	0.001
>CTTTACGGGG	18-CTTTACGGGG	5.110992	-21.095814	0	T:11.0(91.67%),B:0.0(0.00%),P:1e-9	Tpos:263.8,Tstd:2.0,Bpos:0.0,Bstd:0.0,StrandBias:10.0,Multiplicity:1.00
0.001	0.836	0.001	0.162
0.001	0.001	0.001	0.997
0.001	0.001	0.001	0.997
0.001	0.001	0.001	0.997
0.997	0.001	0.001	0.001
0.001	0.997	0.001	0.001
0.162	0.162	0.675	0.001
0.001	0.001	0.997	0.001
0.001	0.001	0.997	0.001
0.001	0.001	0.997	0.001
>AAGGMKGGAR	19-AAGGMKGGAR	7.727127	-20.168473	0	T:12.0(100.00%),B:2.2(6.03%),P:1e-8	Tpos:351.8,Tstd:167.9,Bpos:254.5,Bstd:129.0,StrandBias:-0.8,Multiplicity:1.75
0.787	0.001	0.001	0.211
0.997	0.001	0.001	0.001
0.422	0.001	0.576	0.001
0.001	0.001	0.997	0.001
0.468	0.483	0.001	0.048
0.083	0.001	0.444	0.473
0.083	0.001	0.705	0.211
0.001	0.001	0.997	0.001
0.513	0.220	0.262	0.005
0.530	0.001	0.468	0.001
>GCAGGAGGAC	20-GCAGGAGGAC	7.392907	-20.168473	0	T:12.0(100.00%),B:2.2(6.19%),P:1e-8	Tpos:167.4,Tstd:134.5,Bpos:200.0,Bstd:117.5,StrandBias:-0.7,Multiplicity:1.50
0.054	0.001	0.944	0.001
0.001	0.627	0.371	0.001
0.632	0.001	0.001	0.366
0.001	0.001	0.623	0.375
0.023	0.366	0.610	0.001
0.997	0.001	0.001	0.001
0.366	0.001	0.632	0.001
0.023	0.001	0.605	0.371
0.605	0.001	0.371	0.023
0.001	0.826	0.172	0.001
>CATTATTTYC	21-CATTATTTYC	7.757740	-18.636700	0	T:11.0(91.67%),B:1.4(3.84%),P:1e-8	Tpos:482.7,Tstd:102.3,Bpos:381.0,Bstd:0.0,StrandBias:4.0,Multiplicity:1.55
0.217	0.591	0.165	0.027
0.741	0.205	0.027	0.027
0.081	0.005	0.205	0.709
0.109	0.029	0.027	0.835
0.778	0.081	0.001	0.140
0.081	0.035	0.150	0.734
0.136	0.027	0.054	0.783
0.235	0.081	0.027	0.657
0.090	0.419	0.109	0.382
0.061	0.775	0.054	0.110
>AATTAATSAT	22-AATTAATSAT	9.770855	-18.636700	0	T:11.0(91.67%),B:1.2(3.27%),P:1e-8	Tpos:464.0,Tstd:128.4,Bpos:452.0,Bstd:0.0,StrandBias:-3.3,Multiplicity:1.00
0.729	0.108	0.055	0.108
0.490	0.054	0.187	0.269
0.068	0.001	0.368	0.563
0.054	0.001	0.054	0.891
0.838	0.001	0.054	0.107
0.769	0.001	0.054	0.176
0.001	0.054	0.054	0.891
0.001	0.509	0.368	0.122
0.677	0.161	0.001	0.161
0.001	0.001	0.001	0.997
>CTAACAKTCA	23-CTAACAKTCA	7.766672	-15.278124	0	T:11.0(91.67%),B:3.2(8.89%),P:1e-6	Tpos:341.4,Tstd:77.2,Bpos:266.1,Bstd:88.1,StrandBias:-0.1,Multiplicity:2.27
0.001	0.851	0.001	0.147
0.098	0.001	0.098	0.803
0.595	0.197	0.060	0.148
0.726	0.001	0.272	0.001
0.059	0.773	0.050	0.118
0.900	0.098	0.001	0.001
0.049	0.049	0.471	0.430
0.010	0.099	0.323	0.568
0.207	0.494	0.053	0.247
0.901	0.049	0.001	0.049
>AAAYTAGTTA	24-AAAYTAGTTA	5.082850	-13.984324	0	T:11.0(91.67%),B:4.1(11.54%),P:1e-6	Tpos:423.9,Tstd:106.3,Bpos:141.5,Bstd:116.7,StrandBias:2.7,Multiplicity:1.36
0.752	0.237	0.001	0.010
0.997	0.001	0.001	0.001
0.732	0.001	0.020	0.247
0.001	0.464	0.071	0.464
0.001	0.020	0.001	0.978
0.623	0.001	0.375	0.001
0.001	0.001	0.997	0.001
0.001	0.001	0.001	0.997
0.001	0.001	0.001	0.997
0.997	0.001	0.001	0.001
>GAAGAWCTCMMT	1-GAAGAWCTCMMT	13.106504	-24.679333	0	T:12.0(100.00%),B:0.0(0.00%),P:1e-10	Tpos:178.2,Tstd:68.4,Bpos:0.0,Bstd:0.0,StrandBias:3.5,Multiplicity:1.00
0.001	0.001	0.997	0.001
0.723	0.012	0.264	0.001
0.735	0.001	0.263	0.001
0.263	0.001	0.735	0.001
0.997	0.001	0.001	0.001
0.506	0.061	0.001	0.432
0.001	0.803	0.001	0.195
0.061	0.001	0.134	0.804
0.122	0.865	0.012	0.001
0.468	0.530	0.001	0.001
0.492	0.506	0.001	0.001
0.001	0.001	0.001	0.997
>AAGATCTCAATC	2-AAGATCTCAATC	11.701225	-24.679333	0	T:12.0(100.00%),B:0.0(0.00%),P:1e-10	Tpos:206.8,Tstd:40.3,Bpos:0.0,Bstd:0.0,StrandBias:3.9,Multiplicity:1.33
0.531	0.034	0.339	0.096
0.766	0.032	0.138	0.064
0.265	0.001	0.702	0.032
0.736	0.032	0.168	0.064
0.064	0.128	0.032	0.776
0.136	0.536	0.064	0.264
0.032	0.064	0.104	0.800
0.128	0.573	0.098	0.201
0.603	0.333	0.001	0.063
0.639	0.032	0.201	0.128
0.200	0.095	0.001	0.704
0.064	0.662	0.138	0.136
>AAYATTTGGTGK	3-AAYATTTGGTGK	9.859970	-24.679333	0	T:12.0(100.00%),B:0.0(0.00%),P:1e-10	Tpos:135.7,Tstd:186.5,Bpos:0.0,Bstd:0.0,StrandBias:1.7,Multiplicity:1.08
0.659	0.083	0.257	0.001
0.574	0.001	0.285	0.140
0.140	0.342	0.056	0.463
0.801	0.028	0.060	0.111
0.169	0.111	0.057	0.663
0.085	0.088	0.056	0.771
0.057	0.028	0.083	0.832
0.142	0.002	0.771	0.085
0.083	0.090	0.771	0.056
0.139	0.090	0.056	0.715
0.201	0.062	0.567	0.170
0.113	0.111	0.345	0.431
>WTCCMAATGTTA	4-WTCCMAATGTTA	10.373501	-24.679333	0	T:12.0(100.00%),B:0.0(0.00%),P:1e-10	Tpos:232.2,Tstd:86.6,Bpos:0.0,Bstd:0.0,StrandBias:2.6,Multiplicity:1.17
0.373	0.089	0.165	0.373
0.179	0.164	0.001	0.656
0.150	0.760	0.001	0.089
0.030	0.701	0.030	0.239
0.374	0.463	0.120	0.042
0.740	0.030	0.065	0.165
0.822	0.059	0.030	0.089
0.249	0.036	0.180	0.535
0.059	0.289	0.622	0.030
0.030	0.001	0.119	0.850
0.258	0.030	0.120	0.592
0.910	0.088	0.001	0.001
>TTTGGAAGAGAA	5-TTTGGAAGAGAA	10.650111	-24.679333	0	T:12.0(100.00%),B:0.0(0.00%),P:1e-10	Tpos:154.9,Tstd:176.5,Bpos:0.0,Bstd:0.0,StrandBias:0.8,Multiplicity:1.17
0.001	0.001	0.001	0.997
0.001	0.191	0.063	0.745
0.316	0.001	0.001	0.682
0.063	0.063	0.873	0.001
0.001	0.187	0.811	0.001
0.869	0.001	0.067	0.063
0.873	0.001	0.063	0.063
0.384	0.001	0.552	0.063
0.677	0.001	0.125	0.197
0.260	0.063	0.676	0.001
0.811	0.001	0.187	0.001
0.546	0.001	0.130	0.323
>CTTCCGRAGAGT	6-CTTCCGRAGAGT	9.532840	-24.679333	0	T:12.0(100.00%),B:0.0(0.00%),P:1e-10	Tpos:214.5,Tstd:195.9,Bpos:0.0,Bstd:0.0,StrandBias:1.3,Multiplicity:1.75
0.112	0.850	0.001	0.037
0.037	0.002	0.001	0.960
0.001	0.161	0.117	0.721
0.037	0.617	0.118	0.228
0.155	0.606	0.236	0.003
0.225	0.001	0.700	0.074
0.348	0.037	0.426	0.188
0.997	0.001	0.001	0.001
0.281	0.001	0.717	0.001
0.530	0.001	0.112	0.357
0.043	0.262	0.694	0.001
0.112	0.117	0.001	0.770
>RGATTSSCAMTC	7-RGATTSSCAMTC	9.649774	-24.679333	0	T:12.0(100.00%),B:0.0(0.00%),P:1e-10	Tpos:95.2,Tstd:123.3,Bpos:0.0,Bstd:0.0,StrandBias:3.5,Multiplicity:1.00
0.290	0.177	0.395	0.137
0.002	0.077	0.784	0.137
0.454	0.235	0.038	0.273
0.096	0.235	0.219	0.451
0.038	0.002	0.041	0.919
0.038	0.449	0.359	0.154
0.136	0.373	0.431	0.060
0.097	0.707	0.158	0.038
0.882	0.077	0.001	0.040
0.295	0.412	0.216	0.077
0.238	0.210	0.019	0.533
0.097	0.599	0.057	0.247
>TWTAGACCACKA	8-TWTAGACCACKA	9.796696	-24.679333	0	T:12.0(100.00%),B:0.0(0.00%),P:1e-10	Tpos:183.8,Tstd:125.4,Bpos:0.0,Bstd:0.0,StrandBias:1.3,Multiplicity:1.42
0.001	0.001	0.402	0.596
0.520	0.001	0.001	0.478
0.390	0.002	0.001	0.607
0.923	0.001	0.001	0.075
0.001	0.076	0.847	0.076
0.685	0.238	0.001	0.076
0.049	0.874	0.001	0.076
0.076	0.548	0.327	0.049
0.827	0.076	0.096	0.001
0.076	0.533	0.315	0.076
0.001	0.131	0.478	0.390
0.979	0.019	0.001	0.001
>AATGCCTTTATC	9-AATGCCTTTATC	12.503253	-24.679333	0	T:12.0(100.00%),B:0.0(0.00%),P:1e-10	Tpos:228.9,Tstd:181.1,Bpos:0.0,Bstd:0.0,StrandBias:0.8,Multiplicity:1.58
0.632	0.001	0.366	0.001
0.997	0.001	0.001	0.001
0.001	0.001	0.001	0.997
0.389	0.001	0.609	0.001
0.001	0.997	0.001	0.001
0.001	0.997	0.001	0.001
0.001	0.219	0.001	0.779
0.001	0.195	0.001	0.803
0.001	0.001	0.001	0.997
0.997	0.001	0.001	0.001
0.001	0.001	0.001	0.997
0.001	0.997	0.001	0.001
>TGTAGGYCCACT	10-TGTAGGYCCACT	11.676381	-24.679333	0	T:12.0(100.00%),B:0.0(0.00%),P:1e-10	Tpos:215.6,Tstd:109.8,Bpos:0.0,Bstd:0.0,StrandBias:2.9,Multiplicity:1.42
0.001	0.001	0.361	0.637
0.052	0.001	0.946	0.001
0.001	0.361	0.001	0.637
0.997	0.001	0.001	0.001
0.001	0.001	0.997	0.001
0.001	0.001	0.997	0.001
0.001	0.428	0.209	0.362
0.052	0.946	0.001	0.001
0.001	0.997	0.001	0.001
0.481	0.309	0.001	0.209
0.001	0.946	0.052	0.001
0.001	0.001	0.001	0.997
>CGCCTSGCAGRM	11-CGCCTSGCAGRM	9.777569	-24.679333	0	T:12.0(100.00%),B:0.0(0.00%),P:1e-10	Tpos:188.2,Tstd:61.8,Bpos:0.0,Bstd:0.0,StrandBias:3.5,Multiplicity:1.00
0.255	0.497	0.074	0.174
0.105	0.099	0.770	0.026
0.155	0.518	0.027	0.300
0.025	0.924	0.026	0.025
0.050	0.151	0.213	0.586
0.055	0.489	0.352	0.104
0.101	0.306	0.518	0.075
0.001	0.458	0.308	0.233
0.736	0.214	0.025	0.025
0.176	0.074	0.723	0.027
0.412	0.108	0.382	0.098
0.256	0.385	0.129	0.229
>GTATSCCTTGGA	12-GTATSCCTTGGA	13.199157	-24.679333	0	T:12.0(100.00%),B:0.0(0.00%),P:1e-10	Tpos:244.0,Tstd:24.8,Bpos:0.0,Bstd:0.0,StrandBias:3.5,Multiplicity:1.00
0.001	0.001	0.997	0.001
0.001	0.001	0.001	0.997
0.632	0.366	0.001	0.001
0.366	0.001	0.001	0.632
0.001	0.427	0.366	0.206
0.001	0.632	0.366	0.001
0.001	0.632	0.001	0.366
0.001	0.001	0.001	0.997
0.001	0.001	0.001	0.997
0.001	0.001	0.997	0.001
0.001	0.001	0.997	0.001
0.997	0.001	0.001	0.001
>TTAATAATGTCC	13-TTAATAATGTCC	9.344321	-24.679333	0	T:12.0(100.00%),B:0.0(0.00%),P:1e-10	Tpos:352.0,Tstd:113.0,Bpos:0.0,Bstd:0.0,StrandBias:-0.5,Multiplicity:1.83
0.051	0.233	0.001	0.715
0.169	0.001	0.001	0.829
0.587	0.233	0.179	0.001
0.997	0.001	0.001	0.001
0.001	0.001	0.001	0.997
0.997	0.001	0.001	0.001
0.997	0.001	0.001	0.001
0.001	0.001	0.284	0.714
0.001	0.001	0.997	0.001
0.001	0.001	0.001	0.997
0.001	0.715	0.233	0.051
0.001	0.706	0.233	0.060
>TAAAGMCAGGTA	14-TAAAGMCAGGTA	10.749625	-24.679333	0	T:12.0(100.00%),B:0.0(0.00%),P:1e-10	Tpos:345.9,Tstd:69.6,Bpos:0.0,Bstd:0.0,StrandBias:0.2,Multiplicity:1.25
0.001	0.001	0.001	0.997
0.660	0.001	0.001	0.338
0.997	0.001	0.001	0.001
0.674	0.001	0.001	0.324
0.001	0.001	0.985	0.013
0.535	0.463	0.001	0.001
0.001	0.997	0.001	0.001
0.550	0.248	0.001	0.201
0.001	0.001	0.997	0.001
0.014	0.325	0.660	0.001
0.001	0.123	0.001	0.875
0.985	0.001	0.001	0.013
>AAACTCTACTAA	15-AAACTCTACTAA	6.715158	-24.679333	0	T:12.0(100.00%),B:0.9(2.44%),P:1e-10	Tpos:450.2,Tstd:87.6,Bpos:314.4,Bstd:33.3,StrandBias:4.3,Multiplicity:1.75
0.975	0.001	0.001	0.023
0.997	0.001	0.001	0.001
0.997	0.001	0.001	0.001
0.314	0.684	0.001	0.001
0.001	0.399	0.001	0.599
0.019	0.598	0.019	0.364
0.338	0.001	0.001	0.660
0.664	0.001	0.334	0.001
0.001	0.601	0.311	0.087
0.001	0.353	0.001	0.645
0.997	0.001	0.001	0.001
0.599	0.001	0.001	0.399
>GTAGTTAATCAT	16-GTAGTTAATCAT	9.134774	-24.679333	0	T:12.0(100.00%),B:0.0(0.00%),P:1e-10	Tpos:429.2,Tstd:122.4,Bpos:0.0,Bstd:0.0,StrandBias:2.8,Multiplicity:1.33
0.001	0.018	0.980	0.001
0.211	0.038	0.211	0.540
0.560	0.211	0.018	0.211
0.211	0.211	0.366	0.211
0.001	0.001	0.001	0.997
0.001	0.001	0.001	0.997
0.997	0.001	0.001	0.001
0.997	0.001	0.001	0.001
0.001	0.211	0.001	0.787
0.001	0.787	0.001	0.211
0.576	0.422	0.001	0.001
0.211	0.001	0.001	0.787
>TATTYATWTACW	17-TATTYATWTACW	8.105087	-24.679333	0	T:12.0(100.00%),B:0.3(0.78%),P:1e-10	Tpos:378.9,Tstd:103.4,Bpos:64.0,Bstd:0.0,StrandBias:1.4,Multiplicity:1.64
0.007	0.092	0.001	0.900
0.642	0.168	0.001	0.189
0.007	0.336	0.001	0.656
0.169	0.001	0.084	0.746
0.084	0.482	0.001	0.433
0.816	0.085	0.001	0.098
0.008	0.356	0.084	0.552
0.433	0.190	0.001	0.375
0.098	0.001	0.007	0.894
0.900	0.084	0.009	0.007
0.001	0.740	0.084	0.175
0.362	0.168	0.008	0.462
>CAAAWTGTKGAC	18-CAAAWTGTKGAC	6.733325	-24.679333	0	T:12.0(100.00%),B:0.5(1.47%),P:1e-10	Tpos:343.9,Tstd:86.3,Bpos:326.7,Bstd:90.1,StrandBias:0.8,Multiplicity:2.00
0.211	0.577	0.211	0.001
0.997	0.001	0.001	0.001
0.787	0.001	0.001	0.211
0.722	0.001	0.001	0.276
0.435	0.001	0.001	0.563
0.001	0.001	0.001	0.997
0.001	0.001	0.787	0.211
0.001	0.001	0.001	0.997
0.001	0.001	0.487	0.511
0.211	0.224	0.564	0.001
0.512	0.001	0.276	0.211
0.001	0.986	0.012	0.001
>GCCGCGTYGMAG	19-GCCGCGTYGMAG	8.239405	-21.095814	0	T:11.0(91.67%),B:0.0(0.00%),P:1e-9	Tpos:210.4,Tstd:49.9,Bpos:0.0,Bstd:0.0,StrandBias:3.3,Multiplicity:1.00
0.001	0.173	0.692	0.134
0.234	0.595	0.043	0.128
0.043	0.498	0.237	0.222
0.001	0.263	0.692	0.044
0.087	0.863	0.001	0.049
0.042	0.177	0.780	0.001
0.199	0.045	0.234	0.522
0.128	0.423	0.088	0.362
0.135	0.128	0.510	0.227
0.404	0.319	0.234	0.043
0.630	0.128	0.051	0.191
0.173	0.001	0.514	0.312
>AATKGYAAWCTT	20-AATKGYAAWCTT	9.071083	-21.095814	0	T:11.0(91.67%),B:0.5(1.46%),P:1e-9	Tpos:339.1,Tstd:91.8,Bpos:480.8,Bstd:1.8,StrandBias:0.2,Multiplicity:1.55
0.997	0.001	0.001	0.001
0.771	0.174	0.054	0.001
0.001	0.001	0.174	0.824
0.001	0.001	0.444	0.554
0.001	0.001	0.623	0.375
0.174	0.450	0.001	0.375
0.997	0.001	0.001	0.001
0.824	0.001	0.174	0.001
0.444	0.001	0.001	0.554
0.001	0.793	0.001	0.205
0.210	0.001	0.001	0.788
0.001	0.412	0.001	0.586
>ATTTTATATAAG	21-ATTTTATATAAG	9.232577	-15.639069	0	T:9.0(75.00%),B:0.0(0.00%),P:1e-6	Tpos:480.6,Tstd:159.3,Bpos:0.0,Bstd:0.0,StrandBias:1.4,Multiplicity:1.22
0.850	0.148	0.001	0.001
0.148	0.297	0.001	0.554
0.017	0.017	0.001	0.965
0.149	0.056	0.149	0.646
0.148	0.001	0.148	0.703
0.703	0.148	0.001	0.148
0.001	0.001	0.148	0.850
0.554	0.148	0.297	0.001
0.001	0.148	0.148	0.703
0.850	0.001	0.001	0.148
0.997	0.001	0.001	0.001
0.148	0.001	0.850	0.001
>CATTTACTGTGA	22-CATTTACTGTGA	8.125059	-13.361802	0	T:8.0(66.67%),B:0.6(1.64%),P:1e-5	Tpos:148.1,Tstd:156.0,Bpos:30.0,Bstd:0.0,StrandBias:1.2,Multiplicity:1.25
0.001	0.707	0.001	0.291
0.673	0.005	0.001	0.321
0.001	0.001	0.001	0.997
0.001	0.001	0.001	0.997
0.001	0.001	0.047	0.951
0.868	0.001	0.083	0.048
0.001	0.624	0.327	0.048
0.177	0.001	0.001	0.821
0.001	0.001	0.997	0.001
0.291	0.001	0.001	0.707
0.001	0.001	0.997	0.001
0.720	0.001	0.001	0.278
>CACCAAAT	1-CACCAAAT	10.751791	-24.679333	0	T:12.0(100.00%),B:0.0(0.00%),P:1e-10	Tpos:98.3,Tstd:127.4,Bpos:0.0,Bstd:0.0,StrandBias:0.1,Multiplicity:1.92
0.001	0.768	0.001	0.230
0.997	0.001	0.001	0.001
0.001	0.997	0.001	0.001
0.001	0.945	0.001	0.053
0.997	0.001	0.001	0.001
0.997	0.001	0.001	0.001
0.997	0.001	0.001	0.001
0.001	0.001	0.001	0.997
>ATCTCCAK	2-ATCTCCAK	8.024816	-24.679333	0	T:12.0(100.00%),B:0.8(2.36%),P:1e-10	Tpos:215.1,Tstd:38.5,Bpos:319.1,Bstd:40.5,StrandBias:3.8,Multiplicity:2.42
0.964	0.001	0.018	0.017
0.154	0.001	0.001	0.844
0.065	0.757	0.001	0.177
0.001	0.001	0.154	0.844
0.001	0.997	0.001	0.001
0.197	0.801	0.001	0.001
0.892	0.017	0.001	0.090
0.001	0.001	0.486	0.512
>CTTTCGGA	3-CTTTCGGA	8.159320	-24.679333	0	T:12.0(100.00%),B:0.0(0.00%),P:1e-10	Tpos:95.8,Tstd:167.9,Bpos:0.0,Bstd:0.0,StrandBias:2.6,Multiplicity:1.75
0.001	0.955	0.001	0.043
0.286	0.276	0.001	0.437
0.043	0.188	0.001	0.768
0.001	0.361	0.001	0.637
0.001	0.450	0.269	0.280
0.001	0.043	0.955	0.001
0.001	0.001	0.997	0.001
0.980	0.001	0.018	0.001
>TAGAAGAA	4-TAGAAGAA	10.450728	-24.679333	0	T:12.0(100.00%),B:0.5(1.46%),P:1e-10	Tpos:217.7,Tstd:76.5,Bpos:501.0,Bstd:0.0,StrandBias:0.5,Multiplicity:1.58
0.330	0.001	0.001	0.668
0.959	0.039	0.001	0.001
0.001	0.001	0.997	0.001
0.997	0.001	0.001	0.001
0.869	0.090	0.040	0.001
0.001	0.001	0.997	0.001
0.997	0.001	0.001	0.001
0.959	0.001	0.039	0.001
>YGCCTCGY	5-YGCCTCGY	8.123409	-24.679333	0	T:12.0(100.00%),B:0.4(1.03%),P:1e-10	Tpos:186.5,Tstd:62.9,Bpos:360.0,Bstd:0.0,StrandBias:3.5,Multiplicity:1.00
0.001	0.545	0.020	0.434
0.001	0.186	0.707	0.106
0.001	0.979	0.001	0.019
0.001	0.641	0.357	0.001
0.157	0.001	0.252	0.590
0.001	0.888	0.001	0.110
0.020	0.131	0.829	0.020
0.107	0.490	0.040	0.364
>AMCTSCCT	6-AMCTSCCT	8.513688	-24.679333	0	T:12.0(100.00%),B:0.0(0.00%),P:1e-10	Tpos:224.4,Tstd:104.4,Bpos:0.0,Bstd:0.0,StrandBias:2.8,Multiplicity:1.33
0.952	0.046	0.001	0.001
0.491	0.434	0.001	0.074
0.047	0.765	0.001	0.187
0.075	0.001	0.047	0.877
0.149	0.414	0.437	0.001
0.001	0.997	0.001	0.001
0.224	0.649	0.001	0.126
0.047	0.001	0.047	0.905
>AGACGAAG	7-AGACGAAG	9.623412	-24.679333	0	T:12.0(100.00%),B:0.6(1.65%),P:1e-10	Tpos:175.9,Tstd:77.2,Bpos:518.0,Bstd:0.0,StrandBias:3.3,Multiplicity:1.83
0.997	0.001	0.001	0.001
0.164	0.001	0.834	0.001
0.997	0.001	0.001	0.001
0.001	0.997	0.001	0.001
0.030	0.001	0.968	0.001
0.997	0.001	0.001	0.001
0.708	0.290	0.001	0.001
0.001	0.001	0.997	0.001
>TTAATCAT	8-TTAATCAT	10.241069	-24.679333	0	T:12.0(100.00%),B:0.0(0.00%),P:1e-10	Tpos:457.5,Tstd:122.0,Bpos:0.0,Bstd:0.0,StrandBias:3.5,Multiplicity:1.00
0.001	0.001	0.001	0.997
0.001	0.001	0.001	0.997
0.997	0.001	0.001	0.001
0.962	0.001	0.036	0.001
0.001	0.001	0.001	0.997
0.117	0.721	0.001	0.161
0.626	0.256	0.001	0.117
0.001	0.001	0.001	0.997
>CGCMYTCC	9-CGCMYTCC	8.732732	-24.679333	0	T:12.0(100.00%),B:0.0(0.00%),P:1e-10	Tpos:97.7,Tstd:121.6,Bpos:0.0,Bstd:0.0,StrandBias:3.5,Multiplicity:1.00
0.001	0.900	0.001	0.098
0.302	0.099	0.500	0.099
0.202	0.796	0.001	0.001
0.572	0.426	0.001	0.001
0.001	0.572	0.001	0.426
0.001	0.001	0.001	0.997
0.001	0.900	0.001	0.098
0.001	0.900	0.001	0.098
>CCYYTATC	10-CCYYTATC	8.678587	-24.679333	0	T:12.0(100.00%),B:0.3(0.93%),P:1e-10	Tpos:123.5,Tstd:104.5,Bpos:179.0,Bstd:0.0,StrandBias:3.5,Multiplicity:1.00
0.282	0.716	0.001	0.001
0.070	0.786	0.001	0.143
0.001	0.472	0.001	0.526
0.070	0.537	0.001	0.392
0.001	0.001	0.001	0.997
0.929	0.069	0.001	0.001
0.070	0.001	0.070	0.859
0.070	0.790	0.070	0.070
>TACTGTTG	11-TACTGTTG	10.792399	-24.679333	0	T:12.0(100.00%),B:0.0(0.00%),P:1e-10	Tpos:146.8,Tstd:89.0,Bpos:0.0,Bstd:0.0,StrandBias:3.5,Multiplicity:1.00
0.001	0.001	0.001	0.997
0.997	0.001	0.001	0.001
0.001	0.910	0.001	0.088
0.001	0.001	0.001	0.997
0.001	0.001	0.910	0.088
0.001	0.001	0.001	0.997
0.088	0.001	0.001	0.910
0.001	0.001	0.997	0.001
>CGCCGCGG	12-CGCCGCGG	8.528752	-24.679333	0	T:12.0(100.00%),B:0.3(0.94%),P:1e-10	Tpos:207.3,Tstd:49.1,Bpos:4.0,Bstd:0.0,StrandBias:-3.5,Multiplicity:1.00
0.219	0.729	0.001	0.051
0.003	0.001	0.995	0.001
0.420	0.578	0.001	0.001
0.001	0.779	0.219	0.001
0.001	0.219	0.729	0.051
0.001	0.997	0.001	0.001
0.050	0.001	0.948	0.001
0.219	0.001	0.472	0.308
>GTTAGTAT	13-GTTAGTAT	10.736643	-24.679333	0	T:12.0(100.00%),B:0.5(1.42%),P:1e-10	Tpos:239.0,Tstd:28.1,Bpos:322.0,Bstd:0.0,StrandBias:3.5,Multiplicity:1.00
0.001	0.001	0.997	0.001
0.001	0.001	0.001	0.997
0.001	0.001	0.001	0.997
0.997	0.001	0.001	0.001
0.001	0.001	0.997	0.001
0.001	0.001	0.281	0.717
0.997	0.001	0.001	0.001
0.001	0.001	0.001	0.997
>CATAAGGT	14-CATAAGGT	7.705302	-24.679333	0	T:12.0(100.00%),B:0.0(0.00%),P:1e-10	Tpos:332.0,Tstd:123.1,Bpos:0.0,Bstd:0.0,StrandBias:0.7,Multiplicity:1.75
0.329	0.669	0.001	0.001
0.940	0.058	0.001	0.001
0.001	0.058	0.001	0.940
0.997	0.001	0.001	0.001
0.940	0.001	0.058	0.001
0.001	0.001	0.997	0.001
0.001	0.001	0.997	0.001
0.001	0.001	0.001	0.997
>TCTRTAAG	15-TCTRTAAG	8.951725	-24.679333	0	T:12.0(100.00%),B:0.0(0.00%),P:1e-10	Tpos:343.3,Tstd:241.6,Bpos:0.0,Bstd:0.0,StrandBias:-0.7,Multiplicity:1.58
0.001	0.001	0.001	0.997
0.394	0.604	0.001	0.001
0.001	0.001	0.001	0.997
0.408	0.081	0.510	0.001
0.001	0.001	0.254	0.744
0.997	0.001	0.001	0.001
0.997	0.001	0.001	0.001
0.001	0.001	0.997	0.001
>AGAGAAMC	16-AGAGAAMC	7.745805	-24.679333	0	T:12.0(100.00%),B:0.5(1.32%),P:1e-10	Tpos:172.5,Tstd:204.7,Bpos:389.0,Bstd:0.0,StrandBias:1.1,Multiplicity:1.45
0.826	0.001	0.001	0.172
0.001	0.001	0.644	0.354
0.997	0.001	0.001	0.001
0.001	0.001	0.997	0.001
0.826	0.001	0.172	0.001
0.826	0.001	0.172	0.001
0.471	0.527	0.001	0.001
0.001	0.997	0.001	0.001
>CTTCCARA	17-CTTCCARA	8.322863	-22.114383	0	T:12.0(100.00%),B:1.2(3.42%),P:1e-9	Tpos:268.0,Tstd:207.6,Bpos:95.6,Bstd:22.5,StrandBias:1.4,Multiplicity:1.83
0.001	0.745	0.059	0.195
0.029	0.128	0.001	0.842
0.029	0.001	0.029	0.941
0.093	0.877	0.001	0.029
0.059	0.852	0.030	0.059
0.515	0.158	0.297	0.030
0.332	0.059	0.481	0.128
0.997	0.001	0.001	0.001
>TSTGGATW	18-TSTGGATW	8.538535	-22.114383	0	T:12.0(100.00%),B:1.6(4.56%),P:1e-9	Tpos:91.7,Tstd:121.1,Bpos:499.7,Bstd:4.0,StrandBias:2.5,Multiplicity:1.08
0.001	0.001	0.038	0.960
0.039	0.384	0.489	0.088
0.294	0.001	0.001	0.704
0.039	0.001	0.694	0.266
0.001	0.001	0.997	0.001
0.843	0.001	0.078	0.078
0.039	0.001	0.039	0.921
0.559	0.001	0.001	0.439
>GCKGGCAT	19-GCKGGCAT	7.595608	-22.114383	0	T:12.0(100.00%),B:1.7(4.84%),P:1e-9	Tpos:448.5,Tstd:97.7,Bpos:310.2,Bstd:90.2,StrandBias:-0.5,Multiplicity:1.42
0.001	0.114	0.771	0.114
0.001	0.997	0.001	0.001
0.157	0.001	0.360	0.482
0.001	0.114	0.771	0.114
0.227	0.001	0.771	0.001
0.114	0.646	0.001	0.239
0.997	0.001	0.001	0.001
0.001	0.114	0.228	0.657
>GTGGGCCC	20-GTGGGCCC	7.476719	-21.095814	0	T:11.0(91.67%),B:0.0(0.00%),P:1e-9	Tpos:356.4,Tstd:56.3,Bpos:0.0,Bstd:0.0,StrandBias:0.3,Multiplicity:1.00
0.001	0.001	0.997	0.001
0.255	0.001	0.001	0.743
0.186	0.001	0.812	0.001
0.001	0.058	0.940	0.001
0.001	0.001	0.997	0.001
0.001	0.940	0.058	0.001
0.001	0.940	0.058	0.001
0.001	0.877	0.001	0.121
>AGGCAGGT	21-AGGCAGGT	10.605732	-21.095814	0	T:11.0(91.67%),B:0.3(0.78%),P:1e-9	Tpos:164.5,Tstd:82.1,Bpos:262.0,Bstd:0.0,StrandBias:3.3,Multiplicity:1.00
0.997	0.001	0.001	0.001
0.068	0.001	0.930	0.001
0.223	0.001	0.775	0.001
0.001	0.997	0.001	0.001
0.930	0.001	0.068	0.001
0.001	0.001	0.997	0.001
0.001	0.001	0.997	0.001
0.001	0.001	0.068	0.930
>GGGAAACT	22-GGGAAACT	8.536548	-18.178043	0	T:10.0(83.33%),B:0.9(2.41%),P:1e-7	Tpos:269.2,Tstd:23.0,Bpos:402.0,Bstd:0.0,StrandBias:10.0,Multiplicity:1.30
0.001	0.001	0.997	0.001
0.001	0.001	0.997	0.001
0.001	0.206	0.792	0.001
0.997	0.001	0.001	0.001
0.997	0.001	0.001	0.001
0.997	0.001	0.001	0.001
0.001	0.898	0.001	0.100
0.001	0.001	0.001	0.997
>WGGCTTTA	23-WGGCTTTA	8.228874	-18.178043	0	T:10.0(83.33%),B:0.0(0.00%),P:1e-7	Tpos:272.0,Tstd:7.2,Bpos:0.0,Bstd:0.0,StrandBias:3.2,Multiplicity:1.00
0.392	0.001	0.225	0.382
0.060	0.001	0.879	0.060
0.060	0.136	0.614	0.190
0.001	0.682	0.001	0.316
0.256	0.001	0.001	0.742
0.001	0.001	0.004	0.994
0.001	0.001	0.059	0.939
0.997	0.001	0.001	0.001
>GACATTAT	24-GACATTAT	8.236954	-16.791373	0	T:11.0(91.67%),B:2.2(6.02%),P:1e-7	Tpos:413.4,Tstd:100.6,Bpos:108.7,Bstd:67.7,StrandBias:3.7,Multiplicity:1.27
0.100	0.100	0.700	0.100
0.700	0.100	0.100	0.100
0.100	0.700	0.100	0.100
0.700	0.100	0.100	0.100
0.100	0.100	0.100	0.700
0.100	0.100	0.100	0.700
0.700	0.100	0.100	0.100
0.100	0.100	0.100	0.700
>AATATTTG	25-AATATTTG	10.792399	-11.780948	0	T:9.0(75.00%),B:2.8(7.92%),P:1e-5	Tpos:391.4,Tstd:136.5,Bpos:563.0,Bstd:0.0,StrandBias:0.7,Multiplicity:1.11
0.997	0.001	0.001	0.001
0.910	0.001	0.001	0.088
0.001	0.001	0.001	0.997
0.997	0.001	0.001	0.001
0.001	0.001	0.001	0.997
0.001	0.088	0.001	0.910
0.001	0.001	0.001	0.997
0.001	0.001	0.910	0.088
