>AGAAGATCTC	1-AGAAGATCTC,BestGuess:POL008.1_DCE_S_I/Jaspar(0.646)	12.529127	-24.679333	0	T:12.0(100.00%),B:0.0(0.00%),P:1e-10
0.743	0.255	0.001	0.001
0.001	0.001	0.997	0.001
0.997	0.001	0.001	0.001
0.997	0.001	0.001	0.001
0.001	0.001	0.997	0.001
0.997	0.001	0.001	0.001
0.380	0.001	0.001	0.618
0.001	0.997	0.001	0.001
0.001	0.001	0.001	0.997
0.001	0.953	0.045	0.001
>ATATTTGGTA	2-ATATTTGGTA,BestGuess:MF0008.1_MADS_class/Jaspar(0.694)	10.405505	-24.679333	0	T:12.0(100.00%),B:0.0(0.00%),P:1e-10
0.789	0.001	0.209	0.001
0.001	0.046	0.001	0.952
0.997	0.001	0.001	0.001
0.001	0.001	0.001	0.997
0.001	0.001	0.001	0.997
0.001	0.001	0.001	0.997
0.248	0.001	0.750	0.001
0.001	0.001	0.997	0.001
0.001	0.001	0.001	0.997
0.660	0.124	0.215	0.001
>TCCACACTTC	3-TCCACACTTC,BestGuess:ZNF354C/MA0130.1/Jaspar(0.681)	8.350283	-24.679333	0	T:12.0(100.00%),B:0.5(1.51%),P:1e-10
0.100	0.100	0.100	0.700
0.100	0.700	0.100	0.100
0.100	0.700	0.100	0.100
0.700	0.100	0.100	0.100
0.100	0.700	0.100	0.100
0.700	0.100	0.100	0.100
0.100	0.700	0.100	0.100
0.100	0.100	0.100	0.700
0.100	0.100	0.100	0.700
0.100	0.700	0.100	0.100
>AGACGAAGRT	4-AGACGAAGRT,BestGuess:PB0166.1_Sox12_2/Jaspar(0.668)	10.116844	-24.679333	0	T:12.0(100.00%),B:0.9(2.44%),P:1e-10
0.997	0.001	0.001	0.001
0.198	0.001	0.800	0.001
0.899	0.001	0.001	0.099
0.099	0.899	0.001	0.001
0.099	0.001	0.899	0.001
0.997	0.001	0.001	0.001
0.773	0.225	0.001	0.001
0.001	0.001	0.997	0.001
0.470	0.001	0.528	0.001
0.001	0.099	0.345	0.555
>CTTTATTCCT	6-CTTTATTCCT,BestGuess:Sox11/MA0869.3/Jaspar(0.704)	9.570927	-24.679333	0	T:12.0(100.00%),B:0.0(0.00%),P:1e-10
0.001	0.744	0.001	0.254
0.001	0.084	0.001	0.914
0.001	0.085	0.085	0.829
0.084	0.001	0.001	0.914
0.740	0.001	0.001	0.258
0.281	0.089	0.001	0.629
0.085	0.170	0.001	0.744
0.001	0.997	0.001	0.001
0.258	0.545	0.001	0.196
0.001	0.001	0.001	0.997
>CTCAATCGCC	7-CTCAATCGCC,BestGuess:PB0188.1_Tcf7l2_2/Jaspar(0.755)	10.416465	-24.679333	0	T:12.0(100.00%),B:0.0(0.00%),P:1e-10
0.001	0.632	0.001	0.366
0.001	0.001	0.001	0.997
0.001	0.997	0.001	0.001
0.972	0.026	0.001	0.001
0.997	0.001	0.001	0.001
0.001	0.001	0.001	0.997
0.001	0.997	0.001	0.001
0.027	0.001	0.579	0.393
0.001	0.632	0.001	0.366
0.001	0.632	0.366	0.001
>AGGGCCCCTA	8-AGGGCCCCTA,BestGuess:PLAGL2/MA1548.2/Jaspar(0.710)	9.333494	-24.679333	0	T:12.0(100.00%),B:0.0(0.00%),P:1e-10
0.929	0.001	0.069	0.001
0.324	0.035	0.571	0.070
0.185	0.001	0.526	0.288
0.001	0.184	0.544	0.271
0.079	0.700	0.070	0.151
0.001	0.997	0.001	0.001
0.070	0.815	0.035	0.080
0.151	0.735	0.079	0.035
0.001	0.185	0.150	0.664
0.824	0.036	0.035	0.105
>AAGGCTGGTA	9-AAGGCTGGTA,BestGuess:FEZF2/MA2341.1/Jaspar(0.752)	9.457602	-24.679333	0	T:12.0(100.00%),B:0.0(0.00%),P:1e-10
0.991	0.001	0.007	0.001
0.997	0.001	0.001	0.001
0.001	0.001	0.997	0.001
0.007	0.001	0.991	0.001
0.001	0.592	0.001	0.406
0.001	0.001	0.421	0.577
0.001	0.001	0.997	0.001
0.001	0.001	0.997	0.001
0.303	0.001	0.103	0.593
0.755	0.001	0.243	0.001
>TAGACCACCA	10-TAGACCACCA,BestGuess:PB0196.1_Zbtb7b_2/Jaspar(0.831)	8.350283	-24.679333	0	T:12.0(100.00%),B:0.0(0.00%),P:1e-10
0.100	0.100	0.100	0.700
0.700	0.100	0.100	0.100
0.100	0.100	0.700	0.100
0.700	0.100	0.100	0.100
0.100	0.700	0.100	0.100
0.100	0.700	0.100	0.100
0.700	0.100	0.100	0.100
0.100	0.700	0.100	0.100
0.100	0.700	0.100	0.100
0.700	0.100	0.100	0.100
>CGTCGCCTCG	11-CGTCGCCTCG,BestGuess:PB0010.1_Egr1_1/Jaspar(0.625)	8.939149	-24.679333	0	T:12.0(100.00%),B:0.0(0.00%),P:1e-10
0.001	0.787	0.211	0.001
0.300	0.065	0.634	0.001
0.001	0.422	0.001	0.576
0.001	0.997	0.001	0.001
0.001	0.211	0.787	0.001
0.001	0.997	0.001	0.001
0.001	0.576	0.422	0.001
0.001	0.001	0.300	0.698
0.001	0.997	0.001	0.001
0.211	0.001	0.787	0.001
>TATCCMTTGG	12-TATCCMTTGG,BestGuess:Ebf2/MA1604.2/Jaspar(0.745)	8.654736	-24.679333	0	T:12.0(100.00%),B:0.0(0.00%),P:1e-10
0.001	0.001	0.001	0.997
0.650	0.001	0.001	0.348
0.174	0.221	0.001	0.604
0.001	0.925	0.001	0.073
0.001	0.997	0.001	0.001
0.399	0.379	0.001	0.221
0.348	0.001	0.001	0.650
0.001	0.001	0.174	0.824
0.001	0.001	0.949	0.049
0.001	0.001	0.997	0.001
>WTCCMAATGTTA	4-WTCCMAATGTTA,BestGuess:ZBTB18/MA0698.2/Jaspar(0.631)	10.373501	-24.679333	0	T:12.0(100.00%),B:0.0(0.00%),P:1e-10
0.373	0.089	0.165	0.373
0.179	0.164	0.001	0.656
0.150	0.760	0.001	0.089
0.030	0.701	0.030	0.239
0.374	0.463	0.120	0.042
0.740	0.030	0.065	0.165
0.822	0.059	0.030	0.089
0.249	0.036	0.180	0.535
0.059	0.289	0.622	0.030
0.030	0.001	0.119	0.850
0.258	0.030	0.120	0.592
0.910	0.088	0.001	0.001
>TTTGGAAGAGAA	5-TTTGGAAGAGAA,BestGuess:ZNF189(Zf)/HEK293-ZNF189.GFP-ChIP-Seq(GSE58341)/Homer(0.701)	10.650111	-24.679333	0	T:12.0(100.00%),B:0.0(0.00%),P:1e-10
0.001	0.001	0.001	0.997
0.001	0.191	0.063	0.745
0.316	0.001	0.001	0.682
0.063	0.063	0.873	0.001
0.001	0.187	0.811	0.001
0.869	0.001	0.067	0.063
0.873	0.001	0.063	0.063
0.384	0.001	0.552	0.063
0.677	0.001	0.125	0.197
0.260	0.063	0.676	0.001
0.811	0.001	0.187	0.001
0.546	0.001	0.130	0.323
>CTTCCGRAGAGT	6-CTTCCGRAGAGT,BestGuess:ZBTB7A/MA0750.3/Jaspar(0.635)	9.532840	-24.679333	0	T:12.0(100.00%),B:0.0(0.00%),P:1e-10
0.112	0.850	0.001	0.037
0.037	0.002	0.001	0.960
0.001	0.161	0.117	0.721
0.037	0.617	0.118	0.228
0.155	0.606	0.236	0.003
0.225	0.001	0.700	0.074
0.348	0.037	0.426	0.188
0.997	0.001	0.001	0.001
0.281	0.001	0.717	0.001
0.530	0.001	0.112	0.357
0.043	0.262	0.694	0.001
0.112	0.117	0.001	0.770
>RGATTSSCAMTC	7-RGATTSSCAMTC,BestGuess:NF1-halfsite(CTF)/LNCaP-NF1-ChIP-Seq(Unpublished)/Homer(0.679)	9.649774	-24.679333	0	T:12.0(100.00%),B:0.0(0.00%),P:1e-10
0.290	0.177	0.395	0.137
0.002	0.077	0.784	0.137
0.454	0.235	0.038	0.273
0.096	0.235	0.219	0.451
0.038	0.002	0.041	0.919
0.038	0.449	0.359	0.154
0.136	0.373	0.431	0.060
0.097	0.707	0.158	0.038
0.882	0.077	0.001	0.040
0.295	0.412	0.216	0.077
0.238	0.210	0.019	0.533
0.097	0.599	0.057	0.247
>AATGCCTTTATC	9-AATGCCTTTATC,BestGuess:GATA4/MA0482.3/Jaspar(0.650)	12.503253	-24.679333	0	T:12.0(100.00%),B:0.0(0.00%),P:1e-10
0.632	0.001	0.366	0.001
0.997	0.001	0.001	0.001
0.001	0.001	0.001	0.997
0.389	0.001	0.609	0.001
0.001	0.997	0.001	0.001
0.001	0.997	0.001	0.001
0.001	0.219	0.001	0.779
0.001	0.195	0.001	0.803
0.001	0.001	0.001	0.997
0.997	0.001	0.001	0.001
0.001	0.001	0.001	0.997
0.001	0.997	0.001	0.001
>CGCCTSGCAGRM	11-CGCCTSGCAGRM,BestGuess:Smad2(MAD)/ES-SMAD2-ChIP-Seq(GSE29422)/Homer(0.619)	9.777569	-24.679333	0	T:12.0(100.00%),B:0.0(0.00%),P:1e-10
0.255	0.497	0.074	0.174
0.105	0.099	0.770	0.026
0.155	0.518	0.027	0.300
0.025	0.924	0.026	0.025
0.050	0.151	0.213	0.586
0.055	0.489	0.352	0.104
0.101	0.306	0.518	0.075
0.001	0.458	0.308	0.233
0.736	0.214	0.025	0.025
0.176	0.074	0.723	0.027
0.412	0.108	0.382	0.098
0.256	0.385	0.129	0.229
>TTAATAATGTCC	13-TTAATAATGTCC,BestGuess:SATB1/MA1963.2/Jaspar(0.666)	9.344321	-24.679333	0	T:12.0(100.00%),B:0.0(0.00%),P:1e-10
0.051	0.233	0.001	0.715
0.169	0.001	0.001	0.829
0.587	0.233	0.179	0.001
0.997	0.001	0.001	0.001
0.001	0.001	0.001	0.997
0.997	0.001	0.001	0.001
0.997	0.001	0.001	0.001
0.001	0.001	0.284	0.714
0.001	0.001	0.997	0.001
0.001	0.001	0.001	0.997
0.001	0.715	0.233	0.051
0.001	0.706	0.233	0.060
>AAACTCTACTAA	15-AAACTCTACTAA,BestGuess:PB0141.1_Isgf3g_2/Jaspar(0.675)	6.715158	-24.679333	0	T:12.0(100.00%),B:0.9(2.44%),P:1e-10
0.975	0.001	0.001	0.023
0.997	0.001	0.001	0.001
0.997	0.001	0.001	0.001
0.314	0.684	0.001	0.001
0.001	0.399	0.001	0.599
0.019	0.598	0.019	0.364
0.338	0.001	0.001	0.660
0.664	0.001	0.334	0.001
0.001	0.601	0.311	0.087
0.001	0.353	0.001	0.645
0.997	0.001	0.001	0.001
0.599	0.001	0.001	0.399
>TATTYATWTACW	17-TATTYATWTACW,BestGuess:FOXB1/MA0845.1/Jaspar(0.743)	8.105087	-24.679333	0	T:12.0(100.00%),B:0.3(0.78%),P:1e-10
0.007	0.092	0.001	0.900
0.642	0.168	0.001	0.189
0.007	0.336	0.001	0.656
0.169	0.001	0.084	0.746
0.084	0.482	0.001	0.433
0.816	0.085	0.001	0.098
0.008	0.356	0.084	0.552
0.433	0.190	0.001	0.375
0.098	0.001	0.007	0.894
0.900	0.084	0.009	0.007
0.001	0.740	0.084	0.175
0.362	0.168	0.008	0.462
>CAAAWTGTKGAC	18-CAAAWTGTKGAC,BestGuess:MAFF/MA0495.4/Jaspar(0.660)	6.733325	-24.679333	0	T:12.0(100.00%),B:0.5(1.47%),P:1e-10
0.211	0.577	0.211	0.001
0.997	0.001	0.001	0.001
0.787	0.001	0.001	0.211
0.722	0.001	0.001	0.276
0.435	0.001	0.001	0.563
0.001	0.001	0.001	0.997
0.001	0.001	0.787	0.211
0.001	0.001	0.001	0.997
0.001	0.001	0.487	0.511
0.211	0.224	0.564	0.001
0.512	0.001	0.276	0.211
0.001	0.986	0.012	0.001
>ATCTCCAK	2-ATCTCCAK,BestGuess:MZF1/MA0056.3/Jaspar(0.719)	8.024816	-24.679333	0	T:12.0(100.00%),B:0.8(2.36%),P:1e-10
0.964	0.001	0.018	0.017
0.154	0.001	0.001	0.844
0.065	0.757	0.001	0.177
0.001	0.001	0.154	0.844
0.001	0.997	0.001	0.001
0.197	0.801	0.001	0.001
0.892	0.017	0.001	0.090
0.001	0.001	0.486	0.512
>TACTGTTG	11-TACTGTTG,BestGuess:ZIM3/MA1709.2/Jaspar(0.714)	10.792399	-24.679333	0	T:12.0(100.00%),B:0.0(0.00%),P:1e-10
0.001	0.001	0.001	0.997
0.997	0.001	0.001	0.001
0.001	0.910	0.001	0.088
0.001	0.001	0.001	0.997
0.001	0.001	0.910	0.088
0.001	0.001	0.001	0.997
0.088	0.001	0.001	0.910
0.001	0.001	0.997	0.001
>GTTAGTAT	13-GTTAGTAT,BestGuess:ZNF35/MA2333.1/Jaspar(0.650)	10.736643	-24.679333	0	T:12.0(100.00%),B:0.5(1.42%),P:1e-10
0.001	0.001	0.997	0.001
0.001	0.001	0.001	0.997
0.001	0.001	0.001	0.997
0.997	0.001	0.001	0.001
0.001	0.001	0.997	0.001
0.001	0.001	0.281	0.717
0.997	0.001	0.001	0.001
0.001	0.001	0.001	0.997
>TCTRTAAG	15-TCTRTAAG,BestGuess:TATA-Box(TBP)/Promoter/Homer(0.714)	8.951725	-24.679333	0	T:12.0(100.00%),B:0.0(0.00%),P:1e-10
0.001	0.001	0.001	0.997
0.394	0.604	0.001	0.001
0.001	0.001	0.001	0.997
0.408	0.081	0.510	0.001
0.001	0.001	0.254	0.744
0.997	0.001	0.001	0.001
0.997	0.001	0.001	0.001
0.001	0.001	0.997	0.001
>AGAGAAMC	16-AGAGAAMC,BestGuess:ZNF766/MA2098.1/Jaspar(0.650)	7.745805	-24.679333	0	T:12.0(100.00%),B:0.5(1.32%),P:1e-10
0.826	0.001	0.001	0.172
0.001	0.001	0.644	0.354
0.997	0.001	0.001	0.001
0.001	0.001	0.997	0.001
0.826	0.001	0.172	0.001
0.826	0.001	0.172	0.001
0.471	0.527	0.001	0.001
0.001	0.997	0.001	0.001
>GCKGGCAT	19-GCKGGCAT,BestGuess:HIC1(Zf)/Treg-ZBTB29-ChIP-Seq(GSE99889)/Homer(0.833)	7.595608	-22.114383	0	T:12.0(100.00%),B:1.7(4.84%),P:1e-9
0.001	0.114	0.771	0.114
0.001	0.997	0.001	0.001
0.157	0.001	0.360	0.482
0.001	0.114	0.771	0.114
0.227	0.001	0.771	0.001
0.114	0.646	0.001	0.239
0.997	0.001	0.001	0.001
0.001	0.114	0.228	0.657
>CTTTACGGGG	18-CTTTACGGGG,BestGuess:HOXB13(Homeobox)/ProstateTumor-HOXB13-ChIP-Seq(GSE56288)/Homer(0.695)	5.110992	-21.095814	0	T:11.0(91.67%),B:0.0(0.00%),P:1e-9
0.001	0.836	0.001	0.162
0.001	0.001	0.001	0.997
0.001	0.001	0.001	0.997
0.001	0.001	0.001	0.997
0.997	0.001	0.001	0.001
0.001	0.997	0.001	0.001
0.162	0.162	0.675	0.001
0.001	0.001	0.997	0.001
0.001	0.001	0.997	0.001
0.001	0.001	0.997	0.001
>AATKGYAAWCTT	20-AATKGYAAWCTT,BestGuess:Nfatc2/MA0152.3/Jaspar(0.641)	9.071083	-21.095814	0	T:11.0(91.67%),B:0.5(1.46%),P:1e-9
0.997	0.001	0.001	0.001
0.771	0.174	0.054	0.001
0.001	0.001	0.174	0.824
0.001	0.001	0.444	0.554
0.001	0.001	0.623	0.375
0.174	0.450	0.001	0.375
0.997	0.001	0.001	0.001
0.824	0.001	0.174	0.001
0.444	0.001	0.001	0.554
0.001	0.793	0.001	0.205
0.210	0.001	0.001	0.788
0.001	0.412	0.001	0.586
>GTGGGCCC	20-GTGGGCCC,BestGuess:ZNF692/MA1986.2/Jaspar(0.925)	7.476719	-21.095814	0	T:11.0(91.67%),B:0.0(0.00%),P:1e-9
0.001	0.001	0.997	0.001
0.255	0.001	0.001	0.743
0.186	0.001	0.812	0.001
0.001	0.058	0.940	0.001
0.001	0.001	0.997	0.001
0.001	0.940	0.058	0.001
0.001	0.940	0.058	0.001
0.001	0.877	0.001	0.121
>GCAGGAGGAC	20-GCAGGAGGAC,BestGuess:Znf263(Zf)/K562-Znf263-ChIP-Seq(GSE31477)/Homer(0.618)	7.392907	-20.168473	0	T:12.0(100.00%),B:2.2(6.19%),P:1e-8
0.054	0.001	0.944	0.001
0.001	0.627	0.371	0.001
0.632	0.001	0.001	0.366
0.001	0.001	0.623	0.375
0.023	0.366	0.610	0.001
0.997	0.001	0.001	0.001
0.366	0.001	0.632	0.001
0.023	0.001	0.605	0.371
0.605	0.001	0.371	0.023
0.001	0.826	0.172	0.001
>GGGAAACT	22-GGGAAACT,BestGuess:NFATC4/MA1525.3/Jaspar(0.725)	8.536548	-18.178043	0	T:10.0(83.33%),B:0.9(2.41%),P:1e-7
0.001	0.001	0.997	0.001
0.001	0.001	0.997	0.001
0.001	0.206	0.792	0.001
0.997	0.001	0.001	0.001
0.997	0.001	0.001	0.001
0.997	0.001	0.001	0.001
0.001	0.898	0.001	0.100
0.001	0.001	0.001	0.997
>CTAACAKTCA	23-CTAACAKTCA,BestGuess:PB0172.1_Sox1_2/Jaspar(0.676)	7.766672	-15.278124	0	T:11.0(91.67%),B:3.2(8.89%),P:1e-6
0.001	0.851	0.001	0.147
0.098	0.001	0.098	0.803
0.595	0.197	0.060	0.148
0.726	0.001	0.272	0.001
0.059	0.773	0.050	0.118
0.900	0.098	0.001	0.001
0.049	0.049	0.471	0.430
0.010	0.099	0.323	0.568
0.207	0.494	0.053	0.247
0.901	0.049	0.001	0.049
>AAAYTAGTTA	24-AAAYTAGTTA,BestGuess:PH0040.1_Hmbox1/Jaspar(0.856)	5.082850	-13.984324	0	T:11.0(91.67%),B:4.1(11.54%),P:1e-6
0.752	0.237	0.001	0.010
0.997	0.001	0.001	0.001
0.732	0.001	0.020	0.247
0.001	0.464	0.071	0.464
0.001	0.020	0.001	0.978
0.623	0.001	0.375	0.001
0.001	0.001	0.997	0.001
0.001	0.001	0.001	0.997
0.001	0.001	0.001	0.997
0.997	0.001	0.001	0.001
