>TTCATCTTTG	1-TTCATCTTTG	8.350283	-26.954281	0	T:11.0(100.00%),B:0.4(0.75%),P:1e-11	Tpos:300.6,Tstd:120.4,Bpos:10.0,Bstd:0.0,StrandBias:10.0,Multiplicity:2.36
0.100	0.100	0.100	0.700
0.100	0.100	0.100	0.700
0.100	0.700	0.100	0.100
0.700	0.100	0.100	0.100
0.100	0.100	0.100	0.700
0.100	0.700	0.100	0.100
0.100	0.100	0.100	0.700
0.100	0.100	0.100	0.700
0.100	0.100	0.100	0.700
0.100	0.100	0.700	0.100
>TMATTTACAT	2-TMATTTACAT	7.410416	-26.954281	0	T:11.0(100.00%),B:0.5(1.00%),P:1e-11	Tpos:234.9,Tstd:153.6,Bpos:368.0,Bstd:0.0,StrandBias:0.1,Multiplicity:2.09
0.001	0.399	0.001	0.599
0.399	0.399	0.001	0.200
0.821	0.001	0.177	0.001
0.001	0.001	0.001	0.997
0.001	0.399	0.001	0.599
0.001	0.001	0.001	0.997
0.872	0.001	0.126	0.001
0.001	0.997	0.001	0.001
0.997	0.001	0.001	0.001
0.001	0.001	0.001	0.997
>CTTAGGACAT	3-CTTAGGACAT	8.004448	-26.954281	0	T:11.0(100.00%),B:0.0(0.00%),P:1e-11	Tpos:337.5,Tstd:19.4,Bpos:0.0,Bstd:0.0,StrandBias:3.1,Multiplicity:1.73
0.001	0.997	0.001	0.001
0.275	0.001	0.001	0.723
0.001	0.001	0.001	0.997
0.840	0.001	0.158	0.001
0.001	0.001	0.997	0.001
0.001	0.001	0.594	0.404
0.997	0.001	0.001	0.001
0.001	0.997	0.001	0.001
0.935	0.001	0.001	0.063
0.001	0.001	0.001	0.997
>AACCCCGCGG	4-AACCCCGCGG	8.350283	-26.954281	0	T:11.0(100.00%),B:0.0(0.00%),P:1e-11	Tpos:65.5,Tstd:1.2,Bpos:0.0,Bstd:0.0,StrandBias:10.0,Multiplicity:1.00
0.700	0.100	0.100	0.100
0.700	0.100	0.100	0.100
0.100	0.700	0.100	0.100
0.100	0.700	0.100	0.100
0.100	0.700	0.100	0.100
0.100	0.700	0.100	0.100
0.100	0.100	0.700	0.100
0.100	0.700	0.100	0.100
0.100	0.100	0.700	0.100
0.100	0.100	0.700	0.100
>GGVCYGTVTG	5-GGVCYGTVTG	6.807815	-26.954281	0	T:11.0(100.00%),B:0.9(1.77%),P:1e-11	Tpos:304.7,Tstd:94.8,Bpos:86.8,Bstd:55.1,StrandBias:10.0,Multiplicity:1.73
0.177	0.072	0.734	0.017
0.139	0.083	0.777	0.001
0.299	0.285	0.296	0.120
0.069	0.682	0.001	0.248
0.086	0.493	0.053	0.369
0.122	0.076	0.751	0.051
0.033	0.156	0.194	0.617
0.238	0.369	0.376	0.017
0.180	0.054	0.243	0.523
0.034	0.158	0.758	0.050
>TTCMAASCCC	6-TTCMAASCCC	10.036368	-26.954281	0	T:11.0(100.00%),B:0.0(0.00%),P:1e-11	Tpos:446.8,Tstd:63.6,Bpos:0.0,Bstd:0.0,StrandBias:10.0,Multiplicity:1.09
0.001	0.001	0.129	0.869
0.001	0.001	0.001	0.997
0.001	0.575	0.001	0.423
0.355	0.433	0.041	0.171
0.916	0.001	0.041	0.042
0.534	0.126	0.339	0.001
0.130	0.446	0.424	0.001
0.001	0.997	0.001	0.001
0.001	0.958	0.040	0.001
0.001	0.693	0.001	0.305
>CGAACCGCAC	7-CGAACCGCAC	9.012013	-26.954281	0	T:11.0(100.00%),B:0.0(0.00%),P:1e-11	Tpos:420.2,Tstd:115.5,Bpos:0.0,Bstd:0.0,StrandBias:3.5,Multiplicity:1.09
0.001	0.997	0.001	0.001
0.001	0.315	0.683	0.001
0.767	0.001	0.001	0.231
0.997	0.001	0.001	0.001
0.001	0.949	0.025	0.025
0.001	0.997	0.001	0.001
0.001	0.315	0.683	0.001
0.001	0.633	0.001	0.365
0.997	0.001	0.001	0.001
0.001	0.997	0.001	0.001
>STYGACTKSC	8-STYGACTKSC	8.527786	-26.954281	0	T:11.0(100.00%),B:0.0(0.00%),P:1e-11	Tpos:366.6,Tstd:126.9,Bpos:0.0,Bstd:0.0,StrandBias:1.4,Multiplicity:2.00
0.001	0.530	0.468	0.001
0.001	0.001	0.001	0.997
0.001	0.468	0.001	0.530
0.001	0.001	0.997	0.001
0.997	0.001	0.001	0.001
0.001	0.936	0.062	0.001
0.001	0.001	0.001	0.997
0.001	0.001	0.530	0.468
0.001	0.468	0.530	0.001
0.001	0.997	0.001	0.001
>GGATCCTGCG	9-GGATCCTGCG	8.350283	-26.954281	0	T:11.0(100.00%),B:0.0(0.00%),P:1e-11	Tpos:21.5,Tstd:1.2,Bpos:0.0,Bstd:0.0,StrandBias:10.0,Multiplicity:1.00
0.100	0.100	0.700	0.100
0.100	0.100	0.700	0.100
0.700	0.100	0.100	0.100
0.100	0.100	0.100	0.700
0.100	0.700	0.100	0.100
0.100	0.700	0.100	0.100
0.100	0.100	0.100	0.700
0.100	0.100	0.700	0.100
0.100	0.700	0.100	0.100
0.100	0.100	0.700	0.100
>CAHAAAKAKC	10-CAHAAAKAKC	9.490144	-26.954281	0	T:11.0(100.00%),B:0.0(0.00%),P:1e-11	Tpos:395.5,Tstd:0.7,Bpos:0.0,Bstd:0.0,StrandBias:10.0,Multiplicity:1.00
0.083	0.833	0.083	0.001
0.641	0.001	0.357	0.001
0.261	0.357	0.001	0.380
0.833	0.001	0.165	0.001
0.916	0.082	0.001	0.001
0.997	0.001	0.001	0.001
0.001	0.083	0.441	0.476
0.833	0.001	0.083	0.083
0.001	0.001	0.571	0.427
0.001	0.637	0.001	0.361
>CGAAATTGGA	11-CGAAATTGGA	4.458797	-26.954281	0	T:11.0(100.00%),B:1.0(1.89%),P:1e-11	Tpos:346.9,Tstd:58.6,Bpos:245.1,Bstd:83.5,StrandBias:1.5,Multiplicity:1.36
0.204	0.780	0.015	0.001
0.216	0.001	0.782	0.001
0.983	0.015	0.001	0.001
0.802	0.001	0.001	0.196
0.997	0.001	0.001	0.001
0.001	0.015	0.001	0.983
0.185	0.001	0.001	0.813
0.001	0.001	0.997	0.001
0.001	0.001	0.997	0.001
0.813	0.001	0.001	0.185
>AAATCAGTTC	12-AAATCAGTTC	6.521861	-24.469375	0	T:11.0(100.00%),B:1.3(2.61%),P:1e-10	Tpos:430.9,Tstd:55.6,Bpos:236.0,Bstd:69.9,StrandBias:-0.1,Multiplicity:2.09
0.633	0.365	0.001	0.001
0.997	0.001	0.001	0.001
0.997	0.001	0.001	0.001
0.001	0.350	0.015	0.634
0.001	0.997	0.001	0.001
0.637	0.001	0.001	0.361
0.001	0.001	0.997	0.001
0.001	0.001	0.001	0.997
0.027	0.001	0.334	0.638
0.001	0.997	0.001	0.001
>GYKATGTGVC	13-GYKATGTGVC	8.566906	-24.469375	0	T:11.0(100.00%),B:1.9(3.79%),P:1e-10	Tpos:120.8,Tstd:102.4,Bpos:112.0,Bstd:0.0,StrandBias:0.0,Multiplicity:2.00
0.075	0.001	0.613	0.311
0.001	0.570	0.001	0.428
0.236	0.001	0.311	0.451
0.997	0.001	0.001	0.001
0.001	0.407	0.001	0.591
0.001	0.001	0.997	0.001
0.001	0.311	0.001	0.687
0.033	0.001	0.965	0.001
0.355	0.333	0.237	0.075
0.001	0.971	0.001	0.027
>CWYYCTTCCT	14-CWYYCTTCCT	11.162316	-23.003038	0	T:10.0(90.91%),B:0.0(0.00%),P:1e-9	Tpos:148.6,Tstd:18.4,Bpos:0.0,Bstd:0.0,StrandBias:10.0,Multiplicity:1.00
0.348	0.645	0.006	0.001
0.476	0.001	0.001	0.522
0.001	0.522	0.001	0.476
0.001	0.540	0.001	0.458
0.001	0.997	0.001	0.001
0.110	0.001	0.001	0.888
0.001	0.028	0.001	0.970
0.001	0.997	0.001	0.001
0.001	0.997	0.001	0.001
0.001	0.001	0.001	0.997
>GTTMTGTAWC	15-GTTMTGTAWC	9.209060	-23.003038	0	T:10.0(90.91%),B:0.2(0.46%),P:1e-9	Tpos:374.7,Tstd:43.7,Bpos:330.0,Bstd:0.0,StrandBias:10.0,Multiplicity:1.00
0.001	0.279	0.719	0.001
0.001	0.279	0.001	0.719
0.001	0.001	0.001	0.997
0.440	0.558	0.001	0.001
0.001	0.001	0.001	0.997
0.062	0.001	0.875	0.062
0.001	0.279	0.279	0.440
0.874	0.001	0.124	0.001
0.440	0.001	0.001	0.558
0.279	0.714	0.001	0.006
>TCASTTTYTY	16-TCASTTTYTY	8.378118	-20.622779	0	T:10.0(90.91%),B:1.4(2.70%),P:1e-8	Tpos:253.4,Tstd:145.2,Bpos:284.0,Bstd:87.8,StrandBias:1.7,Multiplicity:1.70
0.001	0.166	0.083	0.750
0.001	0.997	0.001	0.001
0.648	0.083	0.001	0.268
0.166	0.344	0.488	0.001
0.082	0.001	0.001	0.916
0.357	0.001	0.001	0.641
0.001	0.365	0.001	0.633
0.001	0.558	0.001	0.440
0.096	0.001	0.001	0.902
0.001	0.558	0.001	0.440
>CTCSGCTGCM	17-CTCSGCTGCM	7.849042	-20.622779	0	T:10.0(90.91%),B:1.3(2.56%),P:1e-8	Tpos:162.1,Tstd:61.4,Bpos:193.4,Bstd:65.5,StrandBias:2.2,Multiplicity:1.70
0.001	0.947	0.051	0.001
0.001	0.052	0.215	0.732
0.269	0.567	0.163	0.001
0.106	0.275	0.403	0.215
0.001	0.013	0.878	0.108
0.052	0.684	0.158	0.106
0.163	0.223	0.001	0.613
0.001	0.001	0.893	0.105
0.001	0.947	0.001	0.051
0.403	0.493	0.052	0.052
>GTTAATGTGT	18-GTTAATGTGT	6.712048	-19.725893	0	T:9.0(81.82%),B:0.4(0.69%),P:1e-8	Tpos:353.0,Tstd:35.6,Bpos:119.0,Bstd:0.0,StrandBias:1.3,Multiplicity:1.56
0.001	0.001	0.997	0.001
0.001	0.001	0.001	0.997
0.001	0.001	0.001	0.997
0.881	0.028	0.090	0.001
0.997	0.001	0.001	0.001
0.001	0.001	0.001	0.997
0.001	0.001	0.997	0.001
0.001	0.001	0.001	0.997
0.001	0.001	0.997	0.001
0.001	0.001	0.089	0.909
>AAGTGTACAC	19-AAGTGTACAC	7.733831	-14.688940	0	T:8.0(72.73%),B:1.5(2.95%),P:1e-6	Tpos:93.1,Tstd:79.6,Bpos:269.0,Bstd:40.7,StrandBias:0.7,Multiplicity:1.25
0.764	0.234	0.001	0.001
0.469	0.301	0.229	0.001
0.001	0.114	0.884	0.001
0.001	0.234	0.295	0.469
0.001	0.001	0.997	0.001
0.001	0.001	0.114	0.884
0.742	0.114	0.143	0.001
0.001	0.997	0.001	0.001
0.469	0.234	0.295	0.001
0.018	0.980	0.001	0.001
>GCAGACTCCC	20-GCAGACTCCC	8.350283	-11.798568	0	T:6.0(54.55%),B:0.3(0.60%),P:1e-5	Tpos:155.1,Tstd:58.8,Bpos:301.0,Bstd:0.0,StrandBias:10.0,Multiplicity:2.50
0.100	0.100	0.700	0.100
0.100	0.700	0.100	0.100
0.700	0.100	0.100	0.100
0.100	0.100	0.700	0.100
0.700	0.100	0.100	0.100
0.100	0.700	0.100	0.100
0.100	0.100	0.100	0.700
0.100	0.700	0.100	0.100
0.100	0.700	0.100	0.100
0.100	0.700	0.100	0.100
>CGGCCCGGGG	21-CGGCCCGGGG	9.486710	-11.798568	0	T:6.0(54.55%),B:0.0(0.00%),P:1e-5	Tpos:136.7,Tstd:0.9,Bpos:0.0,Bstd:0.0,StrandBias:1.0,Multiplicity:1.00
0.001	0.951	0.047	0.001
0.055	0.001	0.943	0.001
0.154	0.001	0.844	0.001
0.001	0.997	0.001	0.001
0.001	0.997	0.001	0.001
0.001	0.997	0.001	0.001
0.001	0.049	0.852	0.098
0.001	0.001	0.997	0.001
0.001	0.055	0.943	0.001
0.001	0.001	0.997	0.001
>AACCGCTGTT	22-AACCGCTGTT	12.349661	-11.798568	0	T:6.0(54.55%),B:0.0(0.00%),P:1e-5	Tpos:445.0,Tstd:0.0,Bpos:0.0,Bstd:0.0,StrandBias:10.0,Multiplicity:1.00
0.732	0.188	0.079	0.001
0.997	0.001	0.001	0.001
0.001	0.731	0.001	0.267
0.169	0.829	0.001	0.001
0.001	0.001	0.997	0.001
0.001	0.997	0.001	0.001
0.169	0.001	0.001	0.829
0.001	0.267	0.731	0.001
0.001	0.001	0.001	0.997
0.001	0.001	0.169	0.829
>ACVACKRRAT	23-ACVACKRRAT	8.434092	-11.798568	0	T:6.0(54.55%),B:0.0(0.00%),P:1e-5	Tpos:232.0,Tstd:0.0,Bpos:0.0,Bstd:0.0,StrandBias:10.0,Multiplicity:1.00
0.572	0.075	0.352	0.001
0.001	0.817	0.181	0.001
0.325	0.274	0.325	0.076
0.920	0.001	0.075	0.004
0.075	0.897	0.027	0.001
0.001	0.001	0.443	0.555
0.440	0.075	0.484	0.001
0.444	0.230	0.325	0.001
0.674	0.001	0.324	0.001
0.001	0.079	0.325	0.595
>MWKWGCGMTC	24-MWKWGCGMTC	10.238235	-9.547277	0	T:5.0(45.45%),B:0.0(0.00%),P:1e-4	Tpos:152.0,Tstd:4.0,Bpos:0.0,Bstd:0.0,StrandBias:0.0,Multiplicity:2.00
0.468	0.530	0.001	0.001
0.468	0.001	0.063	0.468
0.001	0.001	0.530	0.468
0.530	0.001	0.001	0.468
0.001	0.013	0.937	0.049
0.001	0.997	0.001	0.001
0.001	0.001	0.997	0.001
0.468	0.530	0.001	0.001
0.001	0.001	0.001	0.997
0.001	0.997	0.001	0.001
>GTGAACTKTA	25-GTGAACTKTA	10.602368	-7.432744	0	T:4.0(36.36%),B:0.0(0.00%),P:1e-3	Tpos:255.0,Tstd:0.0,Bpos:0.0,Bstd:0.0,StrandBias:10.0,Multiplicity:1.00
0.236	0.306	0.456	0.001
0.001	0.149	0.001	0.849
0.001	0.001	0.849	0.149
0.997	0.001	0.001	0.001
0.849	0.149	0.001	0.001
0.001	0.997	0.001	0.001
0.001	0.001	0.001	0.997
0.001	0.181	0.361	0.456
0.007	0.001	0.001	0.991
0.457	0.307	0.182	0.055
