>TTCATCTTTG	1-TTCATCTTTG	8.350283	-26.954281	0	T:11.0(100.00%),B:0.4(0.75%),P:1e-11	Tpos:300.6,Tstd:120.4,Bpos:10.0,Bstd:0.0,StrandBias:10.0,Multiplicity:2.36
0.100	0.100	0.100	0.700
0.100	0.100	0.100	0.700
0.100	0.700	0.100	0.100
0.700	0.100	0.100	0.100
0.100	0.100	0.100	0.700
0.100	0.700	0.100	0.100
0.100	0.100	0.100	0.700
0.100	0.100	0.100	0.700
0.100	0.100	0.100	0.700
0.100	0.100	0.700	0.100
>TMATTTACAT	2-TMATTTACAT	7.410416	-26.954281	0	T:11.0(100.00%),B:0.5(1.00%),P:1e-11	Tpos:234.9,Tstd:153.6,Bpos:368.0,Bstd:0.0,StrandBias:0.1,Multiplicity:2.09
0.001	0.399	0.001	0.599
0.399	0.399	0.001	0.200
0.821	0.001	0.177	0.001
0.001	0.001	0.001	0.997
0.001	0.399	0.001	0.599
0.001	0.001	0.001	0.997
0.872	0.001	0.126	0.001
0.001	0.997	0.001	0.001
0.997	0.001	0.001	0.001
0.001	0.001	0.001	0.997
>CTTAGGACAT	3-CTTAGGACAT	8.004448	-26.954281	0	T:11.0(100.00%),B:0.0(0.00%),P:1e-11	Tpos:337.5,Tstd:19.4,Bpos:0.0,Bstd:0.0,StrandBias:3.1,Multiplicity:1.73
0.001	0.997	0.001	0.001
0.275	0.001	0.001	0.723
0.001	0.001	0.001	0.997
0.840	0.001	0.158	0.001
0.001	0.001	0.997	0.001
0.001	0.001	0.594	0.404
0.997	0.001	0.001	0.001
0.001	0.997	0.001	0.001
0.935	0.001	0.001	0.063
0.001	0.001	0.001	0.997
>AACCCCGCGG	4-AACCCCGCGG	8.350283	-26.954281	0	T:11.0(100.00%),B:0.0(0.00%),P:1e-11	Tpos:65.5,Tstd:1.2,Bpos:0.0,Bstd:0.0,StrandBias:10.0,Multiplicity:1.00
0.700	0.100	0.100	0.100
0.700	0.100	0.100	0.100
0.100	0.700	0.100	0.100
0.100	0.700	0.100	0.100
0.100	0.700	0.100	0.100
0.100	0.700	0.100	0.100
0.100	0.100	0.700	0.100
0.100	0.700	0.100	0.100
0.100	0.100	0.700	0.100
0.100	0.100	0.700	0.100
>GGVCYGTVTG	5-GGVCYGTVTG	6.807815	-26.954281	0	T:11.0(100.00%),B:0.9(1.77%),P:1e-11	Tpos:304.7,Tstd:94.8,Bpos:86.8,Bstd:55.1,StrandBias:10.0,Multiplicity:1.73
0.177	0.072	0.734	0.017
0.139	0.083	0.777	0.001
0.299	0.285	0.296	0.120
0.069	0.682	0.001	0.248
0.086	0.493	0.053	0.369
0.122	0.076	0.751	0.051
0.033	0.156	0.194	0.617
0.238	0.369	0.376	0.017
0.180	0.054	0.243	0.523
0.034	0.158	0.758	0.050
>TTCMAASCCC	6-TTCMAASCCC	10.036368	-26.954281	0	T:11.0(100.00%),B:0.0(0.00%),P:1e-11	Tpos:446.8,Tstd:63.6,Bpos:0.0,Bstd:0.0,StrandBias:10.0,Multiplicity:1.09
0.001	0.001	0.129	0.869
0.001	0.001	0.001	0.997
0.001	0.575	0.001	0.423
0.355	0.433	0.041	0.171
0.916	0.001	0.041	0.042
0.534	0.126	0.339	0.001
0.130	0.446	0.424	0.001
0.001	0.997	0.001	0.001
0.001	0.958	0.040	0.001
0.001	0.693	0.001	0.305
>CGAACCGCAC	7-CGAACCGCAC	9.012013	-26.954281	0	T:11.0(100.00%),B:0.0(0.00%),P:1e-11	Tpos:420.2,Tstd:115.5,Bpos:0.0,Bstd:0.0,StrandBias:3.5,Multiplicity:1.09
0.001	0.997	0.001	0.001
0.001	0.315	0.683	0.001
0.767	0.001	0.001	0.231
0.997	0.001	0.001	0.001
0.001	0.949	0.025	0.025
0.001	0.997	0.001	0.001
0.001	0.315	0.683	0.001
0.001	0.633	0.001	0.365
0.997	0.001	0.001	0.001
0.001	0.997	0.001	0.001
>STYGACTKSC	8-STYGACTKSC	8.527786	-26.954281	0	T:11.0(100.00%),B:0.0(0.00%),P:1e-11	Tpos:366.6,Tstd:126.9,Bpos:0.0,Bstd:0.0,StrandBias:1.4,Multiplicity:2.00
0.001	0.530	0.468	0.001
0.001	0.001	0.001	0.997
0.001	0.468	0.001	0.530
0.001	0.001	0.997	0.001
0.997	0.001	0.001	0.001
0.001	0.936	0.062	0.001
0.001	0.001	0.001	0.997
0.001	0.001	0.530	0.468
0.001	0.468	0.530	0.001
0.001	0.997	0.001	0.001
>GGATCCTGCG	9-GGATCCTGCG	8.350283	-26.954281	0	T:11.0(100.00%),B:0.0(0.00%),P:1e-11	Tpos:21.5,Tstd:1.2,Bpos:0.0,Bstd:0.0,StrandBias:10.0,Multiplicity:1.00
0.100	0.100	0.700	0.100
0.100	0.100	0.700	0.100
0.700	0.100	0.100	0.100
0.100	0.100	0.100	0.700
0.100	0.700	0.100	0.100
0.100	0.700	0.100	0.100
0.100	0.100	0.100	0.700
0.100	0.100	0.700	0.100
0.100	0.700	0.100	0.100
0.100	0.100	0.700	0.100
>CAHAAAKAKC	10-CAHAAAKAKC	9.490144	-26.954281	0	T:11.0(100.00%),B:0.0(0.00%),P:1e-11	Tpos:395.5,Tstd:0.7,Bpos:0.0,Bstd:0.0,StrandBias:10.0,Multiplicity:1.00
0.083	0.833	0.083	0.001
0.641	0.001	0.357	0.001
0.261	0.357	0.001	0.380
0.833	0.001	0.165	0.001
0.916	0.082	0.001	0.001
0.997	0.001	0.001	0.001
0.001	0.083	0.441	0.476
0.833	0.001	0.083	0.083
0.001	0.001	0.571	0.427
0.001	0.637	0.001	0.361
>CGAAATTGGA	11-CGAAATTGGA	4.458797	-26.954281	0	T:11.0(100.00%),B:1.0(1.89%),P:1e-11	Tpos:346.9,Tstd:58.6,Bpos:245.1,Bstd:83.5,StrandBias:1.5,Multiplicity:1.36
0.204	0.780	0.015	0.001
0.216	0.001	0.782	0.001
0.983	0.015	0.001	0.001
0.802	0.001	0.001	0.196
0.997	0.001	0.001	0.001
0.001	0.015	0.001	0.983
0.185	0.001	0.001	0.813
0.001	0.001	0.997	0.001
0.001	0.001	0.997	0.001
0.813	0.001	0.001	0.185
>AAATCAGTTC	12-AAATCAGTTC	6.521861	-24.469375	0	T:11.0(100.00%),B:1.3(2.61%),P:1e-10	Tpos:430.9,Tstd:55.6,Bpos:236.0,Bstd:69.9,StrandBias:-0.1,Multiplicity:2.09
0.633	0.365	0.001	0.001
0.997	0.001	0.001	0.001
0.997	0.001	0.001	0.001
0.001	0.350	0.015	0.634
0.001	0.997	0.001	0.001
0.637	0.001	0.001	0.361
0.001	0.001	0.997	0.001
0.001	0.001	0.001	0.997
0.027	0.001	0.334	0.638
0.001	0.997	0.001	0.001
>GYKATGTGVC	13-GYKATGTGVC	8.566906	-24.469375	0	T:11.0(100.00%),B:1.9(3.79%),P:1e-10	Tpos:120.8,Tstd:102.4,Bpos:112.0,Bstd:0.0,StrandBias:0.0,Multiplicity:2.00
0.075	0.001	0.613	0.311
0.001	0.570	0.001	0.428
0.236	0.001	0.311	0.451
0.997	0.001	0.001	0.001
0.001	0.407	0.001	0.591
0.001	0.001	0.997	0.001
0.001	0.311	0.001	0.687
0.033	0.001	0.965	0.001
0.355	0.333	0.237	0.075
0.001	0.971	0.001	0.027
>CWYYCTTCCT	14-CWYYCTTCCT	11.162316	-23.003038	0	T:10.0(90.91%),B:0.0(0.00%),P:1e-9	Tpos:148.6,Tstd:18.4,Bpos:0.0,Bstd:0.0,StrandBias:10.0,Multiplicity:1.00
0.348	0.645	0.006	0.001
0.476	0.001	0.001	0.522
0.001	0.522	0.001	0.476
0.001	0.540	0.001	0.458
0.001	0.997	0.001	0.001
0.110	0.001	0.001	0.888
0.001	0.028	0.001	0.970
0.001	0.997	0.001	0.001
0.001	0.997	0.001	0.001
0.001	0.001	0.001	0.997
>GTTMTGTAWC	15-GTTMTGTAWC	9.209060	-23.003038	0	T:10.0(90.91%),B:0.2(0.46%),P:1e-9	Tpos:374.7,Tstd:43.7,Bpos:330.0,Bstd:0.0,StrandBias:10.0,Multiplicity:1.00
0.001	0.279	0.719	0.001
0.001	0.279	0.001	0.719
0.001	0.001	0.001	0.997
0.440	0.558	0.001	0.001
0.001	0.001	0.001	0.997
0.062	0.001	0.875	0.062
0.001	0.279	0.279	0.440
0.874	0.001	0.124	0.001
0.440	0.001	0.001	0.558
0.279	0.714	0.001	0.006
>TCASTTTYTY	16-TCASTTTYTY	8.378118	-20.622779	0	T:10.0(90.91%),B:1.4(2.70%),P:1e-8	Tpos:253.4,Tstd:145.2,Bpos:284.0,Bstd:87.8,StrandBias:1.7,Multiplicity:1.70
0.001	0.166	0.083	0.750
0.001	0.997	0.001	0.001
0.648	0.083	0.001	0.268
0.166	0.344	0.488	0.001
0.082	0.001	0.001	0.916
0.357	0.001	0.001	0.641
0.001	0.365	0.001	0.633
0.001	0.558	0.001	0.440
0.096	0.001	0.001	0.902
0.001	0.558	0.001	0.440
>CTCSGCTGCM	17-CTCSGCTGCM	7.849042	-20.622779	0	T:10.0(90.91%),B:1.3(2.56%),P:1e-8	Tpos:162.1,Tstd:61.4,Bpos:193.4,Bstd:65.5,StrandBias:2.2,Multiplicity:1.70
0.001	0.947	0.051	0.001
0.001	0.052	0.215	0.732
0.269	0.567	0.163	0.001
0.106	0.275	0.403	0.215
0.001	0.013	0.878	0.108
0.052	0.684	0.158	0.106
0.163	0.223	0.001	0.613
0.001	0.001	0.893	0.105
0.001	0.947	0.001	0.051
0.403	0.493	0.052	0.052
>GTTAATGTGT	18-GTTAATGTGT	6.712048	-19.725893	0	T:9.0(81.82%),B:0.4(0.69%),P:1e-8	Tpos:353.0,Tstd:35.6,Bpos:119.0,Bstd:0.0,StrandBias:1.3,Multiplicity:1.56
0.001	0.001	0.997	0.001
0.001	0.001	0.001	0.997
0.001	0.001	0.001	0.997
0.881	0.028	0.090	0.001
0.997	0.001	0.001	0.001
0.001	0.001	0.001	0.997
0.001	0.001	0.997	0.001
0.001	0.001	0.001	0.997
0.001	0.001	0.997	0.001
0.001	0.001	0.089	0.909
>AAGTGTACAC	19-AAGTGTACAC	7.733831	-14.688940	0	T:8.0(72.73%),B:1.5(2.95%),P:1e-6	Tpos:93.1,Tstd:79.6,Bpos:269.0,Bstd:40.7,StrandBias:0.7,Multiplicity:1.25
0.764	0.234	0.001	0.001
0.469	0.301	0.229	0.001
0.001	0.114	0.884	0.001
0.001	0.234	0.295	0.469
0.001	0.001	0.997	0.001
0.001	0.001	0.114	0.884
0.742	0.114	0.143	0.001
0.001	0.997	0.001	0.001
0.469	0.234	0.295	0.001
0.018	0.980	0.001	0.001
>GCAGACTCCC	20-GCAGACTCCC	8.350283	-11.798568	0	T:6.0(54.55%),B:0.3(0.60%),P:1e-5	Tpos:155.1,Tstd:58.8,Bpos:301.0,Bstd:0.0,StrandBias:10.0,Multiplicity:2.50
0.100	0.100	0.700	0.100
0.100	0.700	0.100	0.100
0.700	0.100	0.100	0.100
0.100	0.100	0.700	0.100
0.700	0.100	0.100	0.100
0.100	0.700	0.100	0.100
0.100	0.100	0.100	0.700
0.100	0.700	0.100	0.100
0.100	0.700	0.100	0.100
0.100	0.700	0.100	0.100
>CGGCCCGGGG	21-CGGCCCGGGG	9.486710	-11.798568	0	T:6.0(54.55%),B:0.0(0.00%),P:1e-5	Tpos:136.7,Tstd:0.9,Bpos:0.0,Bstd:0.0,StrandBias:1.0,Multiplicity:1.00
0.001	0.951	0.047	0.001
0.055	0.001	0.943	0.001
0.154	0.001	0.844	0.001
0.001	0.997	0.001	0.001
0.001	0.997	0.001	0.001
0.001	0.997	0.001	0.001
0.001	0.049	0.852	0.098
0.001	0.001	0.997	0.001
0.001	0.055	0.943	0.001
0.001	0.001	0.997	0.001
>AACCGCTGTT	22-AACCGCTGTT	12.349661	-11.798568	0	T:6.0(54.55%),B:0.0(0.00%),P:1e-5	Tpos:445.0,Tstd:0.0,Bpos:0.0,Bstd:0.0,StrandBias:10.0,Multiplicity:1.00
0.732	0.188	0.079	0.001
0.997	0.001	0.001	0.001
0.001	0.731	0.001	0.267
0.169	0.829	0.001	0.001
0.001	0.001	0.997	0.001
0.001	0.997	0.001	0.001
0.169	0.001	0.001	0.829
0.001	0.267	0.731	0.001
0.001	0.001	0.001	0.997
0.001	0.001	0.169	0.829
>ACVACKRRAT	23-ACVACKRRAT	8.434092	-11.798568	0	T:6.0(54.55%),B:0.0(0.00%),P:1e-5	Tpos:232.0,Tstd:0.0,Bpos:0.0,Bstd:0.0,StrandBias:10.0,Multiplicity:1.00
0.572	0.075	0.352	0.001
0.001	0.817	0.181	0.001
0.325	0.274	0.325	0.076
0.920	0.001	0.075	0.004
0.075	0.897	0.027	0.001
0.001	0.001	0.443	0.555
0.440	0.075	0.484	0.001
0.444	0.230	0.325	0.001
0.674	0.001	0.324	0.001
0.001	0.079	0.325	0.595
>MWKWGCGMTC	24-MWKWGCGMTC	10.238235	-9.547277	0	T:5.0(45.45%),B:0.0(0.00%),P:1e-4	Tpos:152.0,Tstd:4.0,Bpos:0.0,Bstd:0.0,StrandBias:0.0,Multiplicity:2.00
0.468	0.530	0.001	0.001
0.468	0.001	0.063	0.468
0.001	0.001	0.530	0.468
0.530	0.001	0.001	0.468
0.001	0.013	0.937	0.049
0.001	0.997	0.001	0.001
0.001	0.001	0.997	0.001
0.468	0.530	0.001	0.001
0.001	0.001	0.001	0.997
0.001	0.997	0.001	0.001
>GTGAACTKTA	25-GTGAACTKTA	10.602368	-7.432744	0	T:4.0(36.36%),B:0.0(0.00%),P:1e-3	Tpos:255.0,Tstd:0.0,Bpos:0.0,Bstd:0.0,StrandBias:10.0,Multiplicity:1.00
0.236	0.306	0.456	0.001
0.001	0.149	0.001	0.849
0.001	0.001	0.849	0.149
0.997	0.001	0.001	0.001
0.849	0.149	0.001	0.001
0.001	0.997	0.001	0.001
0.001	0.001	0.001	0.997
0.001	0.181	0.361	0.456
0.007	0.001	0.001	0.991
0.457	0.307	0.182	0.055
>CTTCATCTTTGT	1-CTTCATCTTTGT	12.580198	-26.954281	0	T:11.0(100.00%),B:0.0(0.00%),P:1e-11	Tpos:335.1,Tstd:116.0,Bpos:0.0,Bstd:0.0,StrandBias:10.0,Multiplicity:1.73
0.069	0.750	0.001	0.180
0.001	0.001	0.001	0.997
0.001	0.001	0.001	0.997
0.001	0.997	0.001	0.001
0.997	0.001	0.001	0.001
0.001	0.365	0.001	0.633
0.001	0.997	0.001	0.001
0.001	0.001	0.001	0.997
0.001	0.001	0.001	0.997
0.001	0.001	0.001	0.997
0.001	0.001	0.997	0.001
0.001	0.271	0.094	0.634
>AATGTAAACAAC	2-AATGTAAACAAC	11.671364	-26.954281	0	T:11.0(100.00%),B:0.0(0.00%),P:1e-11	Tpos:344.3,Tstd:27.0,Bpos:0.0,Bstd:0.0,StrandBias:3.6,Multiplicity:1.18
0.611	0.387	0.001	0.001
0.997	0.001	0.001	0.001
0.387	0.001	0.001	0.611
0.387	0.001	0.611	0.001
0.001	0.141	0.001	0.857
0.611	0.387	0.001	0.001
0.611	0.387	0.001	0.001
0.997	0.001	0.001	0.001
0.001	0.587	0.388	0.024
0.997	0.001	0.001	0.001
0.997	0.001	0.001	0.001
0.001	0.833	0.001	0.165
>CTTCGCCGCGGA	3-CTTCGCCGCGGA	11.381421	-26.954281	0	T:11.0(100.00%),B:0.0(0.00%),P:1e-11	Tpos:68.3,Tstd:9.6,Bpos:0.0,Bstd:0.0,StrandBias:10.0,Multiplicity:1.09
0.001	0.863	0.135	0.001
0.365	0.001	0.001	0.633
0.365	0.001	0.001	0.633
0.001	0.997	0.001	0.001
0.001	0.365	0.633	0.001
0.001	0.997	0.001	0.001
0.001	0.813	0.185	0.001
0.001	0.001	0.997	0.001
0.001	0.997	0.001	0.001
0.001	0.001	0.997	0.001
0.001	0.001	0.997	0.001
0.997	0.001	0.001	0.001
>TATTTGACTTGG	4-TATTTGACTTGG	9.801284	-26.954281	0	T:11.0(100.00%),B:0.0(0.00%),P:1e-11	Tpos:185.6,Tstd:168.4,Bpos:0.0,Bstd:0.0,StrandBias:2.6,Multiplicity:1.91
0.001	0.001	0.001	0.997
0.877	0.001	0.001	0.121
0.001	0.001	0.308	0.690
0.001	0.001	0.255	0.743
0.001	0.001	0.374	0.624
0.186	0.001	0.812	0.001
0.812	0.186	0.001	0.001
0.374	0.624	0.001	0.001
0.001	0.247	0.256	0.496
0.001	0.001	0.001	0.997
0.001	0.001	0.997	0.001
0.001	0.308	0.690	0.001
>KCWTGGGGGCTT	5-KCWTGGGGGCTT	12.098770	-26.954281	0	T:11.0(100.00%),B:0.0(0.00%),P:1e-11	Tpos:470.0,Tstd:0.0,Bpos:0.0,Bstd:0.0,StrandBias:-10.0,Multiplicity:1.00
0.001	0.193	0.367	0.439
0.001	0.523	0.185	0.291
0.396	0.045	0.192	0.367
0.140	0.044	0.001	0.815
0.044	0.001	0.954	0.001
0.001	0.044	0.911	0.044
0.140	0.044	0.815	0.001
0.044	0.001	0.954	0.001
0.045	0.237	0.533	0.185
0.001	0.842	0.001	0.156
0.001	0.139	0.001	0.859
0.001	0.044	0.239	0.716
>GAGGKRGKCKGY	6-GAGGKRGKCKGY	8.985563	-26.954281	0	T:11.0(100.00%),B:0.3(0.60%),P:1e-11	Tpos:229.1,Tstd:140.6,Bpos:301.0,Bstd:0.0,StrandBias:-0.2,Multiplicity:2.18
0.241	0.001	0.537	0.221
0.561	0.001	0.219	0.219
0.236	0.001	0.462	0.301
0.219	0.001	0.561	0.219
0.001	0.001	0.478	0.520
0.322	0.001	0.457	0.220
0.001	0.001	0.997	0.001
0.001	0.001	0.559	0.439
0.001	0.977	0.021	0.001
0.258	0.001	0.300	0.441
0.001	0.015	0.983	0.001
0.001	0.557	0.001	0.441
>YTCCATCCCTWC	7-YTCCATCCCTWC	10.783629	-26.954281	0	T:11.0(100.00%),B:0.0(0.00%),P:1e-11	Tpos:357.3,Tstd:136.7,Bpos:0.0,Bstd:0.0,StrandBias:10.0,Multiplicity:1.36
0.049	0.415	0.049	0.486
0.001	0.049	0.049	0.901
0.203	0.795	0.001	0.001
0.098	0.835	0.049	0.018
0.459	0.261	0.049	0.231
0.207	0.279	0.049	0.465
0.049	0.641	0.049	0.261
0.197	0.591	0.211	0.001
0.049	0.804	0.049	0.098
0.001	0.048	0.001	0.950
0.486	0.098	0.049	0.366
0.049	0.901	0.049	0.001
>WGTGSCTTKAGG	8-WGTGSCTTKAGG	11.533799	-26.954281	0	T:11.0(100.00%),B:0.0(0.00%),P:1e-11	Tpos:492.0,Tstd:0.0,Bpos:0.0,Bstd:0.0,StrandBias:10.0,Multiplicity:1.00
0.388	0.203	0.001	0.407
0.001	0.001	0.952	0.046
0.001	0.094	0.094	0.811
0.001	0.001	0.997	0.001
0.095	0.469	0.389	0.047
0.144	0.808	0.001	0.047
0.141	0.001	0.001	0.857
0.047	0.191	0.203	0.559
0.001	0.096	0.515	0.388
0.904	0.001	0.001	0.094
0.001	0.094	0.560	0.345
0.001	0.047	0.689	0.263
>YTTGGTWSATGT	9-YTTGGTWSATGT	11.759124	-26.954281	0	T:11.0(100.00%),B:0.0(0.00%),P:1e-11	Tpos:319.0,Tstd:18.4,Bpos:0.0,Bstd:0.0,StrandBias:0.8,Multiplicity:1.00
0.063	0.536	0.001	0.400
0.001	0.036	0.001	0.962
0.001	0.001	0.001	0.997
0.001	0.001	0.607	0.391
0.001	0.001	0.997	0.001
0.001	0.001	0.001	0.997
0.535	0.001	0.001	0.463
0.072	0.535	0.392	0.001
0.997	0.001	0.001	0.001
0.001	0.001	0.001	0.997
0.001	0.001	0.997	0.001
0.001	0.001	0.001	0.997
>ATCCYGCSACGG	10-ATCCYGCSACGG	8.100458	-26.954281	0	T:11.0(100.00%),B:0.7(1.38%),P:1e-11	Tpos:135.4,Tstd:88.7,Bpos:242.1,Bstd:80.7,StrandBias:1.6,Multiplicity:2.18
0.664	0.092	0.198	0.046
0.001	0.208	0.198	0.593
0.001	0.953	0.045	0.001
0.001	0.997	0.001	0.001
0.198	0.344	0.094	0.364
0.095	0.001	0.706	0.198
0.003	0.636	0.360	0.001
0.001	0.537	0.416	0.046
0.407	0.256	0.139	0.198
0.001	0.801	0.197	0.001
0.091	0.001	0.907	0.001
0.198	0.001	0.603	0.198
>CGCTTCVTCTGC	11-CGCTTCVTCTGC	11.633579	-26.954281	0	T:11.0(100.00%),B:0.0(0.00%),P:1e-11	Tpos:152.1,Tstd:115.5,Bpos:0.0,Bstd:0.0,StrandBias:0.4,Multiplicity:1.27
0.001	0.658	0.001	0.340
0.385	0.001	0.613	0.001
0.001	0.638	0.360	0.001
0.001	0.372	0.001	0.626
0.001	0.001	0.001	0.997
0.001	0.997	0.001	0.001
0.258	0.353	0.388	0.001
0.032	0.258	0.001	0.709
0.001	0.997	0.001	0.001
0.001	0.001	0.001	0.997
0.273	0.001	0.725	0.001
0.001	0.997	0.001	0.001
>TGGTTTATCCAG	12-TGGTTTATCCAG	9.765136	-26.954281	0	T:11.0(100.00%),B:0.0(0.00%),P:1e-11	Tpos:318.2,Tstd:64.9,Bpos:0.0,Bstd:0.0,StrandBias:0.7,Multiplicity:1.30
0.001	0.148	0.001	0.850
0.001	0.001	0.850	0.148
0.001	0.001	0.850	0.148
0.001	0.001	0.148	0.850
0.001	0.001	0.001	0.997
0.235	0.149	0.149	0.468
0.850	0.001	0.001	0.148
0.001	0.001	0.001	0.997
0.001	0.616	0.382	0.001
0.001	0.616	0.001	0.382
0.665	0.001	0.185	0.149
0.001	0.011	0.617	0.371
>RGGCAKAAATAG	13-RGGCAKAAATAG	7.733972	-26.954281	0	T:11.0(100.00%),B:0.7(1.27%),P:1e-11	Tpos:351.3,Tstd:102.2,Bpos:239.8,Bstd:33.3,StrandBias:2.6,Multiplicity:1.00
0.364	0.086	0.463	0.086
0.086	0.001	0.827	0.086
0.259	0.086	0.654	0.001
0.204	0.450	0.173	0.173
0.827	0.086	0.001	0.086
0.173	0.086	0.377	0.364
0.741	0.001	0.172	0.086
0.741	0.086	0.172	0.001
0.623	0.086	0.118	0.173
0.173	0.259	0.086	0.482
0.482	0.086	0.259	0.173
0.172	0.001	0.568	0.259
>CGCASHGCTYTT	14-CGCASHGCTYTT	7.349593	-24.469375	0	T:11.0(100.00%),B:1.7(3.22%),P:1e-10	Tpos:247.6,Tstd:111.8,Bpos:416.6,Bstd:108.7,StrandBias:2.6,Multiplicity:1.91
0.232	0.577	0.038	0.153
0.197	0.001	0.764	0.038
0.115	0.768	0.116	0.001
0.765	0.077	0.043	0.115
0.077	0.359	0.365	0.200
0.291	0.309	0.038	0.362
0.038	0.038	0.923	0.001
0.077	0.561	0.165	0.197
0.270	0.038	0.038	0.654
0.115	0.359	0.168	0.359
0.236	0.077	0.203	0.484
0.038	0.153	0.129	0.680
>TCGHCTGCAGGC	15-TCGHCTGCAGGC	11.614991	-23.003038	0	T:10.0(90.91%),B:0.0(0.00%),P:1e-9	Tpos:185.1,Tstd:1.0,Bpos:0.0,Bstd:0.0,StrandBias:10.0,Multiplicity:1.00
0.001	0.001	0.128	0.870
0.088	0.611	0.300	0.001
0.001	0.001	0.724	0.274
0.358	0.297	0.001	0.343
0.001	0.993	0.005	0.001
0.001	0.001	0.022	0.976
0.001	0.001	0.997	0.001
0.001	0.997	0.001	0.001
0.564	0.353	0.001	0.082
0.001	0.082	0.656	0.261
0.349	0.001	0.628	0.022
0.258	0.736	0.005	0.001
>GTGCCCCCTTCT	16-GTGCCCCCTTCT	6.704314	-23.003038	0	T:10.0(90.91%),B:0.6(1.26%),P:1e-9	Tpos:140.1,Tstd:111.0,Bpos:162.0,Bstd:0.0,StrandBias:0.6,Multiplicity:1.00
0.001	0.001	0.997	0.001
0.001	0.001	0.001	0.997
0.211	0.001	0.787	0.001
0.001	0.997	0.001	0.001
0.001	0.787	0.211	0.001
0.077	0.921	0.001	0.001
0.001	0.665	0.001	0.333
0.001	0.787	0.001	0.211
0.001	0.333	0.001	0.665
0.092	0.001	0.242	0.665
0.122	0.665	0.001	0.212
0.001	0.001	0.001	0.997
>VAVCTGAGACAG	17-VAVCTGAGACAG	10.007910	-23.003038	0	T:10.0(90.91%),B:0.0(0.00%),P:1e-9	Tpos:135.0,Tstd:84.9,Bpos:0.0,Bstd:0.0,StrandBias:1.3,Multiplicity:1.40
0.297	0.297	0.406	0.001
0.702	0.001	0.001	0.296
0.406	0.297	0.297	0.001
0.001	0.997	0.001	0.001
0.001	0.296	0.001	0.702
0.001	0.001	0.997	0.001
0.593	0.001	0.405	0.001
0.001	0.001	0.997	0.001
0.702	0.296	0.001	0.001
0.001	0.997	0.001	0.001
0.702	0.001	0.296	0.001
0.405	0.001	0.593	0.001
>GTGGGGCCTTCG	18-GTGGGGCCTTCG	4.903414	-17.400919	0	T:10.0(90.91%),B:3.6(6.95%),P:1e-7	Tpos:142.5,Tstd:58.4,Bpos:216.1,Bstd:64.1,StrandBias:10.0,Multiplicity:2.10
0.001	0.001	0.997	0.001
0.040	0.001	0.001	0.958
0.001	0.001	0.662	0.336
0.001	0.001	0.620	0.378
0.001	0.336	0.662	0.001
0.041	0.001	0.620	0.338
0.001	0.997	0.001	0.001
0.001	0.703	0.295	0.001
0.001	0.295	0.001	0.703
0.001	0.295	0.001	0.703
0.001	0.662	0.001	0.336
0.001	0.009	0.989	0.001
>GAGCGGCCCGCG	19-GAGCGGCCCGCG	5.553462	-14.214482	0	T:7.0(63.64%),B:0.7(1.36%),P:1e-6	Tpos:108.7,Tstd:11.8,Bpos:218.0,Bstd:30.5,StrandBias:0.3,Multiplicity:1.00
0.001	0.001	0.731	0.267
0.731	0.267	0.001	0.001
0.001	0.001	0.997	0.001
0.001	0.997	0.001	0.001
0.001	0.001	0.997	0.001
0.001	0.001	0.829	0.169
0.170	0.731	0.098	0.001
0.001	0.829	0.169	0.001
0.001	0.997	0.001	0.001
0.001	0.001	0.829	0.169
0.001	0.997	0.001	0.001
0.001	0.001	0.731	0.267
>TTDGGACATGAC	20-TTDGGACATGAC	9.815106	-14.214482	0	T:7.0(63.64%),B:0.3(0.50%),P:1e-6	Tpos:340.9,Tstd:34.5,Bpos:257.0,Bstd:0.0,StrandBias:2.8,Multiplicity:1.14
0.279	0.001	0.001	0.719
0.001	0.001	0.001	0.997
0.361	0.001	0.359	0.279
0.001	0.001	0.719	0.279
0.001	0.001	0.719	0.279
0.997	0.001	0.001	0.001
0.001	0.719	0.001	0.279
0.997	0.001	0.001	0.001
0.001	0.279	0.279	0.440
0.279	0.279	0.440	0.001
0.719	0.001	0.001	0.279
0.001	0.680	0.001	0.318
>CTCCTGTGCTGC	21-CTCCTGTGCTGC	9.836990	-11.798568	0	T:6.0(54.55%),B:0.0(0.00%),P:1e-5	Tpos:187.8,Tstd:39.0,Bpos:0.0,Bstd:0.0,StrandBias:2.3,Multiplicity:1.00
0.001	0.997	0.001	0.001
0.001	0.098	0.001	0.900
0.001	0.997	0.001	0.001
0.001	0.997	0.001	0.001
0.001	0.154	0.001	0.844
0.001	0.154	0.844	0.001
0.001	0.001	0.001	0.997
0.001	0.056	0.942	0.001
0.001	0.997	0.001	0.001
0.001	0.001	0.001	0.997
0.001	0.001	0.997	0.001
0.001	0.953	0.001	0.045
>GAAGTGCACACG	22-GAAGTGCACACG	9.224041	-9.547277	0	T:5.0(45.45%),B:0.3(0.57%),P:1e-4	Tpos:230.7,Tstd:30.6,Bpos:211.0,Bstd:0.0,StrandBias:1.3,Multiplicity:1.40
0.279	0.001	0.656	0.064
0.647	0.001	0.342	0.010
0.667	0.001	0.002	0.330
0.353	0.001	0.645	0.001
0.001	0.127	0.001	0.871
0.001	0.063	0.935	0.001
0.063	0.935	0.001	0.001
0.989	0.001	0.001	0.009
0.010	0.633	0.356	0.001
0.923	0.002	0.001	0.074
0.201	0.796	0.002	0.001
0.074	0.276	0.649	0.001
>GTGCAGATTCAC	23-GTGCAGATTCAC	10.030965	-9.547277	0	T:5.0(45.45%),B:0.0(0.00%),P:1e-4	Tpos:151.3,Tstd:27.4,Bpos:0.0,Bstd:0.0,StrandBias:10.0,Multiplicity:1.40
0.101	0.001	0.897	0.001
0.232	0.134	0.001	0.633
0.001	0.001	0.997	0.001
0.001	0.997	0.001	0.001
0.997	0.001	0.001	0.001
0.001	0.001	0.997	0.001
0.997	0.001	0.001	0.001
0.001	0.365	0.001	0.633
0.001	0.001	0.001	0.997
0.001	0.997	0.001	0.001
0.633	0.365	0.001	0.001
0.001	0.767	0.231	0.001
>TCTGTGAACTYT	24-TCTGTGAACTYT	8.187932	-9.547277	0	T:5.0(45.45%),B:0.0(0.00%),P:1e-4	Tpos:244.6,Tstd:17.2,Bpos:0.0,Bstd:0.0,StrandBias:10.0,Multiplicity:2.00
0.130	0.204	0.130	0.536
0.001	0.869	0.001	0.129
0.001	0.415	0.001	0.583
0.286	0.047	0.537	0.130
0.129	0.001	0.001	0.869
0.001	0.129	0.869	0.001
0.693	0.177	0.001	0.129
0.997	0.001	0.001	0.001
0.258	0.740	0.001	0.001
0.258	0.001	0.001	0.740
0.001	0.463	0.129	0.407
0.006	0.001	0.001	0.992
>CACCTTTG	1-CACCTTTG	10.778217	-26.954281	0	T:11.0(100.00%),B:0.7(1.35%),P:1e-11	Tpos:322.9,Tstd:110.7,Bpos:320.0,Bstd:0.0,StrandBias:10.0,Multiplicity:2.00
0.001	0.997	0.001	0.001
0.997	0.001	0.001	0.001
0.001	0.797	0.001	0.201
0.001	0.997	0.001	0.001
0.001	0.001	0.001	0.997
0.001	0.001	0.001	0.997
0.001	0.001	0.001	0.997
0.001	0.063	0.935	0.001
>TGGGGGCT	2-TGGGGGCT	10.710981	-26.954281	0	T:11.0(100.00%),B:0.0(0.00%),P:1e-11	Tpos:425.3,Tstd:43.7,Bpos:0.0,Bstd:0.0,StrandBias:0.0,Multiplicity:2.00
0.001	0.001	0.001	0.997
0.001	0.001	0.997	0.001
0.001	0.001	0.997	0.001
0.001	0.001	0.997	0.001
0.001	0.001	0.997	0.001
0.001	0.256	0.742	0.001
0.001	0.939	0.001	0.059
0.001	0.001	0.001	0.997
>ATWSSWCT	3-ATWSSWCT	8.462750	-26.954281	0	T:11.0(100.00%),B:1.0(1.94%),P:1e-11	Tpos:314.5,Tstd:0.7,Bpos:304.8,Bstd:57.6,StrandBias:10.0,Multiplicity:1.00
0.910	0.001	0.001	0.088
0.001	0.001	0.001	0.997
0.437	0.001	0.001	0.561
0.001	0.437	0.561	0.001
0.001	0.447	0.551	0.001
0.462	0.001	0.001	0.536
0.001	0.997	0.001	0.001
0.001	0.001	0.001	0.997
>TGGTTAAT	4-TGGTTAAT	10.743592	-26.954281	0	T:11.0(100.00%),B:0.0(0.00%),P:1e-11	Tpos:367.5,Tstd:0.7,Bpos:0.0,Bstd:0.0,StrandBias:10.0,Multiplicity:1.00
0.001	0.001	0.001	0.997
0.001	0.001	0.997	0.001
0.001	0.001	0.997	0.001
0.001	0.001	0.001	0.997
0.001	0.001	0.001	0.997
0.722	0.001	0.001	0.276
0.997	0.001	0.001	0.001
0.001	0.001	0.001	0.997
>GTAKGCAT	5-GTAKGCAT	8.605934	-26.954281	0	T:11.0(100.00%),B:0.0(0.00%),P:1e-11	Tpos:389.5,Tstd:0.7,Bpos:0.0,Bstd:0.0,StrandBias:10.0,Multiplicity:1.00
0.001	0.071	0.927	0.001
0.086	0.001	0.035	0.878
0.886	0.112	0.001	0.001
0.036	0.073	0.509	0.382
0.001	0.001	0.997	0.001
0.035	0.634	0.330	0.001
0.558	0.002	0.123	0.317
0.001	0.035	0.320	0.644
>ACCCTAGA	6-ACCCTAGA	9.508340	-26.954281	0	T:11.0(100.00%),B:0.9(1.82%),P:1e-11	Tpos:477.5,Tstd:58.0,Bpos:67.8,Bstd:23.6,StrandBias:-3.5,Multiplicity:1.09
0.997	0.001	0.001	0.001
0.001	0.997	0.001	0.001
0.001	0.997	0.001	0.001
0.001	0.997	0.001	0.001
0.001	0.001	0.001	0.997
0.997	0.001	0.001	0.001
0.299	0.066	0.634	0.001
0.700	0.001	0.232	0.067
>CCCTACTT	7-CCCTACTT	8.236954	-26.954281	0	T:11.0(100.00%),B:0.0(0.00%),P:1e-11	Tpos:458.0,Tstd:0.0,Bpos:0.0,Bstd:0.0,StrandBias:10.0,Multiplicity:1.00
0.100	0.700	0.100	0.100
0.100	0.700	0.100	0.100
0.100	0.700	0.100	0.100
0.100	0.100	0.100	0.700
0.700	0.100	0.100	0.100
0.100	0.700	0.100	0.100
0.100	0.100	0.100	0.700
0.100	0.100	0.100	0.700
>AGCTGTGC	8-AGCTGTGC	10.592108	-26.954281	0	T:11.0(100.00%),B:0.7(1.38%),P:1e-11	Tpos:478.0,Tstd:0.0,Bpos:313.0,Bstd:0.0,StrandBias:10.0,Multiplicity:1.00
0.894	0.001	0.001	0.104
0.001	0.306	0.692	0.001
0.001	0.997	0.001	0.001
0.001	0.001	0.001	0.997
0.001	0.001	0.997	0.001
0.001	0.001	0.001	0.997
0.001	0.001	0.997	0.001
0.001	0.997	0.001	0.001
>CTTGAGTG	9-CTTGAGTG	8.236954	-26.954281	0	T:11.0(100.00%),B:0.0(0.00%),P:1e-11	Tpos:486.0,Tstd:0.0,Bpos:0.0,Bstd:0.0,StrandBias:10.0,Multiplicity:1.00
0.100	0.700	0.100	0.100
0.100	0.100	0.100	0.700
0.100	0.100	0.100	0.700
0.100	0.100	0.700	0.100
0.700	0.100	0.100	0.100
0.100	0.100	0.700	0.100
0.100	0.100	0.100	0.700
0.100	0.100	0.700	0.100
>TGTTATGT	10-TGTTATGT	8.494139	-26.954281	0	T:11.0(100.00%),B:0.9(1.78%),P:1e-11	Tpos:168.7,Tstd:160.3,Bpos:389.7,Bstd:104.8,StrandBias:10.0,Multiplicity:1.71
0.001	0.001	0.001	0.997
0.001	0.001	0.997	0.001
0.001	0.091	0.001	0.907
0.001	0.001	0.001	0.997
0.907	0.091	0.001	0.001
0.001	0.001	0.001	0.997
0.092	0.001	0.815	0.092
0.001	0.001	0.001	0.997
>GCAGACTC	11-GCAGACTC	9.416923	-26.954281	0	T:11.0(100.00%),B:0.0(0.00%),P:1e-11	Tpos:110.3,Tstd:40.4,Bpos:0.0,Bstd:0.0,StrandBias:10.0,Multiplicity:1.67
0.001	0.001	0.997	0.001
0.001	0.997	0.001	0.001
0.729	0.001	0.269	0.001
0.001	0.001	0.997	0.001
0.997	0.001	0.001	0.001
0.001	0.958	0.001	0.040
0.001	0.197	0.063	0.739
0.001	0.997	0.001	0.001
>GTATTTTT	12-GTATTTTT	9.746374	-26.954281	0	T:11.0(100.00%),B:0.0(0.00%),P:1e-11	Tpos:385.1,Tstd:48.9,Bpos:0.0,Bstd:0.0,StrandBias:10.0,Multiplicity:1.00
0.105	0.001	0.893	0.001
0.001	0.001	0.001	0.997
0.997	0.001	0.001	0.001
0.001	0.332	0.001	0.666
0.105	0.001	0.001	0.893
0.001	0.001	0.001	0.997
0.001	0.001	0.001	0.997
0.001	0.001	0.001	0.997
>ACGGGTRC	13-ACGGGTRC	10.374173	-26.954281	0	T:11.0(100.00%),B:0.0(0.00%),P:1e-11	Tpos:30.5,Tstd:1.2,Bpos:0.0,Bstd:0.0,StrandBias:10.0,Multiplicity:1.00
0.997	0.001	0.001	0.001
0.001	0.997	0.001	0.001
0.001	0.001	0.997	0.001
0.001	0.001	0.997	0.001
0.001	0.001	0.997	0.001
0.001	0.001	0.001	0.997
0.499	0.001	0.499	0.001
0.001	0.997	0.001	0.001
>TTTACATT	14-TTTACATT	8.233598	-24.469375	0	T:11.0(100.00%),B:1.5(2.85%),P:1e-10	Tpos:275.4,Tstd:136.6,Bpos:223.6,Bstd:85.4,StrandBias:-0.5,Multiplicity:1.73
0.001	0.001	0.001	0.997
0.001	0.001	0.001	0.997
0.001	0.001	0.001	0.997
0.920	0.001	0.078	0.001
0.001	0.997	0.001	0.001
0.997	0.001	0.001	0.001
0.001	0.001	0.001	0.997
0.001	0.248	0.001	0.750
>TTCCTCTG	15-TTCCTCTG	8.969199	-24.469375	0	T:11.0(100.00%),B:1.8(3.45%),P:1e-10	Tpos:230.5,Tstd:104.9,Bpos:322.7,Bstd:125.5,StrandBias:-0.3,Multiplicity:1.00
0.134	0.001	0.001	0.864
0.087	0.001	0.001	0.911
0.001	0.997	0.001	0.001
0.001	0.997	0.001	0.001
0.001	0.001	0.001	0.997
0.001	0.997	0.001	0.001
0.001	0.001	0.001	0.997
0.001	0.001	0.997	0.001
>TAAACAAA	16-TAAACAAA	5.181188	-24.469375	0	T:11.0(100.00%),B:1.8(3.59%),P:1e-10	Tpos:261.9,Tstd:99.1,Bpos:226.6,Bstd:57.0,StrandBias:1.6,Multiplicity:1.20
0.001	0.001	0.001	0.997
0.775	0.223	0.001	0.001
0.611	0.001	0.387	0.001
0.997	0.001	0.001	0.001
0.001	0.997	0.001	0.001
0.611	0.001	0.387	0.001
0.997	0.001	0.001	0.001
0.965	0.033	0.001	0.001
>CTGGTACA	17-CTGGTACA	8.324296	-24.469375	0	T:11.0(100.00%),B:1.9(3.78%),P:1e-10	Tpos:368.6,Tstd:89.9,Bpos:242.0,Bstd:117.6,StrandBias:-10.0,Multiplicity:1.00
0.001	0.840	0.001	0.158
0.001	0.001	0.001	0.997
0.004	0.001	0.994	0.001
0.001	0.001	0.997	0.001
0.412	0.001	0.023	0.564
0.997	0.001	0.001	0.001
0.014	0.984	0.001	0.001
0.997	0.001	0.001	0.001
>GGACCSTG	18-GGACCSTG	7.739298	-21.057127	0	T:11.0(100.00%),B:3.2(6.24%),P:1e-9	Tpos:80.3,Tstd:76.6,Bpos:123.9,Bstd:90.4,StrandBias:10.0,Multiplicity:1.45
0.001	0.127	0.745	0.127
0.001	0.001	0.997	0.001
0.952	0.001	0.046	0.001
0.127	0.673	0.013	0.187
0.001	0.685	0.127	0.187
0.001	0.453	0.545	0.001
0.001	0.001	0.001	0.997
0.001	0.001	0.872	0.126
>CCCYCCTG	19-CCCYCCTG	8.313941	-21.057127	0	T:11.0(100.00%),B:3.0(5.89%),P:1e-9	Tpos:170.1,Tstd:40.5,Bpos:166.6,Bstd:154.1,StrandBias:3.0,Multiplicity:1.55
0.001	0.997	0.001	0.001
0.001	0.997	0.001	0.001
0.001	0.832	0.001	0.166
0.001	0.449	0.001	0.549
0.001	0.707	0.291	0.001
0.001	0.997	0.001	0.001
0.001	0.001	0.001	0.997
0.001	0.020	0.978	0.001
>ATGTAGGC	20-ATGTAGGC	8.428092	-18.848974	0	T:10.0(90.91%),B:2.7(5.25%),P:1e-8	Tpos:235.1,Tstd:126.7,Bpos:264.3,Bstd:129.2,StrandBias:-1.3,Multiplicity:1.40
0.997	0.001	0.001	0.001
0.374	0.001	0.001	0.624
0.145	0.001	0.853	0.001
0.001	0.145	0.001	0.853
0.997	0.001	0.001	0.001
0.001	0.001	0.633	0.365
0.145	0.145	0.709	0.001
0.001	0.997	0.001	0.001
>MTGCATCC	21-MTGCATCC	6.580936	-16.586305	0	T:11.0(100.00%),B:7.7(15.02%),P:1e-7	Tpos:147.9,Tstd:78.4,Bpos:266.5,Bstd:174.2,StrandBias:1.4,Multiplicity:1.80
0.472	0.467	0.060	0.001
0.005	0.001	0.001	0.993
0.233	0.001	0.765	0.001
0.001	0.903	0.048	0.048
0.631	0.001	0.367	0.001
0.319	0.001	0.018	0.662
0.073	0.925	0.001	0.001
0.001	0.692	0.074	0.233
>AYCTCAAC	22-AYCTCAAC	8.635667	-14.214482	0	T:7.0(63.64%),B:0.4(0.82%),P:1e-6	Tpos:59.7,Tstd:0.7,Bpos:142.0,Bstd:0.0,StrandBias:10.0,Multiplicity:1.00
0.618	0.001	0.154	0.227
0.211	0.329	0.001	0.459
0.118	0.670	0.211	0.001
0.001	0.001	0.001	0.997
0.154	0.765	0.080	0.001
0.739	0.049	0.211	0.001
0.844	0.001	0.001	0.154
0.001	0.950	0.001	0.048
>TTCACAGA	23-TTCACAGA	7.625481	-13.295504	0	T:9.0(81.82%),B:4.6(8.87%),P:1e-5	Tpos:261.1,Tstd:130.4,Bpos:190.3,Bstd:51.4,StrandBias:-1.2,Multiplicity:1.44
0.001	0.006	0.110	0.883
0.110	0.001	0.365	0.524
0.001	0.932	0.001	0.066
0.517	0.210	0.272	0.001
0.001	0.834	0.098	0.067
0.956	0.001	0.001	0.042
0.375	0.001	0.557	0.067
0.862	0.136	0.001	0.001
>CTACGTGC	24-CTACGTGC	8.236954	-9.932276	0	T:6.0(54.55%),B:1.9(3.79%),P:1e-4	Tpos:168.2,Tstd:111.5,Bpos:112.0,Bstd:0.0,StrandBias:-0.3,Multiplicity:1.83
0.100	0.700	0.100	0.100
0.100	0.100	0.100	0.700
0.700	0.100	0.100	0.100
0.100	0.700	0.100	0.100
0.100	0.100	0.700	0.100
0.100	0.100	0.100	0.700
0.100	0.100	0.700	0.100
0.100	0.700	0.100	0.100
>CCGGGCCG	25-CCGGGCCG	8.426109	-9.932276	0	T:6.0(54.55%),B:1.5(2.83%),P:1e-4	Tpos:117.9,Tstd:14.4,Bpos:208.6,Bstd:104.2,StrandBias:0.3,Multiplicity:1.50
0.235	0.461	0.304	0.001
0.001	0.773	0.001	0.225
0.001	0.001	0.997	0.001
0.054	0.155	0.790	0.001
0.055	0.251	0.484	0.210
0.001	0.827	0.001	0.171
0.001	0.997	0.001	0.001
0.002	0.001	0.943	0.054
