>TTCATCTTTG	1-TTCATCTTTG,BestGuess:ZNF680/MA1729.2/Jaspar(0.718)	8.350283	-26.954281	0	T:11.0(100.00%),B:0.4(0.75%),P:1e-11
0.100	0.100	0.100	0.700
0.100	0.100	0.100	0.700
0.100	0.700	0.100	0.100
0.700	0.100	0.100	0.100
0.100	0.100	0.100	0.700
0.100	0.700	0.100	0.100
0.100	0.100	0.100	0.700
0.100	0.100	0.100	0.700
0.100	0.100	0.100	0.700
0.100	0.100	0.700	0.100
>TMATTTACAT	2-TMATTTACAT,BestGuess:Brn1(POU,Homeobox)/NPC-Brn1-ChIP-Seq(GSE35496)/Homer(0.828)	7.410416	-26.954281	0	T:11.0(100.00%),B:0.5(1.00%),P:1e-11
0.001	0.399	0.001	0.599
0.399	0.399	0.001	0.200
0.821	0.001	0.177	0.001
0.001	0.001	0.001	0.997
0.001	0.399	0.001	0.599
0.001	0.001	0.001	0.997
0.872	0.001	0.126	0.001
0.001	0.997	0.001	0.001
0.997	0.001	0.001	0.001
0.001	0.001	0.001	0.997
>CTTAGGACAT	3-CTTAGGACAT,BestGuess:PB0096.1_Zfp187_1/Jaspar(0.762)	8.004448	-26.954281	0	T:11.0(100.00%),B:0.0(0.00%),P:1e-11
0.001	0.997	0.001	0.001
0.275	0.001	0.001	0.723
0.001	0.001	0.001	0.997
0.840	0.001	0.158	0.001
0.001	0.001	0.997	0.001
0.001	0.001	0.594	0.404
0.997	0.001	0.001	0.001
0.001	0.997	0.001	0.001
0.935	0.001	0.001	0.063
0.001	0.001	0.001	0.997
>AACCCCGCGG	4-AACCCCGCGG,BestGuess:PB0103.1_Zic3_1/Jaspar(0.613)	8.350283	-26.954281	0	T:11.0(100.00%),B:0.0(0.00%),P:1e-11
0.700	0.100	0.100	0.100
0.700	0.100	0.100	0.100
0.100	0.700	0.100	0.100
0.100	0.700	0.100	0.100
0.100	0.700	0.100	0.100
0.100	0.700	0.100	0.100
0.100	0.100	0.700	0.100
0.100	0.700	0.100	0.100
0.100	0.100	0.700	0.100
0.100	0.100	0.700	0.100
>GGVCYGTVTG	5-GGVCYGTVTG,BestGuess:Smad4(MAD)/ESC-SMAD4-ChIP-Seq(GSE29422)/Homer(0.661)	6.807815	-26.954281	0	T:11.0(100.00%),B:0.9(1.77%),P:1e-11
0.177	0.072	0.734	0.017
0.139	0.083	0.777	0.001
0.299	0.285	0.296	0.120
0.069	0.682	0.001	0.248
0.086	0.493	0.053	0.369
0.122	0.076	0.751	0.051
0.033	0.156	0.194	0.617
0.238	0.369	0.376	0.017
0.180	0.054	0.243	0.523
0.034	0.158	0.758	0.050
>TTCMAASCCC	6-TTCMAASCCC,BestGuess:CHR(?)/Hela-CellCycle-Expression/Homer(0.650)	10.036368	-26.954281	0	T:11.0(100.00%),B:0.0(0.00%),P:1e-11
0.001	0.001	0.129	0.869
0.001	0.001	0.001	0.997
0.001	0.575	0.001	0.423
0.355	0.433	0.041	0.171
0.916	0.001	0.041	0.042
0.534	0.126	0.339	0.001
0.130	0.446	0.424	0.001
0.001	0.997	0.001	0.001
0.001	0.958	0.040	0.001
0.001	0.693	0.001	0.305
>CGAACCGCAC	7-CGAACCGCAC,BestGuess:RUNX2/MA0511.2/Jaspar(0.676)	9.012013	-26.954281	0	T:11.0(100.00%),B:0.0(0.00%),P:1e-11
0.001	0.997	0.001	0.001
0.001	0.315	0.683	0.001
0.767	0.001	0.001	0.231
0.997	0.001	0.001	0.001
0.001	0.949	0.025	0.025
0.001	0.997	0.001	0.001
0.001	0.315	0.683	0.001
0.001	0.633	0.001	0.365
0.997	0.001	0.001	0.001
0.001	0.997	0.001	0.001
>STYGACTKSC	8-STYGACTKSC,BestGuess:Nr2e1/MA0676.1/Jaspar(0.679)	8.527786	-26.954281	0	T:11.0(100.00%),B:0.0(0.00%),P:1e-11
0.001	0.530	0.468	0.001
0.001	0.001	0.001	0.997
0.001	0.468	0.001	0.530
0.001	0.001	0.997	0.001
0.997	0.001	0.001	0.001
0.001	0.936	0.062	0.001
0.001	0.001	0.001	0.997
0.001	0.001	0.530	0.468
0.001	0.468	0.530	0.001
0.001	0.997	0.001	0.001
>GGATCCTGCG	9-GGATCCTGCG,BestGuess:ZBTB24/MA2330.1/Jaspar(0.705)	8.350283	-26.954281	0	T:11.0(100.00%),B:0.0(0.00%),P:1e-11
0.100	0.100	0.700	0.100
0.100	0.100	0.700	0.100
0.700	0.100	0.100	0.100
0.100	0.100	0.100	0.700
0.100	0.700	0.100	0.100
0.100	0.700	0.100	0.100
0.100	0.100	0.100	0.700
0.100	0.100	0.700	0.100
0.100	0.700	0.100	0.100
0.100	0.100	0.700	0.100
>CAHAAAKAKC	10-CAHAAAKAKC,BestGuess:Mef2b(MADS)/HEK293-Mef2b.V5-ChIP-Seq(GSE67450)/Homer(0.767)	9.490144	-26.954281	0	T:11.0(100.00%),B:0.0(0.00%),P:1e-11
0.083	0.833	0.083	0.001
0.641	0.001	0.357	0.001
0.261	0.357	0.001	0.380
0.833	0.001	0.165	0.001
0.916	0.082	0.001	0.001
0.997	0.001	0.001	0.001
0.001	0.083	0.441	0.476
0.833	0.001	0.083	0.083
0.001	0.001	0.571	0.427
0.001	0.637	0.001	0.361
>CGAAATTGGA	11-CGAAATTGGA,BestGuess:Six2(Homeobox)/NephronProgenitor-Six2-ChIP-Seq(GSE39837)/Homer(0.636)	4.458797	-26.954281	0	T:11.0(100.00%),B:1.0(1.89%),P:1e-11
0.204	0.780	0.015	0.001
0.216	0.001	0.782	0.001
0.983	0.015	0.001	0.001
0.802	0.001	0.001	0.196
0.997	0.001	0.001	0.001
0.001	0.015	0.001	0.983
0.185	0.001	0.001	0.813
0.001	0.001	0.997	0.001
0.001	0.001	0.997	0.001
0.813	0.001	0.001	0.185
>TATTTGACTTGG	4-TATTTGACTTGG,BestGuess:NF1:FOXA1(CTF,Forkhead)/LNCAP-FOXA1-ChIP-Seq(GSE27824)/Homer(0.666)	9.801284	-26.954281	0	T:11.0(100.00%),B:0.0(0.00%),P:1e-11
0.001	0.001	0.001	0.997
0.877	0.001	0.001	0.121
0.001	0.001	0.308	0.690
0.001	0.001	0.255	0.743
0.001	0.001	0.374	0.624
0.186	0.001	0.812	0.001
0.812	0.186	0.001	0.001
0.374	0.624	0.001	0.001
0.001	0.247	0.256	0.496
0.001	0.001	0.001	0.997
0.001	0.001	0.997	0.001
0.001	0.308	0.690	0.001
>KCWTGGGGGCTT	5-KCWTGGGGGCTT,BestGuess:LRF(Zf)/Erythroblasts-ZBTB7A-ChIP-Seq(GSE74977)/Homer(0.755)	12.098770	-26.954281	0	T:11.0(100.00%),B:0.0(0.00%),P:1e-11
0.001	0.193	0.367	0.439
0.001	0.523	0.185	0.291
0.396	0.045	0.192	0.367
0.140	0.044	0.001	0.815
0.044	0.001	0.954	0.001
0.001	0.044	0.911	0.044
0.140	0.044	0.815	0.001
0.044	0.001	0.954	0.001
0.045	0.237	0.533	0.185
0.001	0.842	0.001	0.156
0.001	0.139	0.001	0.859
0.001	0.044	0.239	0.716
>GAGGKRGKCKGY	6-GAGGKRGKCKGY,BestGuess:ZNF91(Zf)/HEK-ZNF91.HA-ChIP-Seq(GSE162571)/Homer(0.765)	8.985563	-26.954281	0	T:11.0(100.00%),B:0.3(0.60%),P:1e-11
0.241	0.001	0.537	0.221
0.561	0.001	0.219	0.219
0.236	0.001	0.462	0.301
0.219	0.001	0.561	0.219
0.001	0.001	0.478	0.520
0.322	0.001	0.457	0.220
0.001	0.001	0.997	0.001
0.001	0.001	0.559	0.439
0.001	0.977	0.021	0.001
0.258	0.001	0.300	0.441
0.001	0.015	0.983	0.001
0.001	0.557	0.001	0.441
>YTCCATCCCTWC	7-YTCCATCCCTWC,BestGuess:ZNF684/MA1600.2/Jaspar(0.619)	10.783629	-26.954281	0	T:11.0(100.00%),B:0.0(0.00%),P:1e-11
0.049	0.415	0.049	0.486
0.001	0.049	0.049	0.901
0.203	0.795	0.001	0.001
0.098	0.835	0.049	0.018
0.459	0.261	0.049	0.231
0.207	0.279	0.049	0.465
0.049	0.641	0.049	0.261
0.197	0.591	0.211	0.001
0.049	0.804	0.049	0.098
0.001	0.048	0.001	0.950
0.486	0.098	0.049	0.366
0.049	0.901	0.049	0.001
>WGTGSCTTKAGG	8-WGTGSCTTKAGG,BestGuess:ZBTB9(Zf)/HEK293T-ZBTB9-ChIP-Seq(GSE251687)/Homer(0.674)	11.533799	-26.954281	0	T:11.0(100.00%),B:0.0(0.00%),P:1e-11
0.388	0.203	0.001	0.407
0.001	0.001	0.952	0.046
0.001	0.094	0.094	0.811
0.001	0.001	0.997	0.001
0.095	0.469	0.389	0.047
0.144	0.808	0.001	0.047
0.141	0.001	0.001	0.857
0.047	0.191	0.203	0.559
0.001	0.096	0.515	0.388
0.904	0.001	0.001	0.094
0.001	0.094	0.560	0.345
0.001	0.047	0.689	0.263
>CGCTTCVTCTGC	11-CGCTTCVTCTGC,BestGuess:PU.1(ETS)/ThioMac-PU.1-ChIP-Seq(GSE21512)/Homer(0.704)	11.633579	-26.954281	0	T:11.0(100.00%),B:0.0(0.00%),P:1e-11
0.001	0.658	0.001	0.340
0.385	0.001	0.613	0.001
0.001	0.638	0.360	0.001
0.001	0.372	0.001	0.626
0.001	0.001	0.001	0.997
0.001	0.997	0.001	0.001
0.258	0.353	0.388	0.001
0.032	0.258	0.001	0.709
0.001	0.997	0.001	0.001
0.001	0.001	0.001	0.997
0.273	0.001	0.725	0.001
0.001	0.997	0.001	0.001
>TGGTTTATCCAG	12-TGGTTTATCCAG,BestGuess:PBX2/MA1113.3/Jaspar(0.681)	9.765136	-26.954281	0	T:11.0(100.00%),B:0.0(0.00%),P:1e-11
0.001	0.148	0.001	0.850
0.001	0.001	0.850	0.148
0.001	0.001	0.850	0.148
0.001	0.001	0.148	0.850
0.001	0.001	0.001	0.997
0.235	0.149	0.149	0.468
0.850	0.001	0.001	0.148
0.001	0.001	0.001	0.997
0.001	0.616	0.382	0.001
0.001	0.616	0.001	0.382
0.665	0.001	0.185	0.149
0.001	0.011	0.617	0.371
>ATWSSWCT	3-ATWSSWCT,BestGuess:PB0134.1_Hnf4a_2/Jaspar(0.661)	8.462750	-26.954281	0	T:11.0(100.00%),B:1.0(1.94%),P:1e-11
0.910	0.001	0.001	0.088
0.001	0.001	0.001	0.997
0.437	0.001	0.001	0.561
0.001	0.437	0.561	0.001
0.001	0.447	0.551	0.001
0.462	0.001	0.001	0.536
0.001	0.997	0.001	0.001
0.001	0.001	0.001	0.997
>GTAKGCAT	5-GTAKGCAT,BestGuess:ZKSCAN1/MA1585.2/Jaspar(0.697)	8.605934	-26.954281	0	T:11.0(100.00%),B:0.0(0.00%),P:1e-11
0.001	0.071	0.927	0.001
0.086	0.001	0.035	0.878
0.886	0.112	0.001	0.001
0.036	0.073	0.509	0.382
0.001	0.001	0.997	0.001
0.035	0.634	0.330	0.001
0.558	0.002	0.123	0.317
0.001	0.035	0.320	0.644
>ACCCTAGA	6-ACCCTAGA,BestGuess:PB0181.1_Spdef_2/Jaspar(0.646)	9.508340	-26.954281	0	T:11.0(100.00%),B:0.9(1.82%),P:1e-11
0.997	0.001	0.001	0.001
0.001	0.997	0.001	0.001
0.001	0.997	0.001	0.001
0.001	0.997	0.001	0.001
0.001	0.001	0.001	0.997
0.997	0.001	0.001	0.001
0.299	0.066	0.634	0.001
0.700	0.001	0.232	0.067
>AGCTGTGC	8-AGCTGTGC,BestGuess:POL009.1_DCE_S_II/Jaspar(0.796)	10.592108	-26.954281	0	T:11.0(100.00%),B:0.7(1.38%),P:1e-11
0.894	0.001	0.001	0.104
0.001	0.306	0.692	0.001
0.001	0.997	0.001	0.001
0.001	0.001	0.001	0.997
0.001	0.001	0.997	0.001
0.001	0.001	0.001	0.997
0.001	0.001	0.997	0.001
0.001	0.997	0.001	0.001
>TGTTATGT	10-TGTTATGT,BestGuess:PB0119.1_Foxa2_2/Jaspar(0.775)	8.494139	-26.954281	0	T:11.0(100.00%),B:0.9(1.78%),P:1e-11
0.001	0.001	0.001	0.997
0.001	0.001	0.997	0.001
0.001	0.091	0.001	0.907
0.001	0.001	0.001	0.997
0.907	0.091	0.001	0.001
0.001	0.001	0.001	0.997
0.092	0.001	0.815	0.092
0.001	0.001	0.001	0.997
>GTATTTTT	12-GTATTTTT,BestGuess:MEF2A/MA0052.5/Jaspar(0.787)	9.746374	-26.954281	0	T:11.0(100.00%),B:0.0(0.00%),P:1e-11
0.105	0.001	0.893	0.001
0.001	0.001	0.001	0.997
0.997	0.001	0.001	0.001
0.001	0.332	0.001	0.666
0.105	0.001	0.001	0.893
0.001	0.001	0.001	0.997
0.001	0.001	0.001	0.997
0.001	0.001	0.001	0.997
>ACGGGTRC	13-ACGGGTRC,BestGuess:SNAI2/MA0745.3/Jaspar(0.739)	10.374173	-26.954281	0	T:11.0(100.00%),B:0.0(0.00%),P:1e-11
0.997	0.001	0.001	0.001
0.001	0.997	0.001	0.001
0.001	0.001	0.997	0.001
0.001	0.001	0.997	0.001
0.001	0.001	0.997	0.001
0.001	0.001	0.001	0.997
0.499	0.001	0.499	0.001
0.001	0.997	0.001	0.001
>GYKATGTGVC	13-GYKATGTGVC,BestGuess:USF1/MA0093.4/Jaspar(0.759)	8.566906	-24.469375	0	T:11.0(100.00%),B:1.9(3.79%),P:1e-10
0.075	0.001	0.613	0.311
0.001	0.570	0.001	0.428
0.236	0.001	0.311	0.451
0.997	0.001	0.001	0.001
0.001	0.407	0.001	0.591
0.001	0.001	0.997	0.001
0.001	0.311	0.001	0.687
0.033	0.001	0.965	0.001
0.355	0.333	0.237	0.075
0.001	0.971	0.001	0.027
>TAAACAAA	16-TAAACAAA,BestGuess:PB0016.1_Foxj1_1/Jaspar(0.866)	5.181188	-24.469375	0	T:11.0(100.00%),B:1.8(3.59%),P:1e-10
0.001	0.001	0.001	0.997
0.775	0.223	0.001	0.001
0.611	0.001	0.387	0.001
0.997	0.001	0.001	0.001
0.001	0.997	0.001	0.001
0.611	0.001	0.387	0.001
0.997	0.001	0.001	0.001
0.965	0.033	0.001	0.001
>CWYYCTTCCT	14-CWYYCTTCCT,BestGuess:IKZF2/MA2326.1/Jaspar(0.894)	11.162316	-23.003038	0	T:10.0(90.91%),B:0.0(0.00%),P:1e-9
0.348	0.645	0.006	0.001
0.476	0.001	0.001	0.522
0.001	0.522	0.001	0.476
0.001	0.540	0.001	0.458
0.001	0.997	0.001	0.001
0.110	0.001	0.001	0.888
0.001	0.028	0.001	0.970
0.001	0.997	0.001	0.001
0.001	0.997	0.001	0.001
0.001	0.001	0.001	0.997
>GTGCCCCCTTCT	16-GTGCCCCCTTCT,BestGuess:HIC2/MA0738.2/Jaspar(0.699)	6.704314	-23.003038	0	T:10.0(90.91%),B:0.6(1.26%),P:1e-9
0.001	0.001	0.997	0.001
0.001	0.001	0.001	0.997
0.211	0.001	0.787	0.001
0.001	0.997	0.001	0.001
0.001	0.787	0.211	0.001
0.077	0.921	0.001	0.001
0.001	0.665	0.001	0.333
0.001	0.787	0.001	0.211
0.001	0.333	0.001	0.665
0.092	0.001	0.242	0.665
0.122	0.665	0.001	0.212
0.001	0.001	0.001	0.997
>VAVCTGAGACAG	17-VAVCTGAGACAG,BestGuess:MAFK/MA0496.4/Jaspar(0.689)	10.007910	-23.003038	0	T:10.0(90.91%),B:0.0(0.00%),P:1e-9
0.297	0.297	0.406	0.001
0.702	0.001	0.001	0.296
0.406	0.297	0.297	0.001
0.001	0.997	0.001	0.001
0.001	0.296	0.001	0.702
0.001	0.001	0.997	0.001
0.593	0.001	0.405	0.001
0.001	0.001	0.997	0.001
0.702	0.296	0.001	0.001
0.001	0.997	0.001	0.001
0.702	0.001	0.296	0.001
0.405	0.001	0.593	0.001
>TCASTTTYTY	16-TCASTTTYTY,BestGuess:SPIB/MA0081.3/Jaspar(0.733)	8.378118	-20.622779	0	T:10.0(90.91%),B:1.4(2.70%),P:1e-8
0.001	0.166	0.083	0.750
0.001	0.997	0.001	0.001
0.648	0.083	0.001	0.268
0.166	0.344	0.488	0.001
0.082	0.001	0.001	0.916
0.357	0.001	0.001	0.641
0.001	0.365	0.001	0.633
0.001	0.558	0.001	0.440
0.096	0.001	0.001	0.902
0.001	0.558	0.001	0.440
>CTCSGCTGCM	17-CTCSGCTGCM,BestGuess:NHLH1/MA0048.3/Jaspar(0.678)	7.849042	-20.622779	0	T:10.0(90.91%),B:1.3(2.56%),P:1e-8
0.001	0.947	0.051	0.001
0.001	0.052	0.215	0.732
0.269	0.567	0.163	0.001
0.106	0.275	0.403	0.215
0.001	0.013	0.878	0.108
0.052	0.684	0.158	0.106
0.163	0.223	0.001	0.613
0.001	0.001	0.893	0.105
0.001	0.947	0.001	0.051
0.403	0.493	0.052	0.052
>GTTAATGTGT	18-GTTAATGTGT,BestGuess:NKX6-3/MA1530.2/Jaspar(0.688)	6.712048	-19.725893	0	T:9.0(81.82%),B:0.4(0.69%),P:1e-8
0.001	0.001	0.997	0.001
0.001	0.001	0.001	0.997
0.001	0.001	0.001	0.997
0.881	0.028	0.090	0.001
0.997	0.001	0.001	0.001
0.001	0.001	0.001	0.997
0.001	0.001	0.997	0.001
0.001	0.001	0.001	0.997
0.001	0.001	0.997	0.001
0.001	0.001	0.089	0.909
>GTGGGGCCTTCG	18-GTGGGGCCTTCG,BestGuess:ZNF692(Zf)/HEK293-ZNF692.GFP-ChIP-Seq(GSE58341)/Homer(0.600)	4.903414	-17.400919	0	T:10.0(90.91%),B:3.6(6.95%),P:1e-7
0.001	0.001	0.997	0.001
0.040	0.001	0.001	0.958
0.001	0.001	0.662	0.336
0.001	0.001	0.620	0.378
0.001	0.336	0.662	0.001
0.041	0.001	0.620	0.338
0.001	0.997	0.001	0.001
0.001	0.703	0.295	0.001
0.001	0.295	0.001	0.703
0.001	0.295	0.001	0.703
0.001	0.662	0.001	0.336
0.001	0.009	0.989	0.001
>MTGCATCC	21-MTGCATCC,BestGuess:Foxn1/MA1684.1/Jaspar(0.702)	6.580936	-16.586305	0	T:11.0(100.00%),B:7.7(15.02%),P:1e-7
0.472	0.467	0.060	0.001
0.005	0.001	0.001	0.993
0.233	0.001	0.765	0.001
0.001	0.903	0.048	0.048
0.631	0.001	0.367	0.001
0.319	0.001	0.018	0.662
0.073	0.925	0.001	0.001
0.001	0.692	0.074	0.233
>GAGCGGCCCGCG	19-GAGCGGCCCGCG,BestGuess:ZNF610/MA1713.2/Jaspar(0.689)	5.553462	-14.214482	0	T:7.0(63.64%),B:0.7(1.36%),P:1e-6
0.001	0.001	0.731	0.267
0.731	0.267	0.001	0.001
0.001	0.001	0.997	0.001
0.001	0.997	0.001	0.001
0.001	0.001	0.997	0.001
0.001	0.001	0.829	0.169
0.170	0.731	0.098	0.001
0.001	0.829	0.169	0.001
0.001	0.997	0.001	0.001
0.001	0.001	0.829	0.169
0.001	0.997	0.001	0.001
0.001	0.001	0.731	0.267
>TTCACAGA	23-TTCACAGA,BestGuess:Stat5b/MA1625.2/Jaspar(0.769)	7.625481	-13.295504	0	T:9.0(81.82%),B:4.6(8.87%),P:1e-5
0.001	0.006	0.110	0.883
0.110	0.001	0.365	0.524
0.001	0.932	0.001	0.066
0.517	0.210	0.272	0.001
0.001	0.834	0.098	0.067
0.956	0.001	0.001	0.042
0.375	0.001	0.557	0.067
0.862	0.136	0.001	0.001
>AACCGCTGTT	22-AACCGCTGTT,BestGuess:Tcf21/MA0832.2/Jaspar(0.852)	12.349661	-11.798568	0	T:6.0(54.55%),B:0.0(0.00%),P:1e-5
0.732	0.188	0.079	0.001
0.997	0.001	0.001	0.001
0.001	0.731	0.001	0.267
0.169	0.829	0.001	0.001
0.001	0.001	0.997	0.001
0.001	0.997	0.001	0.001
0.169	0.001	0.001	0.829
0.001	0.267	0.731	0.001
0.001	0.001	0.001	0.997
0.001	0.001	0.169	0.829
>ACVACKRRAT	23-ACVACKRRAT,BestGuess:ZBTB9(Zf)/HEK293T-ZBTB9-ChIP-Seq(GSE251687)/Homer(0.718)	8.434092	-11.798568	0	T:6.0(54.55%),B:0.0(0.00%),P:1e-5
0.572	0.075	0.352	0.001
0.001	0.817	0.181	0.001
0.325	0.274	0.325	0.076
0.920	0.001	0.075	0.004
0.075	0.897	0.027	0.001
0.001	0.001	0.443	0.555
0.440	0.075	0.484	0.001
0.444	0.230	0.325	0.001
0.674	0.001	0.324	0.001
0.001	0.079	0.325	0.595
>GAAGTGCACACG	22-GAAGTGCACACG,BestGuess:PB0044.1_Mtf1_1/Jaspar(0.782)	9.224041	-9.547277	0	T:5.0(45.45%),B:0.3(0.57%),P:1e-4
0.279	0.001	0.656	0.064
0.647	0.001	0.342	0.010
0.667	0.001	0.002	0.330
0.353	0.001	0.645	0.001
0.001	0.127	0.001	0.871
0.001	0.063	0.935	0.001
0.063	0.935	0.001	0.001
0.989	0.001	0.001	0.009
0.010	0.633	0.356	0.001
0.923	0.002	0.001	0.074
0.201	0.796	0.002	0.001
0.074	0.276	0.649	0.001
>GTGCAGATTCAC	23-GTGCAGATTCAC,BestGuess:Bach2(bZIP)/OCILy7-Bach2-ChIP-Seq(GSE44420)/Homer(0.676)	10.030965	-9.547277	0	T:5.0(45.45%),B:0.0(0.00%),P:1e-4
0.101	0.001	0.897	0.001
0.232	0.134	0.001	0.633
0.001	0.001	0.997	0.001
0.001	0.997	0.001	0.001
0.997	0.001	0.001	0.001
0.001	0.001	0.997	0.001
0.997	0.001	0.001	0.001
0.001	0.365	0.001	0.633
0.001	0.001	0.001	0.997
0.001	0.997	0.001	0.001
0.633	0.365	0.001	0.001
0.001	0.767	0.231	0.001
>GTGAACTKTA	25-GTGAACTKTA,BestGuess:NR1I3/MA1534.2/Jaspar(0.934)	10.602368	-7.432744	0	T:4.0(36.36%),B:0.0(0.00%),P:1e-3
0.236	0.306	0.456	0.001
0.001	0.149	0.001	0.849
0.001	0.001	0.849	0.149
0.997	0.001	0.001	0.001
0.849	0.149	0.001	0.001
0.001	0.997	0.001	0.001
0.001	0.001	0.001	0.997
0.001	0.181	0.361	0.456
0.007	0.001	0.001	0.991
0.457	0.307	0.182	0.055
