>RGATTSSCAMTC	7-RGATTSSCAMTC,BestGuess:NF1-halfsite(CTF)/LNCaP-NF1-ChIP-Seq(Unpublished)/Homer(0.679)	9.649774	-24.679333	0	T:12.0(100.00%),B:0.0(0.00%),P:1e-10
0.290	0.177	0.395	0.137
0.002	0.077	0.784	0.137
0.454	0.235	0.038	0.273
0.096	0.235	0.219	0.451
0.038	0.002	0.041	0.919
0.038	0.449	0.359	0.154
0.136	0.373	0.431	0.060
0.097	0.707	0.158	0.038
0.882	0.077	0.001	0.040
0.295	0.412	0.216	0.077
0.238	0.210	0.019	0.533
0.097	0.599	0.057	0.247
