>TAACATTKGGAW	4-WTCCMAATGTTA	10.373501	-24.679333	0	T:12.0(100.00%),B:0.0(0.00%),P:1e-10
0.001	0.001	0.088	0.910
0.592	0.120	0.030	0.258
0.850	0.119	0.001	0.030
0.030	0.622	0.289	0.059
0.535	0.180	0.036	0.249
0.089	0.030	0.059	0.822
0.165	0.065	0.030	0.740
0.042	0.120	0.463	0.374
0.239	0.030	0.701	0.030
0.089	0.001	0.760	0.150
0.656	0.001	0.164	0.179
0.373	0.165	0.089	0.373
