>KYCTGCSAGGCG	11-CGCCTSGCAGRM	9.777569	-24.679333	0	T:12.0(100.00%),B:0.0(0.00%),P:1e-10
0.229	0.129	0.385	0.256
0.098	0.382	0.108	0.412
0.027	0.723	0.074	0.176
0.025	0.025	0.214	0.736
0.233	0.308	0.458	0.001
0.075	0.518	0.306	0.101
0.104	0.352	0.489	0.055
0.586	0.213	0.151	0.050
0.025	0.026	0.924	0.025
0.300	0.027	0.518	0.155
0.026	0.770	0.099	0.105
0.174	0.074	0.497	0.255
