>WTCCMAATGTTA	4-WTCCMAATGTTA,BestGuess:ZBTB18/MA0698.2/Jaspar(0.631)	10.373501	-24.679333	0	T:12.0(100.00%),B:0.0(0.00%),P:1e-10
0.373	0.089	0.165	0.373
0.179	0.164	0.001	0.656
0.150	0.760	0.001	0.089
0.030	0.701	0.030	0.239
0.374	0.463	0.120	0.042
0.740	0.030	0.065	0.165
0.822	0.059	0.030	0.089
0.249	0.036	0.180	0.535
0.059	0.289	0.622	0.030
0.030	0.001	0.119	0.850
0.258	0.030	0.120	0.592
0.910	0.088	0.001	0.001
