>TWTAGACCACKA	8-TWTAGACCACKA	9.796696	-24.679333	0	T:12.0(100.00%),B:0.0(0.00%),P:1e-10
0.001	0.001	0.402	0.596
0.520	0.001	0.001	0.478
0.390	0.002	0.001	0.607
0.923	0.001	0.001	0.075
0.001	0.076	0.847	0.076
0.685	0.238	0.001	0.076
0.049	0.874	0.001	0.076
0.076	0.548	0.327	0.049
0.827	0.076	0.096	0.001
0.076	0.533	0.315	0.076
0.001	0.131	0.478	0.390
0.979	0.019	0.001	0.001
