>CGCCTSGCAGRM	11-CGCCTSGCAGRM,BestGuess:Smad2(MAD)/ES-SMAD2-ChIP-Seq(GSE29422)/Homer(0.619)	9.777569	-24.679333	0	T:12.0(100.00%),B:0.0(0.00%),P:1e-10
0.255	0.497	0.074	0.174
0.105	0.099	0.770	0.026
0.155	0.518	0.027	0.300
0.025	0.924	0.026	0.025
0.050	0.151	0.213	0.586
0.055	0.489	0.352	0.104
0.101	0.306	0.518	0.075
0.001	0.458	0.308	0.233
0.736	0.214	0.025	0.025
0.176	0.074	0.723	0.027
0.412	0.108	0.382	0.098
0.256	0.385	0.129	0.229
