>AAGATCTCAATC	2-AAGATCTCAATC	11.701225	-24.679333	0	T:12.0(100.00%),B:0.0(0.00%),P:1e-10
0.531	0.034	0.339	0.096
0.766	0.032	0.138	0.064
0.265	0.001	0.702	0.032
0.736	0.032	0.168	0.064
0.064	0.128	0.032	0.776
0.136	0.536	0.064	0.264
0.032	0.064	0.104	0.800
0.128	0.573	0.098	0.201
0.603	0.333	0.001	0.063
0.639	0.032	0.201	0.128
0.200	0.095	0.001	0.704
0.064	0.662	0.138	0.136
