>AAYATTTGGTGK	3-AAYATTTGGTGK	9.859970	-24.679333	0	T:12.0(100.00%),B:0.0(0.00%),P:1e-10
0.659	0.083	0.257	0.001
0.574	0.001	0.285	0.140
0.140	0.342	0.056	0.463
0.801	0.028	0.060	0.111
0.169	0.111	0.057	0.663
0.085	0.088	0.056	0.771
0.057	0.028	0.083	0.832
0.142	0.002	0.771	0.085
0.083	0.090	0.771	0.056
0.139	0.090	0.056	0.715
0.201	0.062	0.567	0.170
0.113	0.111	0.345	0.431
