>GCCGCGTYGMAG	19-GCCGCGTYGMAG	8.239405	-21.095814	0	T:11.0(91.67%),B:0.0(0.00%),P:1e-9
0.001	0.173	0.692	0.134
0.234	0.595	0.043	0.128
0.043	0.498	0.237	0.222
0.001	0.263	0.692	0.044
0.087	0.863	0.001	0.049
0.042	0.177	0.780	0.001
0.199	0.045	0.234	0.522
0.128	0.423	0.088	0.362
0.135	0.128	0.510	0.227
0.404	0.319	0.234	0.043
0.630	0.128	0.051	0.191
0.173	0.001	0.514	0.312
