>GAKTGSSAATCY	7-RGATTSSCAMTC	9.649774	-24.679333	0	T:12.0(100.00%),B:0.0(0.00%),P:1e-10
0.247	0.057	0.599	0.097
0.533	0.019	0.210	0.238
0.077	0.216	0.412	0.295
0.040	0.001	0.077	0.882
0.038	0.158	0.707	0.097
0.060	0.431	0.373	0.136
0.154	0.359	0.449	0.038
0.919	0.041	0.002	0.038
0.451	0.219	0.235	0.096
0.273	0.038	0.235	0.454
0.137	0.784	0.077	0.002
0.137	0.395	0.177	0.290
