>AGAAGATCTC	1-AGAAGATCTC	12.529127	-26.052982	0	T:12.0(100.00%),B:0.0(0.00%),P:1e-11	Tpos:195.6,Tstd:65.3,Bpos:0.0,Bstd:0.0,StrandBias:3.2,Multiplicity:1.75
0.743	0.255	0.001	0.001
0.001	0.001	0.997	0.001
0.997	0.001	0.001	0.001
0.997	0.001	0.001	0.001
0.001	0.001	0.997	0.001
0.997	0.001	0.001	0.001
0.380	0.001	0.001	0.618
0.001	0.997	0.001	0.001
0.001	0.001	0.001	0.997
0.001	0.953	0.045	0.001
>AATATTTGGT	2-AATATTTGGT	9.157049	-26.052982	0	T:12.0(100.00%),B:0.0(0.00%),P:1e-11	Tpos:303.0,Tstd:207.3,Bpos:0.0,Bstd:0.0,StrandBias:0.4,Multiplicity:2.67
0.928	0.001	0.070	0.001
0.908	0.001	0.090	0.001
0.001	0.001	0.070	0.928
0.776	0.001	0.222	0.001
0.001	0.070	0.001	0.928
0.001	0.293	0.071	0.635
0.001	0.001	0.001	0.997
0.147	0.003	0.849	0.001
0.071	0.304	0.624	0.001
0.142	0.304	0.071	0.483
>ATCCACACTT	3-ATCCACACTT	9.010782	-26.052982	0	T:12.0(100.00%),B:0.0(0.00%),P:1e-11	Tpos:110.9,Tstd:118.6,Bpos:0.0,Bstd:0.0,StrandBias:-0.1,Multiplicity:1.92
0.718	0.019	0.167	0.096
0.038	0.038	0.038	0.886
0.115	0.532	0.038	0.315
0.301	0.585	0.019	0.095
0.554	0.057	0.156	0.233
0.076	0.634	0.095	0.195
0.886	0.019	0.019	0.076
0.058	0.689	0.076	0.177
0.038	0.095	0.019	0.848
0.038	0.217	0.057	0.688
>CTTTAWTCYT	4-CTTTAWTCYT	10.566920	-26.052982	0	T:12.0(100.00%),B:0.8(2.01%),P:1e-11	Tpos:281.8,Tstd:11.6,Bpos:430.0,Bstd:0.0,StrandBias:3.0,Multiplicity:1.50
0.001	0.997	0.001	0.001
0.001	0.001	0.001	0.997
0.001	0.001	0.001	0.997
0.001	0.001	0.001	0.997
0.997	0.001	0.001	0.001
0.458	0.083	0.001	0.458
0.001	0.001	0.001	0.997
0.001	0.997	0.001	0.001
0.001	0.541	0.001	0.457
0.001	0.001	0.001	0.997
>AGACGAAGRT	5-AGACGAAGRT	9.866652	-26.052982	0	T:12.0(100.00%),B:0.0(0.00%),P:1e-11	Tpos:223.1,Tstd:110.0,Bpos:0.0,Bstd:0.0,StrandBias:4.2,Multiplicity:1.67
0.997	0.001	0.001	0.001
0.200	0.001	0.798	0.001
0.997	0.001	0.001	0.001
0.001	0.997	0.001	0.001
0.099	0.001	0.899	0.001
0.899	0.099	0.001	0.001
0.774	0.224	0.001	0.001
0.001	0.001	0.997	0.001
0.468	0.001	0.530	0.001
0.001	0.100	0.243	0.656
>TCCYAACATT	6-TCCYAACATT	7.853910	-26.052982	0	T:12.0(100.00%),B:0.5(1.20%),P:1e-11	Tpos:268.5,Tstd:60.8,Bpos:436.0,Bstd:0.0,StrandBias:-0.6,Multiplicity:2.33
0.001	0.088	0.058	0.853
0.090	0.721	0.160	0.029
0.059	0.756	0.029	0.156
0.147	0.383	0.029	0.440
0.467	0.160	0.226	0.147
0.941	0.029	0.001	0.029
0.118	0.427	0.255	0.200
0.686	0.030	0.196	0.088
0.029	0.001	0.147	0.823
0.004	0.059	0.029	0.908
>AAGGYGGGAA	7-AAGGYGGGAA	10.193957	-26.052982	0	T:12.0(100.00%),B:0.0(0.00%),P:1e-11	Tpos:295.5,Tstd:138.3,Bpos:0.0,Bstd:0.0,StrandBias:3.8,Multiplicity:1.25
0.997	0.001	0.001	0.001
0.997	0.001	0.001	0.001
0.001	0.001	0.997	0.001
0.001	0.001	0.997	0.001
0.149	0.492	0.001	0.358
0.149	0.001	0.551	0.299
0.149	0.001	0.849	0.001
0.001	0.001	0.997	0.001
0.517	0.158	0.158	0.167
0.699	0.001	0.299	0.001
>CTCCATCTTC	8-CTCCATCTTC	8.294099	-26.052982	0	T:12.0(100.00%),B:0.0(0.00%),P:1e-11	Tpos:203.9,Tstd:48.7,Bpos:0.0,Bstd:0.0,StrandBias:3.7,Multiplicity:1.17
0.001	0.989	0.001	0.009
0.001	0.001	0.001	0.997
0.001	0.997	0.001	0.001
0.163	0.835	0.001	0.001
0.997	0.001	0.001	0.001
0.001	0.001	0.001	0.997
0.001	0.997	0.001	0.001
0.061	0.001	0.278	0.660
0.001	0.395	0.001	0.603
0.001	0.997	0.001	0.001
>TTGGAAGWAA	9-TTGGAAGWAA	6.768454	-26.052982	0	T:12.0(100.00%),B:0.5(1.33%),P:1e-11	Tpos:202.1,Tstd:210.0,Bpos:531.0,Bstd:0.0,StrandBias:0.6,Multiplicity:1.92
0.001	0.001	0.001	0.997
0.171	0.001	0.001	0.827
0.001	0.001	0.997	0.001
0.001	0.001	0.997	0.001
0.986	0.001	0.012	0.001
0.997	0.001	0.001	0.001
0.356	0.001	0.642	0.001
0.459	0.001	0.001	0.539
0.540	0.171	0.288	0.001
0.997	0.001	0.001	0.001
>ACTGTCCTTG	10-ACTGTCCTTG	6.910858	-26.052982	0	T:12.0(100.00%),B:0.9(2.21%),P:1e-11	Tpos:222.7,Tstd:130.7,Bpos:190.9,Bstd:90.1,StrandBias:2.4,Multiplicity:2.08
0.997	0.001	0.001	0.001
0.001	0.997	0.001	0.001
0.001	0.051	0.001	0.947
0.004	0.001	0.767	0.228
0.001	0.001	0.001	0.997
0.296	0.595	0.056	0.053
0.112	0.886	0.001	0.001
0.056	0.015	0.271	0.658
0.001	0.001	0.280	0.718
0.001	0.001	0.997	0.001
>ARGGCCCCTA	11-ARGGCCCCTA	9.962879	-26.052982	0	T:12.0(100.00%),B:0.0(0.00%),P:1e-11	Tpos:122.7,Tstd:102.1,Bpos:0.0,Bstd:0.0,StrandBias:3.6,Multiplicity:1.08
0.954	0.001	0.001	0.044
0.370	0.045	0.495	0.090
0.090	0.001	0.539	0.370
0.001	0.146	0.610	0.243
0.101	0.853	0.045	0.001
0.001	0.997	0.001	0.001
0.135	0.718	0.045	0.102
0.193	0.750	0.056	0.001
0.001	0.193	0.045	0.761
0.729	0.136	0.045	0.090
>TATTATCCTG	12-TATTATCCTG	7.724105	-26.052982	0	T:12.0(100.00%),B:0.0(0.00%),P:1e-11	Tpos:236.1,Tstd:169.1,Bpos:0.0,Bstd:0.0,StrandBias:-1.3,Multiplicity:1.42
0.001	0.001	0.001	0.997
0.997	0.001	0.001	0.001
0.001	0.001	0.161	0.837
0.001	0.001	0.001	0.997
0.822	0.085	0.001	0.092
0.001	0.001	0.001	0.997
0.001	0.997	0.001	0.001
0.001	0.997	0.001	0.001
0.001	0.001	0.161	0.837
0.001	0.001	0.997	0.001
>TCGCACTCCA	13-TCGCACTCCA	12.324874	-26.052982	0	T:12.0(100.00%),B:0.0(0.00%),P:1e-11	Tpos:97.7,Tstd:121.6,Bpos:0.0,Bstd:0.0,StrandBias:3.5,Multiplicity:1.00
0.001	0.001	0.001	0.997
0.001	0.815	0.001	0.183
0.001	0.001	0.997	0.001
0.001	0.815	0.183	0.001
0.997	0.001	0.001	0.001
0.001	0.997	0.001	0.001
0.001	0.001	0.001	0.997
0.001	0.997	0.001	0.001
0.183	0.815	0.001	0.001
0.594	0.001	0.001	0.404
>TATAGACCAC	14-TATAGACCAC	6.585310	-26.052982	0	T:12.0(100.00%),B:0.4(0.92%),P:1e-11	Tpos:133.7,Tstd:117.6,Bpos:136.0,Bstd:0.0,StrandBias:3.0,Multiplicity:1.50
0.001	0.001	0.109	0.889
0.889	0.001	0.001	0.109
0.001	0.001	0.001	0.997
0.997	0.001	0.001	0.001
0.001	0.001	0.997	0.001
0.997	0.001	0.001	0.001
0.001	0.997	0.001	0.001
0.020	0.890	0.089	0.001
0.997	0.001	0.001	0.001
0.001	0.997	0.001	0.001
>CYTCGCCTCA	15-CYTCGCCTCA	8.025537	-26.052982	0	T:12.0(100.00%),B:0.0(0.00%),P:1e-11	Tpos:214.3,Tstd:59.4,Bpos:0.0,Bstd:0.0,StrandBias:3.3,Multiplicity:1.83
0.049	0.707	0.049	0.195
0.098	0.460	0.110	0.333
0.049	0.110	0.049	0.792
0.049	0.520	0.333	0.098
0.146	0.049	0.707	0.098
0.332	0.570	0.001	0.097
0.098	0.755	0.049	0.098
0.048	0.001	0.110	0.841
0.146	0.549	0.049	0.256
0.588	0.208	0.155	0.049
>TGTCAACAAT	16-TGTCAACAAT	10.399326	-26.052982	0	T:12.0(100.00%),B:0.6(1.48%),P:1e-11	Tpos:363.1,Tstd:123.0,Bpos:491.0,Bstd:0.0,StrandBias:1.3,Multiplicity:1.17
0.001	0.001	0.001	0.997
0.001	0.001	0.997	0.001
0.001	0.001	0.001	0.997
0.297	0.536	0.146	0.021
0.997	0.001	0.001	0.001
0.957	0.001	0.041	0.001
0.001	0.702	0.001	0.296
0.997	0.001	0.001	0.001
0.619	0.001	0.379	0.001
0.001	0.001	0.001	0.997
>TTRCAHACTC	17-TTRCAHACTC	7.548260	-26.052982	0	T:12.0(100.00%),B:0.8(2.01%),P:1e-11	Tpos:390.8,Tstd:107.1,Bpos:330.0,Bstd:0.0,StrandBias:10.0,Multiplicity:1.10
0.001	0.001	0.001	0.997
0.001	0.001	0.397	0.601
0.543	0.001	0.455	0.001
0.271	0.727	0.001	0.001
0.997	0.001	0.001	0.001
0.398	0.272	0.001	0.330
0.997	0.001	0.001	0.001
0.001	0.997	0.001	0.001
0.001	0.001	0.001	0.997
0.001	0.970	0.001	0.028
>TGTGGAAGGC	18-TGTGGAAGGC	11.490573	-26.052982	0	T:12.0(100.00%),B:0.0(0.00%),P:1e-11	Tpos:541.8,Tstd:2.0,Bpos:0.0,Bstd:0.0,StrandBias:10.0,Multiplicity:1.00
0.001	0.001	0.001	0.997
0.200	0.001	0.599	0.200
0.001	0.001	0.199	0.799
0.001	0.001	0.997	0.001
0.001	0.001	0.997	0.001
0.997	0.001	0.001	0.001
0.997	0.001	0.001	0.001
0.199	0.001	0.799	0.001
0.001	0.001	0.997	0.001
0.001	0.997	0.001	0.001
>YAGTTAATCA	19-YAGTTAATCA	9.813595	-22.339410	0	T:11.0(91.67%),B:0.0(0.00%),P:1e-9	Tpos:417.1,Tstd:125.0,Bpos:0.0,Bstd:0.0,StrandBias:2.8,Multiplicity:1.45
0.001	0.565	0.001	0.433
0.997	0.001	0.001	0.001
0.001	0.001	0.997	0.001
0.001	0.001	0.001	0.997
0.078	0.078	0.001	0.843
0.997	0.001	0.001	0.001
0.997	0.001	0.001	0.001
0.001	0.001	0.001	0.997
0.001	0.594	0.404	0.001
0.997	0.001	0.001	0.001
>TAGATAAAGG	20-TAGATAAAGG	8.350283	-22.339410	0	T:11.0(91.67%),B:0.5(1.33%),P:1e-9	Tpos:463.7,Tstd:1.9,Bpos:519.0,Bstd:0.0,StrandBias:10.0,Multiplicity:1.00
0.100	0.100	0.100	0.700
0.700	0.100	0.100	0.100
0.100	0.100	0.700	0.100
0.700	0.100	0.100	0.100
0.100	0.100	0.100	0.700
0.700	0.100	0.100	0.100
0.700	0.100	0.100	0.100
0.700	0.100	0.100	0.100
0.100	0.100	0.700	0.100
0.100	0.100	0.700	0.100
>TTATCYAGAD	21-TTATCYAGAD	7.867921	-19.877115	0	T:11.0(91.67%),B:1.1(2.65%),P:1e-8	Tpos:430.8,Tstd:141.0,Bpos:241.6,Bstd:82.1,StrandBias:-0.3,Multiplicity:1.82
0.045	0.045	0.001	0.909
0.004	0.001	0.001	0.994
0.772	0.091	0.001	0.136
0.136	0.091	0.045	0.728
0.286	0.620	0.001	0.093
0.233	0.435	0.001	0.331
0.763	0.091	0.091	0.055
0.237	0.091	0.524	0.148
0.895	0.001	0.054	0.050
0.336	0.001	0.390	0.272
>GTAGGCTCTC	22-GTAGGCTCTC	7.283854	-19.877115	0	T:11.0(91.67%),B:1.7(4.10%),P:1e-8	Tpos:273.8,Tstd:127.2,Bpos:352.5,Bstd:136.2,StrandBias:4.3,Multiplicity:1.91
0.001	0.418	0.580	0.001
0.001	0.334	0.001	0.664
0.611	0.001	0.387	0.001
0.185	0.090	0.724	0.001
0.280	0.054	0.665	0.001
0.001	0.619	0.001	0.379
0.001	0.395	0.001	0.603
0.001	0.941	0.001	0.057
0.001	0.239	0.001	0.759
0.185	0.724	0.001	0.090
>AATTAAACCT	23-AATTAAACCT	8.459077	-19.294888	0	T:10.0(83.33%),B:0.9(2.34%),P:1e-8	Tpos:424.1,Tstd:88.3,Bpos:456.0,Bstd:10.1,StrandBias:1.3,Multiplicity:1.40
0.963	0.001	0.035	0.001
0.963	0.001	0.035	0.001
0.001	0.001	0.001	0.997
0.073	0.035	0.001	0.891
0.997	0.001	0.001	0.001
0.594	0.001	0.001	0.404
0.594	0.001	0.404	0.001
0.001	0.997	0.001	0.001
0.001	0.997	0.001	0.001
0.035	0.035	0.001	0.929
>TTTTATAYAA	24-TTTTATAYAA	9.936642	-12.037180	0	T:7.0(58.33%),B:0.6(1.52%),P:1e-5	Tpos:461.6,Tstd:185.3,Bpos:137.0,Bstd:0.0,StrandBias:1.6,Multiplicity:1.00
0.001	0.001	0.001	0.997
0.028	0.157	0.272	0.543
0.001	0.001	0.001	0.997
0.001	0.001	0.271	0.727
0.727	0.001	0.271	0.001
0.001	0.001	0.271	0.727
0.997	0.001	0.001	0.001
0.001	0.543	0.001	0.455
0.727	0.271	0.001	0.001
0.997	0.001	0.001	0.001
