>GRAGATCWCMAT	1-GRAGATCWCMAT	12.173652	-26.052982	0	T:12.0(100.00%),B:0.0(0.00%),P:1e-11	Tpos:205.9,Tstd:40.8,Bpos:0.0,Bstd:0.0,StrandBias:3.9,Multiplicity:1.33
0.001	0.001	0.997	0.001
0.400	0.220	0.378	0.001
0.973	0.001	0.025	0.001
0.378	0.001	0.620	0.001
0.997	0.001	0.001	0.001
0.353	0.001	0.001	0.645
0.001	0.778	0.001	0.220
0.352	0.001	0.220	0.427
0.176	0.647	0.176	0.001
0.424	0.574	0.001	0.001
0.821	0.177	0.001	0.001
0.001	0.001	0.001	0.997
>ACATTRTTKACA	2-ACATTRTTKACA	9.936463	-26.052982	0	T:12.0(100.00%),B:0.4(1.06%),P:1e-11	Tpos:414.3,Tstd:102.6,Bpos:124.0,Bstd:0.0,StrandBias:0.5,Multiplicity:2.42
0.737	0.001	0.001	0.261
0.360	0.523	0.001	0.116
0.997	0.001	0.001	0.001
0.001	0.001	0.001	0.997
0.001	0.001	0.001	0.997
0.522	0.001	0.476	0.001
0.001	0.308	0.001	0.690
0.001	0.174	0.001	0.824
0.139	0.183	0.294	0.384
0.679	0.261	0.059	0.001
0.058	0.688	0.058	0.196
0.997	0.001	0.001	0.001
>AAYATTTGGTGK	3-AAYATTTGGTGK	10.044216	-26.052982	0	T:12.0(100.00%),B:0.0(0.00%),P:1e-11	Tpos:112.7,Tstd:142.7,Bpos:0.0,Bstd:0.0,StrandBias:-0.2,Multiplicity:2.00
0.562	0.107	0.330	0.001
0.562	0.001	0.330	0.107
0.182	0.330	0.072	0.416
0.856	0.036	0.001	0.107
0.072	0.143	0.074	0.711
0.110	0.036	0.001	0.853
0.001	0.036	0.107	0.856
0.185	0.003	0.776	0.036
0.072	0.119	0.737	0.072
0.179	0.083	0.001	0.737
0.264	0.045	0.548	0.143
0.147	0.072	0.372	0.409
>ATCCYAATRTTA	4-ATCCYAATRTTA	8.417070	-26.052982	0	T:12.0(100.00%),B:0.0(0.00%),P:1e-11	Tpos:249.6,Tstd:61.9,Bpos:0.0,Bstd:0.0,StrandBias:3.6,Multiplicity:1.08
0.502	0.111	0.049	0.338
0.235	0.029	0.080	0.656
0.274	0.479	0.079	0.168
0.049	0.734	0.039	0.178
0.212	0.406	0.060	0.323
0.648	0.155	0.079	0.118
0.737	0.134	0.069	0.060
0.152	0.197	0.149	0.502
0.312	0.176	0.394	0.118
0.118	0.029	0.121	0.732
0.130	0.049	0.040	0.781
0.438	0.177	0.204	0.180
>TKTKGATAAGAT	5-TKTKGATAAGAT	8.576736	-26.052982	0	T:12.0(100.00%),B:0.3(0.69%),P:1e-11	Tpos:208.4,Tstd:134.4,Bpos:477.0,Bstd:0.0,StrandBias:-2.4,Multiplicity:1.58
0.084	0.001	0.001	0.914
0.001	0.116	0.456	0.426
0.339	0.001	0.001	0.659
0.001	0.008	0.458	0.533
0.081	0.111	0.807	0.001
0.803	0.082	0.030	0.085
0.280	0.001	0.001	0.718
0.882	0.001	0.111	0.006
0.711	0.001	0.287	0.001
0.258	0.109	0.623	0.010
0.806	0.001	0.187	0.006
0.032	0.170	0.173	0.625
>YTTACCTTTGGA	6-YTTACCTTTGGA	8.391312	-26.052982	0	T:12.0(100.00%),B:0.5(1.23%),P:1e-11	Tpos:230.0,Tstd:227.6,Bpos:365.0,Bstd:0.0,StrandBias:3.1,Multiplicity:1.58
0.001	0.453	0.001	0.545
0.001	0.001	0.001	0.997
0.001	0.055	0.001	0.943
0.456	0.272	0.272	0.001
0.001	0.997	0.001	0.001
0.110	0.817	0.001	0.072
0.272	0.272	0.001	0.454
0.001	0.001	0.001	0.997
0.001	0.001	0.001	0.997
0.271	0.001	0.727	0.001
0.001	0.001	0.997	0.001
0.988	0.001	0.010	0.001
>CTTCCRGAGART	7-CTTCCRGAGART	8.477397	-26.052982	0	T:12.0(100.00%),B:0.5(1.13%),P:1e-11	Tpos:319.8,Tstd:209.2,Bpos:161.0,Bstd:0.0,StrandBias:0.3,Multiplicity:2.08
0.090	0.594	0.092	0.224
0.210	0.144	0.001	0.645
0.001	0.001	0.041	0.957
0.132	0.615	0.001	0.252
0.090	0.505	0.126	0.279
0.469	0.042	0.405	0.084
0.084	0.126	0.489	0.300
0.915	0.042	0.001	0.042
0.252	0.001	0.510	0.237
0.789	0.001	0.126	0.084
0.489	0.084	0.427	0.001
0.167	0.001	0.001	0.831
>TTTAGGAGTGYG	8-TTTAGGAGTGYG	8.363934	-26.052982	0	T:12.0(100.00%),B:0.0(0.00%),P:1e-11	Tpos:118.0,Tstd:155.0,Bpos:0.0,Bstd:0.0,StrandBias:0.3,Multiplicity:1.67
0.102	0.041	0.001	0.856
0.001	0.001	0.319	0.679
0.102	0.102	0.320	0.476
0.422	0.214	0.204	0.161
0.203	0.001	0.694	0.102
0.001	0.001	0.795	0.203
0.897	0.001	0.001	0.101
0.001	0.001	0.997	0.001
0.406	0.001	0.001	0.592
0.101	0.001	0.897	0.001
0.204	0.320	0.102	0.375
0.102	0.001	0.694	0.203
>CCTGTCTTTAAT	9-CCTGTCTTTAAT	6.171540	-26.052982	0	T:12.0(100.00%),B:0.0(0.00%),P:1e-11	Tpos:216.9,Tstd:94.7,Bpos:0.0,Bstd:0.0,StrandBias:3.4,Multiplicity:1.92
0.121	0.877	0.001	0.001
0.001	0.997	0.001	0.001
0.001	0.001	0.001	0.997
0.001	0.001	0.997	0.001
0.001	0.001	0.001	0.997
0.001	0.862	0.001	0.136
0.001	0.001	0.121	0.877
0.001	0.001	0.001	0.997
0.001	0.001	0.001	0.997
0.997	0.001	0.001	0.001
0.877	0.001	0.121	0.001
0.121	0.001	0.001	0.877
>AGACGMAGRTCT	10-AGACGMAGRTCT	8.315515	-26.052982	0	T:12.0(100.00%),B:0.3(0.76%),P:1e-11	Tpos:191.4,Tstd:67.5,Bpos:58.0,Bstd:0.0,StrandBias:-1.0,Multiplicity:1.67
0.702	0.296	0.001	0.001
0.001	0.001	0.997	0.001
0.888	0.110	0.001	0.001
0.001	0.702	0.075	0.222
0.001	0.001	0.997	0.001
0.478	0.339	0.181	0.001
0.997	0.001	0.001	0.001
0.001	0.001	0.997	0.001
0.445	0.001	0.484	0.070
0.001	0.001	0.001	0.997
0.001	0.997	0.001	0.001
0.001	0.005	0.001	0.993
>GTWTCCMWKTKA	11-GTWTCCMWKTKA	9.461834	-26.052982	0	T:12.0(100.00%),B:0.7(1.80%),P:1e-11	Tpos:282.2,Tstd:65.4,Bpos:185.1,Bstd:44.8,StrandBias:0.9,Multiplicity:1.42
0.275	0.001	0.503	0.221
0.001	0.001	0.001	0.997
0.524	0.001	0.001	0.474
0.001	0.001	0.001	0.997
0.001	0.649	0.001	0.349
0.001	0.723	0.001	0.275
0.458	0.510	0.001	0.031
0.505	0.001	0.031	0.463
0.007	0.001	0.427	0.565
0.062	0.001	0.226	0.711
0.001	0.001	0.510	0.488
0.754	0.244	0.001	0.001
>CTCATTAGBTGT	12-CTCATTAGBTGT	9.380026	-26.052982	0	T:12.0(100.00%),B:0.3(0.73%),P:1e-11	Tpos:340.1,Tstd:116.5,Bpos:453.0,Bstd:0.0,StrandBias:-0.3,Multiplicity:1.83
0.407	0.591	0.001	0.001
0.029	0.001	0.095	0.875
0.404	0.564	0.031	0.001
0.997	0.001	0.001	0.001
0.001	0.095	0.003	0.901
0.233	0.017	0.001	0.749
0.973	0.013	0.013	0.001
0.376	0.001	0.610	0.013
0.001	0.373	0.253	0.373
0.001	0.001	0.001	0.997
0.027	0.001	0.568	0.404
0.001	0.001	0.222	0.776
>TCMTCTACTGTA	13-TCMTCTACTGTA	10.588916	-26.052982	0	T:12.0(100.00%),B:0.4(1.10%),P:1e-11	Tpos:288.8,Tstd:28.1,Bpos:219.0,Bstd:0.0,StrandBias:2.5,Multiplicity:1.08
0.001	0.001	0.001	0.997
0.001	0.997	0.001	0.001
0.373	0.403	0.001	0.223
0.001	0.001	0.001	0.997
0.001	0.626	0.001	0.372
0.001	0.001	0.001	0.997
0.997	0.001	0.001	0.001
0.001	0.997	0.001	0.001
0.373	0.001	0.030	0.596
0.030	0.001	0.968	0.001
0.001	0.001	0.001	0.997
0.968	0.001	0.030	0.001
>CGACGCGGCGAT	14-CGACGCGGCGAT	4.248536	-26.052982	0	T:12.0(100.00%),B:0.5(1.13%),P:1e-11	Tpos:215.9,Tstd:60.7,Bpos:50.0,Bstd:0.0,StrandBias:1.0,Multiplicity:1.00
0.001	0.997	0.001	0.001
0.014	0.001	0.984	0.001
0.862	0.136	0.001	0.001
0.001	0.997	0.001	0.001
0.001	0.001	0.997	0.001
0.001	0.997	0.001	0.001
0.001	0.001	0.997	0.001
0.001	0.001	0.862	0.136
0.001	0.997	0.001	0.001
0.001	0.001	0.997	0.001
0.862	0.136	0.001	0.001
0.121	0.015	0.001	0.863
>AGAGAAACTGTT	15-AGAGAAACTGTT	2.275929	-26.052982	0	T:12.0(100.00%),B:0.6(1.48%),P:1e-11	Tpos:72.1,Tstd:144.1,Bpos:529.0,Bstd:0.0,StrandBias:3.6,Multiplicity:1.08
0.840	0.158	0.001	0.001
0.001	0.001	0.840	0.158
0.997	0.001	0.001	0.001
0.001	0.158	0.840	0.001
0.997	0.001	0.001	0.001
0.997	0.001	0.001	0.001
0.997	0.001	0.001	0.001
0.001	0.997	0.001	0.001
0.001	0.001	0.001	0.997
0.001	0.001	0.997	0.001
0.001	0.001	0.001	0.997
0.001	0.158	0.001	0.840
>KAWTCATTTACA	16-KAWTCATTTACA	6.242258	-26.052982	0	T:12.0(100.00%),B:0.8(2.08%),P:1e-11	Tpos:409.4,Tstd:94.2,Bpos:434.0,Bstd:59.8,StrandBias:0.7,Multiplicity:1.80
0.001	0.148	0.453	0.398
0.695	0.303	0.001	0.001
0.529	0.001	0.001	0.469
0.001	0.001	0.001	0.997
0.001	0.470	0.225	0.304
0.997	0.001	0.001	0.001
0.001	0.001	0.001	0.997
0.001	0.001	0.001	0.997
0.225	0.001	0.001	0.773
0.850	0.001	0.148	0.001
0.001	0.997	0.001	0.001
0.774	0.148	0.001	0.077
>GCAKGCWAGATT	17-GCAKGCWAGATT	5.590153	-26.052982	0	T:12.0(100.00%),B:0.5(1.13%),P:1e-11	Tpos:432.4,Tstd:35.2,Bpos:196.0,Bstd:0.0,StrandBias:1.7,Multiplicity:1.30
0.001	0.001	0.997	0.001
0.001	0.997	0.001	0.001
0.745	0.253	0.001	0.001
0.151	0.061	0.373	0.414
0.001	0.001	0.626	0.372
0.001	0.997	0.001	0.001
0.524	0.008	0.001	0.467
0.626	0.001	0.001	0.372
0.001	0.001	0.626	0.372
0.761	0.001	0.237	0.001
0.001	0.001	0.001	0.997
0.372	0.001	0.001	0.626
>GTAAGAGGGCCC	18-GTAAGAGGGCCC	8.520938	-23.488033	0	T:12.0(100.00%),B:1.9(4.68%),P:1e-10	Tpos:226.4,Tstd:118.1,Bpos:435.0,Bstd:0.0,StrandBias:0.9,Multiplicity:1.42
0.097	0.001	0.901	0.001
0.393	0.001	0.001	0.605
0.594	0.001	0.404	0.001
0.606	0.098	0.291	0.005
0.103	0.050	0.846	0.001
0.997	0.001	0.001	0.001
0.004	0.001	0.994	0.001
0.001	0.001	0.758	0.240
0.001	0.005	0.611	0.383
0.097	0.661	0.001	0.241
0.001	0.758	0.240	0.001
0.001	0.997	0.001	0.001
>CCTGATTTCTAA	19-CCTGATTTCTAA	6.537959	-22.339410	0	T:11.0(91.67%),B:0.0(0.00%),P:1e-9	Tpos:304.6,Tstd:19.9,Bpos:0.0,Bstd:0.0,StrandBias:3.3,Multiplicity:1.00
0.001	0.997	0.001	0.001
0.001	0.997	0.001	0.001
0.001	0.001	0.001	0.997
0.151	0.020	0.828	0.001
0.997	0.001	0.001	0.001
0.302	0.001	0.041	0.656
0.001	0.001	0.001	0.997
0.001	0.001	0.404	0.594
0.001	0.594	0.404	0.001
0.020	0.364	0.001	0.615
0.979	0.001	0.001	0.019
0.997	0.001	0.001	0.001
>TTTMCKGGSCTT	20-TTTMCKGGSCTT	8.112244	-18.028447	0	T:11.0(91.67%),B:2.5(6.27%),P:1e-7	Tpos:268.2,Tstd:8.8,Bpos:394.9,Bstd:93.4,StrandBias:3.5,Multiplicity:1.00
0.165	0.001	0.112	0.722
0.053	0.006	0.006	0.935
0.385	0.001	0.001	0.613
0.402	0.386	0.053	0.159
0.166	0.448	0.166	0.220
0.113	0.162	0.353	0.372
0.059	0.159	0.676	0.106
0.219	0.053	0.562	0.166
0.113	0.386	0.340	0.162
0.166	0.448	0.106	0.280
0.053	0.178	0.053	0.716
0.159	0.006	0.001	0.834
>ATTTTWTATAAG	21-ATTTTWTATAAG	9.811635	-16.632300	0	T:9.0(75.00%),B:0.9(2.21%),P:1e-7	Tpos:453.6,Tstd:165.4,Bpos:74.4,Bstd:33.3,StrandBias:2.2,Multiplicity:1.38
0.997	0.001	0.001	0.001
0.001	0.001	0.001	0.997
0.030	0.030	0.001	0.939
0.272	0.094	0.001	0.633
0.001	0.001	0.271	0.727
0.455	0.001	0.001	0.543
0.272	0.001	0.272	0.456
0.727	0.001	0.271	0.001
0.001	0.271	0.001	0.727
0.997	0.001	0.001	0.001
0.997	0.001	0.001	0.001
0.271	0.001	0.727	0.001
>ACTCCTTYCTYW	22-ACTCCTTYCTYW	8.109018	-15.194733	0	T:10.0(83.33%),B:2.0(5.04%),P:1e-6	Tpos:299.8,Tstd:103.3,Bpos:193.8,Bstd:80.6,StrandBias:1.5,Multiplicity:1.30
0.551	0.149	0.001	0.299
0.001	0.849	0.001	0.149
0.149	0.001	0.001	0.849
0.149	0.849	0.001	0.001
0.001	0.997	0.001	0.001
0.149	0.157	0.001	0.693
0.149	0.210	0.001	0.640
0.149	0.401	0.001	0.449
0.001	0.824	0.001	0.174
0.001	0.149	0.210	0.640
0.001	0.509	0.001	0.489
0.449	0.149	0.001	0.401
