>CACCAAAT	1-CACCAAAT	10.750488	-26.052982	0	T:12.0(100.00%),B:0.0(0.00%),P:1e-11	Tpos:98.3,Tstd:127.4,Bpos:0.0,Bstd:0.0,StrandBias:0.1,Multiplicity:1.92
0.001	0.767	0.054	0.178
0.997	0.001	0.001	0.001
0.001	0.997	0.001	0.001
0.001	0.945	0.001	0.053
0.997	0.001	0.001	0.001
0.997	0.001	0.001	0.001
0.997	0.001	0.001	0.001
0.001	0.001	0.001	0.997
>TCTCAATC	2-TCTCAATC	8.236954	-26.052982	0	T:12.0(100.00%),B:0.0(0.00%),P:1e-11	Tpos:211.7,Tstd:50.3,Bpos:0.0,Bstd:0.0,StrandBias:3.3,Multiplicity:1.83
0.100	0.100	0.100	0.700
0.100	0.700	0.100	0.100
0.100	0.100	0.100	0.700
0.100	0.700	0.100	0.100
0.700	0.100	0.100	0.100
0.700	0.100	0.100	0.100
0.100	0.100	0.100	0.700
0.100	0.700	0.100	0.100
>GTAGAMGA	3-GTAGAMGA	8.323810	-26.052982	0	T:12.0(100.00%),B:0.3(0.76%),P:1e-11	Tpos:221.2,Tstd:73.7,Bpos:201.0,Bstd:0.0,StrandBias:0.3,Multiplicity:1.83
0.001	0.060	0.662	0.277
0.247	0.111	0.160	0.483
0.969	0.029	0.001	0.001
0.001	0.001	0.997	0.001
0.997	0.001	0.001	0.001
0.491	0.478	0.030	0.001
0.001	0.030	0.840	0.129
0.968	0.030	0.001	0.001
>CTTTTGGA	4-CTTTTGGA	10.585999	-26.052982	0	T:12.0(100.00%),B:0.0(0.00%),P:1e-11	Tpos:57.9,Tstd:129.3,Bpos:0.0,Bstd:0.0,StrandBias:3.9,Multiplicity:1.33
0.001	0.997	0.001	0.001
0.050	0.217	0.001	0.732
0.001	0.001	0.001	0.997
0.001	0.001	0.001	0.997
0.001	0.158	0.001	0.840
0.001	0.001	0.997	0.001
0.001	0.001	0.997	0.001
0.997	0.001	0.001	0.001
>CGACGCAG	5-CGACGCAG	8.465423	-26.052982	0	T:12.0(100.00%),B:0.4(0.95%),P:1e-11	Tpos:193.6,Tstd:73.4,Bpos:301.0,Bstd:0.0,StrandBias:-0.6,Multiplicity:1.67
0.041	0.957	0.001	0.001
0.001	0.192	0.806	0.001
0.668	0.001	0.001	0.330
0.179	0.536	0.284	0.001
0.042	0.042	0.874	0.042
0.041	0.917	0.001	0.041
0.656	0.001	0.342	0.001
0.001	0.041	0.957	0.001
>CCTCGCAG	6-CCTCGCAG	10.304147	-26.052982	0	T:12.0(100.00%),B:0.0(0.00%),P:1e-11	Tpos:188.2,Tstd:61.8,Bpos:0.0,Bstd:0.0,StrandBias:3.5,Multiplicity:1.00
0.001	0.935	0.001	0.063
0.001	0.997	0.001	0.001
0.001	0.001	0.001	0.997
0.277	0.529	0.193	0.001
0.001	0.063	0.935	0.001
0.001	0.997	0.001	0.001
0.997	0.001	0.001	0.001
0.001	0.001	0.997	0.001
>GTGTGGAT	7-GTGTGGAT	10.518281	-26.052982	0	T:12.0(100.00%),B:0.0(0.00%),P:1e-11	Tpos:91.0,Tstd:121.7,Bpos:0.0,Bstd:0.0,StrandBias:2.5,Multiplicity:1.08
0.001	0.001	0.997	0.001
0.001	0.001	0.001	0.997
0.001	0.001	0.997	0.001
0.001	0.001	0.001	0.997
0.001	0.001	0.610	0.388
0.001	0.001	0.997	0.001
0.942	0.001	0.056	0.001
0.001	0.001	0.001	0.997
>ACTCCCTC	8-ACTCCCTC	8.702807	-26.052982	0	T:12.0(100.00%),B:0.0(0.00%),P:1e-11	Tpos:207.3,Tstd:80.1,Bpos:0.0,Bstd:0.0,StrandBias:3.8,Multiplicity:1.25
0.729	0.182	0.001	0.088
0.001	0.911	0.044	0.044
0.136	0.001	0.044	0.819
0.044	0.773	0.182	0.001
0.133	0.865	0.001	0.001
0.134	0.557	0.001	0.308
0.044	0.345	0.088	0.523
0.044	0.867	0.088	0.001
>GAATGTTA	9-GAATGTTA	7.984422	-26.052982	0	T:12.0(100.00%),B:0.8(1.97%),P:1e-11	Tpos:288.4,Tstd:71.8,Bpos:74.0,Bstd:9.5,StrandBias:0.7,Multiplicity:1.75
0.001	0.119	0.879	0.001
0.997	0.001	0.001	0.001
0.785	0.213	0.001	0.001
0.001	0.001	0.001	0.997
0.001	0.213	0.785	0.001
0.001	0.213	0.001	0.785
0.001	0.213	0.001	0.785
0.997	0.001	0.001	0.001
>TTAATCAT	10-TTAATCAT	10.319599	-26.052982	0	T:12.0(100.00%),B:0.4(0.95%),P:1e-11	Tpos:460.8,Tstd:117.8,Bpos:144.0,Bstd:0.0,StrandBias:3.6,Multiplicity:1.08
0.001	0.001	0.001	0.997
0.001	0.001	0.001	0.997
0.997	0.001	0.001	0.001
0.961	0.001	0.037	0.001
0.001	0.001	0.001	0.997
0.087	0.787	0.001	0.125
0.621	0.259	0.001	0.119
0.001	0.001	0.001	0.997
>ATGCCHGC	11-ATGCCHGC	9.414145	-26.052982	0	T:12.0(100.00%),B:1.0(2.45%),P:1e-11	Tpos:442.1,Tstd:96.7,Bpos:267.2,Bstd:48.6,StrandBias:0.7,Multiplicity:1.33
0.997	0.001	0.001	0.001
0.001	0.001	0.001	0.997
0.119	0.058	0.765	0.058
0.001	0.997	0.001	0.001
0.001	0.997	0.001	0.001
0.249	0.354	0.001	0.396
0.001	0.001	0.997	0.001
0.001	0.997	0.001	0.001
>TTGCACTC	12-TTGCACTC	8.469208	-26.052982	0	T:12.0(100.00%),B:0.3(0.76%),P:1e-11	Tpos:166.3,Tstd:119.1,Bpos:262.0,Bstd:0.0,StrandBias:3.3,Multiplicity:1.83
0.123	0.001	0.060	0.816
0.001	0.345	0.123	0.531
0.123	0.184	0.572	0.121
0.001	0.588	0.410	0.001
0.997	0.001	0.001	0.001
0.060	0.879	0.060	0.001
0.001	0.001	0.001	0.997
0.001	0.879	0.060	0.060
>GSCCCTAT	13-GSCCCTAT	8.698724	-26.052982	0	T:12.0(100.00%),B:0.5(1.33%),P:1e-11	Tpos:122.7,Tstd:105.0,Bpos:111.0,Bstd:0.0,StrandBias:3.5,Multiplicity:1.00
0.181	0.001	0.749	0.069
0.182	0.448	0.300	0.070
0.139	0.859	0.001	0.001
0.042	0.738	0.001	0.219
0.001	0.737	0.001	0.261
0.001	0.001	0.001	0.997
0.630	0.300	0.001	0.069
0.069	0.001	0.001	0.929
>WCAACAST	14-WCAACAST	8.530009	-26.052982	0	T:12.0(100.00%),B:0.8(2.01%),P:1e-11	Tpos:146.8,Tstd:89.0,Bpos:383.0,Bstd:0.0,StrandBias:-3.5,Multiplicity:1.00
0.457	0.001	0.001	0.541
0.162	0.607	0.175	0.056
0.871	0.127	0.001	0.001
0.997	0.001	0.001	0.001
0.062	0.792	0.112	0.034
0.997	0.001	0.001	0.001
0.186	0.356	0.457	0.001
0.055	0.055	0.001	0.889
>GTCCCCTA	15-GTCCCCTA	8.565298	-26.052982	0	T:12.0(100.00%),B:0.3(0.69%),P:1e-11	Tpos:183.5,Tstd:91.8,Bpos:369.0,Bstd:0.0,StrandBias:3.6,Multiplicity:1.08
0.001	0.001	0.997	0.001
0.001	0.001	0.101	0.897
0.001	0.997	0.001	0.001
0.001	0.997	0.001	0.001
0.001	0.897	0.001	0.101
0.001	0.997	0.001	0.001
0.001	0.001	0.001	0.997
0.897	0.101	0.001	0.001
>GGAAATTT	16-GGAAATTT	7.565504	-26.052982	0	T:12.0(100.00%),B:0.9(2.25%),P:1e-11	Tpos:283.6,Tstd:77.9,Bpos:150.4,Bstd:112.3,StrandBias:3.6,Multiplicity:1.08
0.001	0.001	0.997	0.001
0.001	0.001	0.997	0.001
0.836	0.001	0.162	0.001
0.626	0.001	0.372	0.001
0.626	0.372	0.001	0.001
0.001	0.091	0.001	0.907
0.001	0.001	0.001	0.997
0.001	0.001	0.001	0.997
>CAACACTT	17-CAACACTT	10.755918	-22.339410	0	T:11.0(91.67%),B:0.8(1.94%),P:1e-9	Tpos:136.2,Tstd:101.8,Bpos:207.5,Bstd:38.8,StrandBias:3.3,Multiplicity:1.00
0.001	0.997	0.001	0.001
0.997	0.001	0.001	0.001
0.997	0.001	0.001	0.001
0.001	0.898	0.100	0.001
0.997	0.001	0.001	0.001
0.169	0.829	0.001	0.001
0.001	0.001	0.001	0.997
0.001	0.001	0.022	0.976
>ATAAGGTG	18-ATAAGGTG	10.499592	-22.339410	0	T:11.0(91.67%),B:0.0(0.00%),P:1e-9	Tpos:255.4,Tstd:18.3,Bpos:0.0,Bstd:0.0,StrandBias:3.3,Multiplicity:1.00
0.997	0.001	0.001	0.001
0.001	0.001	0.001	0.997
0.997	0.001	0.001	0.001
0.997	0.001	0.001	0.001
0.001	0.001	0.997	0.001
0.001	0.129	0.869	0.001
0.001	0.001	0.001	0.997
0.001	0.001	0.649	0.349
>AGAGAAAC	19-AGAGAAAC	8.236954	-22.339410	0	T:11.0(91.67%),B:0.0(0.00%),P:1e-9	Tpos:64.2,Tstd:152.4,Bpos:0.0,Bstd:0.0,StrandBias:3.3,Multiplicity:1.00
0.700	0.100	0.100	0.100
0.100	0.100	0.700	0.100
0.700	0.100	0.100	0.100
0.100	0.100	0.700	0.100
0.700	0.100	0.100	0.100
0.700	0.100	0.100	0.100
0.700	0.100	0.100	0.100
0.100	0.700	0.100	0.100
>GTCTCCGG	20-GTCTCCGG	6.291044	-21.542123	0	T:12.0(100.00%),B:2.6(6.47%),P:1e-9	Tpos:159.3,Tstd:113.7,Bpos:237.7,Bstd:56.3,StrandBias:-3.6,Multiplicity:1.08
0.100	0.100	0.700	0.100
0.100	0.100	0.100	0.700
0.100	0.700	0.100	0.100
0.100	0.100	0.100	0.700
0.100	0.700	0.100	0.100
0.100	0.700	0.100	0.100
0.100	0.100	0.700	0.100
0.100	0.100	0.700	0.100
>TATTATCC	21-TATTATCC	8.705363	-21.542123	0	T:12.0(100.00%),B:2.4(5.93%),P:1e-9	Tpos:449.0,Tstd:111.3,Bpos:168.0,Bstd:0.0,StrandBias:3.5,Multiplicity:1.00
0.001	0.001	0.001	0.997
0.893	0.001	0.001	0.105
0.064	0.105	0.001	0.830
0.001	0.001	0.001	0.997
0.997	0.001	0.001	0.001
0.001	0.001	0.001	0.997
0.001	0.997	0.001	0.001
0.001	0.997	0.001	0.001
>TTTAATCC	22-TTTAATCC	7.631322	-19.932685	0	T:12.0(100.00%),B:3.7(9.16%),P:1e-8	Tpos:358.0,Tstd:72.6,Bpos:302.8,Bstd:12.0,StrandBias:0.1,Multiplicity:1.92
0.001	0.057	0.001	0.941
0.001	0.001	0.001	0.997
0.001	0.001	0.001	0.997
0.883	0.001	0.058	0.058
0.941	0.057	0.001	0.001
0.001	0.057	0.001	0.941
0.001	0.880	0.118	0.001
0.001	0.807	0.001	0.191
>GGCTTTAT	23-GGCTTTAT	7.981599	-18.546390	0	T:12.0(100.00%),B:4.2(10.44%),P:1e-8	Tpos:346.4,Tstd:111.9,Bpos:381.6,Bstd:115.1,StrandBias:2.0,Multiplicity:1.67
0.007	0.007	0.985	0.001
0.001	0.036	0.962	0.001
0.001	0.588	0.001	0.410
0.254	0.001	0.001	0.744
0.001	0.001	0.124	0.874
0.001	0.001	0.001	0.997
0.997	0.001	0.001	0.001
0.001	0.124	0.001	0.874
>TATATAAG	24-TATATAAG	10.490322	-16.941247	0	T:10.0(83.33%),B:1.8(4.58%),P:1e-7	Tpos:511.3,Tstd:153.0,Bpos:206.0,Bstd:0.0,StrandBias:0.5,Multiplicity:1.00
0.001	0.001	0.001	0.997
0.695	0.303	0.001	0.001
0.001	0.001	0.001	0.997
0.928	0.070	0.001	0.001
0.001	0.001	0.001	0.997
0.928	0.001	0.001	0.070
0.997	0.001	0.001	0.001
0.001	0.001	0.928	0.070
>AATATTTG	25-AATATTTG	9.251356	-15.194733	0	T:10.0(83.33%),B:2.3(5.82%),P:1e-6	Tpos:388.7,Tstd:136.2,Bpos:236.7,Bstd:44.8,StrandBias:0.0,Multiplicity:1.10
0.962	0.001	0.036	0.001
0.937	0.001	0.001	0.061
0.001	0.001	0.001	0.997
0.997	0.001	0.001	0.001
0.001	0.001	0.001	0.997
0.001	0.062	0.062	0.875
0.001	0.001	0.001	0.997
0.204	0.001	0.733	0.062
