>AGAAGATCTC	1-AGAAGATCTC	12.529127	-26.052982	0	T:12.0(100.00%),B:0.0(0.00%),P:1e-11	Tpos:195.6,Tstd:65.3,Bpos:0.0,Bstd:0.0,StrandBias:3.2,Multiplicity:1.75
0.743	0.255	0.001	0.001
0.001	0.001	0.997	0.001
0.997	0.001	0.001	0.001
0.997	0.001	0.001	0.001
0.001	0.001	0.997	0.001
0.997	0.001	0.001	0.001
0.380	0.001	0.001	0.618
0.001	0.997	0.001	0.001
0.001	0.001	0.001	0.997
0.001	0.953	0.045	0.001
>AATATTTGGT	2-AATATTTGGT	9.157049	-26.052982	0	T:12.0(100.00%),B:0.0(0.00%),P:1e-11	Tpos:303.0,Tstd:207.3,Bpos:0.0,Bstd:0.0,StrandBias:0.4,Multiplicity:2.67
0.928	0.001	0.070	0.001
0.908	0.001	0.090	0.001
0.001	0.001	0.070	0.928
0.776	0.001	0.222	0.001
0.001	0.070	0.001	0.928
0.001	0.293	0.071	0.635
0.001	0.001	0.001	0.997
0.147	0.003	0.849	0.001
0.071	0.304	0.624	0.001
0.142	0.304	0.071	0.483
>ATCCACACTT	3-ATCCACACTT	9.010782	-26.052982	0	T:12.0(100.00%),B:0.0(0.00%),P:1e-11	Tpos:110.9,Tstd:118.6,Bpos:0.0,Bstd:0.0,StrandBias:-0.1,Multiplicity:1.92
0.718	0.019	0.167	0.096
0.038	0.038	0.038	0.886
0.115	0.532	0.038	0.315
0.301	0.585	0.019	0.095
0.554	0.057	0.156	0.233
0.076	0.634	0.095	0.195
0.886	0.019	0.019	0.076
0.058	0.689	0.076	0.177
0.038	0.095	0.019	0.848
0.038	0.217	0.057	0.688
>CTTTAWTCYT	4-CTTTAWTCYT	10.566920	-26.052982	0	T:12.0(100.00%),B:0.8(2.01%),P:1e-11	Tpos:281.8,Tstd:11.6,Bpos:430.0,Bstd:0.0,StrandBias:3.0,Multiplicity:1.50
0.001	0.997	0.001	0.001
0.001	0.001	0.001	0.997
0.001	0.001	0.001	0.997
0.001	0.001	0.001	0.997
0.997	0.001	0.001	0.001
0.458	0.083	0.001	0.458
0.001	0.001	0.001	0.997
0.001	0.997	0.001	0.001
0.001	0.541	0.001	0.457
0.001	0.001	0.001	0.997
>AGACGAAGRT	5-AGACGAAGRT	9.866652	-26.052982	0	T:12.0(100.00%),B:0.0(0.00%),P:1e-11	Tpos:223.1,Tstd:110.0,Bpos:0.0,Bstd:0.0,StrandBias:4.2,Multiplicity:1.67
0.997	0.001	0.001	0.001
0.200	0.001	0.798	0.001
0.997	0.001	0.001	0.001
0.001	0.997	0.001	0.001
0.099	0.001	0.899	0.001
0.899	0.099	0.001	0.001
0.774	0.224	0.001	0.001
0.001	0.001	0.997	0.001
0.468	0.001	0.530	0.001
0.001	0.100	0.243	0.656
>TCCYAACATT	6-TCCYAACATT	7.853910	-26.052982	0	T:12.0(100.00%),B:0.5(1.20%),P:1e-11	Tpos:268.5,Tstd:60.8,Bpos:436.0,Bstd:0.0,StrandBias:-0.6,Multiplicity:2.33
0.001	0.088	0.058	0.853
0.090	0.721	0.160	0.029
0.059	0.756	0.029	0.156
0.147	0.383	0.029	0.440
0.467	0.160	0.226	0.147
0.941	0.029	0.001	0.029
0.118	0.427	0.255	0.200
0.686	0.030	0.196	0.088
0.029	0.001	0.147	0.823
0.004	0.059	0.029	0.908
>AAGGYGGGAA	7-AAGGYGGGAA	10.193957	-26.052982	0	T:12.0(100.00%),B:0.0(0.00%),P:1e-11	Tpos:295.5,Tstd:138.3,Bpos:0.0,Bstd:0.0,StrandBias:3.8,Multiplicity:1.25
0.997	0.001	0.001	0.001
0.997	0.001	0.001	0.001
0.001	0.001	0.997	0.001
0.001	0.001	0.997	0.001
0.149	0.492	0.001	0.358
0.149	0.001	0.551	0.299
0.149	0.001	0.849	0.001
0.001	0.001	0.997	0.001
0.517	0.158	0.158	0.167
0.699	0.001	0.299	0.001
>CTCCATCTTC	8-CTCCATCTTC	8.294099	-26.052982	0	T:12.0(100.00%),B:0.0(0.00%),P:1e-11	Tpos:203.9,Tstd:48.7,Bpos:0.0,Bstd:0.0,StrandBias:3.7,Multiplicity:1.17
0.001	0.989	0.001	0.009
0.001	0.001	0.001	0.997
0.001	0.997	0.001	0.001
0.163	0.835	0.001	0.001
0.997	0.001	0.001	0.001
0.001	0.001	0.001	0.997
0.001	0.997	0.001	0.001
0.061	0.001	0.278	0.660
0.001	0.395	0.001	0.603
0.001	0.997	0.001	0.001
>TTGGAAGWAA	9-TTGGAAGWAA	6.768454	-26.052982	0	T:12.0(100.00%),B:0.5(1.33%),P:1e-11	Tpos:202.1,Tstd:210.0,Bpos:531.0,Bstd:0.0,StrandBias:0.6,Multiplicity:1.92
0.001	0.001	0.001	0.997
0.171	0.001	0.001	0.827
0.001	0.001	0.997	0.001
0.001	0.001	0.997	0.001
0.986	0.001	0.012	0.001
0.997	0.001	0.001	0.001
0.356	0.001	0.642	0.001
0.459	0.001	0.001	0.539
0.540	0.171	0.288	0.001
0.997	0.001	0.001	0.001
>ACTGTCCTTG	10-ACTGTCCTTG	6.910858	-26.052982	0	T:12.0(100.00%),B:0.9(2.21%),P:1e-11	Tpos:222.7,Tstd:130.7,Bpos:190.9,Bstd:90.1,StrandBias:2.4,Multiplicity:2.08
0.997	0.001	0.001	0.001
0.001	0.997	0.001	0.001
0.001	0.051	0.001	0.947
0.004	0.001	0.767	0.228
0.001	0.001	0.001	0.997
0.296	0.595	0.056	0.053
0.112	0.886	0.001	0.001
0.056	0.015	0.271	0.658
0.001	0.001	0.280	0.718
0.001	0.001	0.997	0.001
>ARGGCCCCTA	11-ARGGCCCCTA	9.962879	-26.052982	0	T:12.0(100.00%),B:0.0(0.00%),P:1e-11	Tpos:122.7,Tstd:102.1,Bpos:0.0,Bstd:0.0,StrandBias:3.6,Multiplicity:1.08
0.954	0.001	0.001	0.044
0.370	0.045	0.495	0.090
0.090	0.001	0.539	0.370
0.001	0.146	0.610	0.243
0.101	0.853	0.045	0.001
0.001	0.997	0.001	0.001
0.135	0.718	0.045	0.102
0.193	0.750	0.056	0.001
0.001	0.193	0.045	0.761
0.729	0.136	0.045	0.090
>TATTATCCTG	12-TATTATCCTG	7.724105	-26.052982	0	T:12.0(100.00%),B:0.0(0.00%),P:1e-11	Tpos:236.1,Tstd:169.1,Bpos:0.0,Bstd:0.0,StrandBias:-1.3,Multiplicity:1.42
0.001	0.001	0.001	0.997
0.997	0.001	0.001	0.001
0.001	0.001	0.161	0.837
0.001	0.001	0.001	0.997
0.822	0.085	0.001	0.092
0.001	0.001	0.001	0.997
0.001	0.997	0.001	0.001
0.001	0.997	0.001	0.001
0.001	0.001	0.161	0.837
0.001	0.001	0.997	0.001
>TCGCACTCCA	13-TCGCACTCCA	12.324874	-26.052982	0	T:12.0(100.00%),B:0.0(0.00%),P:1e-11	Tpos:97.7,Tstd:121.6,Bpos:0.0,Bstd:0.0,StrandBias:3.5,Multiplicity:1.00
0.001	0.001	0.001	0.997
0.001	0.815	0.001	0.183
0.001	0.001	0.997	0.001
0.001	0.815	0.183	0.001
0.997	0.001	0.001	0.001
0.001	0.997	0.001	0.001
0.001	0.001	0.001	0.997
0.001	0.997	0.001	0.001
0.183	0.815	0.001	0.001
0.594	0.001	0.001	0.404
>TATAGACCAC	14-TATAGACCAC	6.585310	-26.052982	0	T:12.0(100.00%),B:0.4(0.92%),P:1e-11	Tpos:133.7,Tstd:117.6,Bpos:136.0,Bstd:0.0,StrandBias:3.0,Multiplicity:1.50
0.001	0.001	0.109	0.889
0.889	0.001	0.001	0.109
0.001	0.001	0.001	0.997
0.997	0.001	0.001	0.001
0.001	0.001	0.997	0.001
0.997	0.001	0.001	0.001
0.001	0.997	0.001	0.001
0.020	0.890	0.089	0.001
0.997	0.001	0.001	0.001
0.001	0.997	0.001	0.001
>CYTCGCCTCA	15-CYTCGCCTCA	8.025537	-26.052982	0	T:12.0(100.00%),B:0.0(0.00%),P:1e-11	Tpos:214.3,Tstd:59.4,Bpos:0.0,Bstd:0.0,StrandBias:3.3,Multiplicity:1.83
0.049	0.707	0.049	0.195
0.098	0.460	0.110	0.333
0.049	0.110	0.049	0.792
0.049	0.520	0.333	0.098
0.146	0.049	0.707	0.098
0.332	0.570	0.001	0.097
0.098	0.755	0.049	0.098
0.048	0.001	0.110	0.841
0.146	0.549	0.049	0.256
0.588	0.208	0.155	0.049
>TGTCAACAAT	16-TGTCAACAAT	10.399326	-26.052982	0	T:12.0(100.00%),B:0.6(1.48%),P:1e-11	Tpos:363.1,Tstd:123.0,Bpos:491.0,Bstd:0.0,StrandBias:1.3,Multiplicity:1.17
0.001	0.001	0.001	0.997
0.001	0.001	0.997	0.001
0.001	0.001	0.001	0.997
0.297	0.536	0.146	0.021
0.997	0.001	0.001	0.001
0.957	0.001	0.041	0.001
0.001	0.702	0.001	0.296
0.997	0.001	0.001	0.001
0.619	0.001	0.379	0.001
0.001	0.001	0.001	0.997
>TTRCAHACTC	17-TTRCAHACTC	7.548260	-26.052982	0	T:12.0(100.00%),B:0.8(2.01%),P:1e-11	Tpos:390.8,Tstd:107.1,Bpos:330.0,Bstd:0.0,StrandBias:10.0,Multiplicity:1.10
0.001	0.001	0.001	0.997
0.001	0.001	0.397	0.601
0.543	0.001	0.455	0.001
0.271	0.727	0.001	0.001
0.997	0.001	0.001	0.001
0.398	0.272	0.001	0.330
0.997	0.001	0.001	0.001
0.001	0.997	0.001	0.001
0.001	0.001	0.001	0.997
0.001	0.970	0.001	0.028
>TGTGGAAGGC	18-TGTGGAAGGC	11.490573	-26.052982	0	T:12.0(100.00%),B:0.0(0.00%),P:1e-11	Tpos:541.8,Tstd:2.0,Bpos:0.0,Bstd:0.0,StrandBias:10.0,Multiplicity:1.00
0.001	0.001	0.001	0.997
0.200	0.001	0.599	0.200
0.001	0.001	0.199	0.799
0.001	0.001	0.997	0.001
0.001	0.001	0.997	0.001
0.997	0.001	0.001	0.001
0.997	0.001	0.001	0.001
0.199	0.001	0.799	0.001
0.001	0.001	0.997	0.001
0.001	0.997	0.001	0.001
>YAGTTAATCA	19-YAGTTAATCA	9.813595	-22.339410	0	T:11.0(91.67%),B:0.0(0.00%),P:1e-9	Tpos:417.1,Tstd:125.0,Bpos:0.0,Bstd:0.0,StrandBias:2.8,Multiplicity:1.45
0.001	0.565	0.001	0.433
0.997	0.001	0.001	0.001
0.001	0.001	0.997	0.001
0.001	0.001	0.001	0.997
0.078	0.078	0.001	0.843
0.997	0.001	0.001	0.001
0.997	0.001	0.001	0.001
0.001	0.001	0.001	0.997
0.001	0.594	0.404	0.001
0.997	0.001	0.001	0.001
>TAGATAAAGG	20-TAGATAAAGG	8.350283	-22.339410	0	T:11.0(91.67%),B:0.5(1.33%),P:1e-9	Tpos:463.7,Tstd:1.9,Bpos:519.0,Bstd:0.0,StrandBias:10.0,Multiplicity:1.00
0.100	0.100	0.100	0.700
0.700	0.100	0.100	0.100
0.100	0.100	0.700	0.100
0.700	0.100	0.100	0.100
0.100	0.100	0.100	0.700
0.700	0.100	0.100	0.100
0.700	0.100	0.100	0.100
0.700	0.100	0.100	0.100
0.100	0.100	0.700	0.100
0.100	0.100	0.700	0.100
>TTATCYAGAD	21-TTATCYAGAD	7.867921	-19.877115	0	T:11.0(91.67%),B:1.1(2.65%),P:1e-8	Tpos:430.8,Tstd:141.0,Bpos:241.6,Bstd:82.1,StrandBias:-0.3,Multiplicity:1.82
0.045	0.045	0.001	0.909
0.004	0.001	0.001	0.994
0.772	0.091	0.001	0.136
0.136	0.091	0.045	0.728
0.286	0.620	0.001	0.093
0.233	0.435	0.001	0.331
0.763	0.091	0.091	0.055
0.237	0.091	0.524	0.148
0.895	0.001	0.054	0.050
0.336	0.001	0.390	0.272
>GTAGGCTCTC	22-GTAGGCTCTC	7.283854	-19.877115	0	T:11.0(91.67%),B:1.7(4.10%),P:1e-8	Tpos:273.8,Tstd:127.2,Bpos:352.5,Bstd:136.2,StrandBias:4.3,Multiplicity:1.91
0.001	0.418	0.580	0.001
0.001	0.334	0.001	0.664
0.611	0.001	0.387	0.001
0.185	0.090	0.724	0.001
0.280	0.054	0.665	0.001
0.001	0.619	0.001	0.379
0.001	0.395	0.001	0.603
0.001	0.941	0.001	0.057
0.001	0.239	0.001	0.759
0.185	0.724	0.001	0.090
>AATTAAACCT	23-AATTAAACCT	8.459077	-19.294888	0	T:10.0(83.33%),B:0.9(2.34%),P:1e-8	Tpos:424.1,Tstd:88.3,Bpos:456.0,Bstd:10.1,StrandBias:1.3,Multiplicity:1.40
0.963	0.001	0.035	0.001
0.963	0.001	0.035	0.001
0.001	0.001	0.001	0.997
0.073	0.035	0.001	0.891
0.997	0.001	0.001	0.001
0.594	0.001	0.001	0.404
0.594	0.001	0.404	0.001
0.001	0.997	0.001	0.001
0.001	0.997	0.001	0.001
0.035	0.035	0.001	0.929
>TTTTATAYAA	24-TTTTATAYAA	9.936642	-12.037180	0	T:7.0(58.33%),B:0.6(1.52%),P:1e-5	Tpos:461.6,Tstd:185.3,Bpos:137.0,Bstd:0.0,StrandBias:1.6,Multiplicity:1.00
0.001	0.001	0.001	0.997
0.028	0.157	0.272	0.543
0.001	0.001	0.001	0.997
0.001	0.001	0.271	0.727
0.727	0.001	0.271	0.001
0.001	0.001	0.271	0.727
0.997	0.001	0.001	0.001
0.001	0.543	0.001	0.455
0.727	0.271	0.001	0.001
0.997	0.001	0.001	0.001
>GRAGATCWCMAT	1-GRAGATCWCMAT	12.173652	-26.052982	0	T:12.0(100.00%),B:0.0(0.00%),P:1e-11	Tpos:205.9,Tstd:40.8,Bpos:0.0,Bstd:0.0,StrandBias:3.9,Multiplicity:1.33
0.001	0.001	0.997	0.001
0.400	0.220	0.378	0.001
0.973	0.001	0.025	0.001
0.378	0.001	0.620	0.001
0.997	0.001	0.001	0.001
0.353	0.001	0.001	0.645
0.001	0.778	0.001	0.220
0.352	0.001	0.220	0.427
0.176	0.647	0.176	0.001
0.424	0.574	0.001	0.001
0.821	0.177	0.001	0.001
0.001	0.001	0.001	0.997
>ACATTRTTKACA	2-ACATTRTTKACA	9.936463	-26.052982	0	T:12.0(100.00%),B:0.4(1.06%),P:1e-11	Tpos:414.3,Tstd:102.6,Bpos:124.0,Bstd:0.0,StrandBias:0.5,Multiplicity:2.42
0.737	0.001	0.001	0.261
0.360	0.523	0.001	0.116
0.997	0.001	0.001	0.001
0.001	0.001	0.001	0.997
0.001	0.001	0.001	0.997
0.522	0.001	0.476	0.001
0.001	0.308	0.001	0.690
0.001	0.174	0.001	0.824
0.139	0.183	0.294	0.384
0.679	0.261	0.059	0.001
0.058	0.688	0.058	0.196
0.997	0.001	0.001	0.001
>AAYATTTGGTGK	3-AAYATTTGGTGK	10.044216	-26.052982	0	T:12.0(100.00%),B:0.0(0.00%),P:1e-11	Tpos:112.7,Tstd:142.7,Bpos:0.0,Bstd:0.0,StrandBias:-0.2,Multiplicity:2.00
0.562	0.107	0.330	0.001
0.562	0.001	0.330	0.107
0.182	0.330	0.072	0.416
0.856	0.036	0.001	0.107
0.072	0.143	0.074	0.711
0.110	0.036	0.001	0.853
0.001	0.036	0.107	0.856
0.185	0.003	0.776	0.036
0.072	0.119	0.737	0.072
0.179	0.083	0.001	0.737
0.264	0.045	0.548	0.143
0.147	0.072	0.372	0.409
>ATCCYAATRTTA	4-ATCCYAATRTTA	8.417070	-26.052982	0	T:12.0(100.00%),B:0.0(0.00%),P:1e-11	Tpos:249.6,Tstd:61.9,Bpos:0.0,Bstd:0.0,StrandBias:3.6,Multiplicity:1.08
0.502	0.111	0.049	0.338
0.235	0.029	0.080	0.656
0.274	0.479	0.079	0.168
0.049	0.734	0.039	0.178
0.212	0.406	0.060	0.323
0.648	0.155	0.079	0.118
0.737	0.134	0.069	0.060
0.152	0.197	0.149	0.502
0.312	0.176	0.394	0.118
0.118	0.029	0.121	0.732
0.130	0.049	0.040	0.781
0.438	0.177	0.204	0.180
>TKTKGATAAGAT	5-TKTKGATAAGAT	8.576736	-26.052982	0	T:12.0(100.00%),B:0.3(0.69%),P:1e-11	Tpos:208.4,Tstd:134.4,Bpos:477.0,Bstd:0.0,StrandBias:-2.4,Multiplicity:1.58
0.084	0.001	0.001	0.914
0.001	0.116	0.456	0.426
0.339	0.001	0.001	0.659
0.001	0.008	0.458	0.533
0.081	0.111	0.807	0.001
0.803	0.082	0.030	0.085
0.280	0.001	0.001	0.718
0.882	0.001	0.111	0.006
0.711	0.001	0.287	0.001
0.258	0.109	0.623	0.010
0.806	0.001	0.187	0.006
0.032	0.170	0.173	0.625
>YTTACCTTTGGA	6-YTTACCTTTGGA	8.391312	-26.052982	0	T:12.0(100.00%),B:0.5(1.23%),P:1e-11	Tpos:230.0,Tstd:227.6,Bpos:365.0,Bstd:0.0,StrandBias:3.1,Multiplicity:1.58
0.001	0.453	0.001	0.545
0.001	0.001	0.001	0.997
0.001	0.055	0.001	0.943
0.456	0.272	0.272	0.001
0.001	0.997	0.001	0.001
0.110	0.817	0.001	0.072
0.272	0.272	0.001	0.454
0.001	0.001	0.001	0.997
0.001	0.001	0.001	0.997
0.271	0.001	0.727	0.001
0.001	0.001	0.997	0.001
0.988	0.001	0.010	0.001
>CTTCCRGAGART	7-CTTCCRGAGART	8.477397	-26.052982	0	T:12.0(100.00%),B:0.5(1.13%),P:1e-11	Tpos:319.8,Tstd:209.2,Bpos:161.0,Bstd:0.0,StrandBias:0.3,Multiplicity:2.08
0.090	0.594	0.092	0.224
0.210	0.144	0.001	0.645
0.001	0.001	0.041	0.957
0.132	0.615	0.001	0.252
0.090	0.505	0.126	0.279
0.469	0.042	0.405	0.084
0.084	0.126	0.489	0.300
0.915	0.042	0.001	0.042
0.252	0.001	0.510	0.237
0.789	0.001	0.126	0.084
0.489	0.084	0.427	0.001
0.167	0.001	0.001	0.831
>TTTAGGAGTGYG	8-TTTAGGAGTGYG	8.363934	-26.052982	0	T:12.0(100.00%),B:0.0(0.00%),P:1e-11	Tpos:118.0,Tstd:155.0,Bpos:0.0,Bstd:0.0,StrandBias:0.3,Multiplicity:1.67
0.102	0.041	0.001	0.856
0.001	0.001	0.319	0.679
0.102	0.102	0.320	0.476
0.422	0.214	0.204	0.161
0.203	0.001	0.694	0.102
0.001	0.001	0.795	0.203
0.897	0.001	0.001	0.101
0.001	0.001	0.997	0.001
0.406	0.001	0.001	0.592
0.101	0.001	0.897	0.001
0.204	0.320	0.102	0.375
0.102	0.001	0.694	0.203
>CCTGTCTTTAAT	9-CCTGTCTTTAAT	6.171540	-26.052982	0	T:12.0(100.00%),B:0.0(0.00%),P:1e-11	Tpos:216.9,Tstd:94.7,Bpos:0.0,Bstd:0.0,StrandBias:3.4,Multiplicity:1.92
0.121	0.877	0.001	0.001
0.001	0.997	0.001	0.001
0.001	0.001	0.001	0.997
0.001	0.001	0.997	0.001
0.001	0.001	0.001	0.997
0.001	0.862	0.001	0.136
0.001	0.001	0.121	0.877
0.001	0.001	0.001	0.997
0.001	0.001	0.001	0.997
0.997	0.001	0.001	0.001
0.877	0.001	0.121	0.001
0.121	0.001	0.001	0.877
>AGACGMAGRTCT	10-AGACGMAGRTCT	8.315515	-26.052982	0	T:12.0(100.00%),B:0.3(0.76%),P:1e-11	Tpos:191.4,Tstd:67.5,Bpos:58.0,Bstd:0.0,StrandBias:-1.0,Multiplicity:1.67
0.702	0.296	0.001	0.001
0.001	0.001	0.997	0.001
0.888	0.110	0.001	0.001
0.001	0.702	0.075	0.222
0.001	0.001	0.997	0.001
0.478	0.339	0.181	0.001
0.997	0.001	0.001	0.001
0.001	0.001	0.997	0.001
0.445	0.001	0.484	0.070
0.001	0.001	0.001	0.997
0.001	0.997	0.001	0.001
0.001	0.005	0.001	0.993
>GTWTCCMWKTKA	11-GTWTCCMWKTKA	9.461834	-26.052982	0	T:12.0(100.00%),B:0.7(1.80%),P:1e-11	Tpos:282.2,Tstd:65.4,Bpos:185.1,Bstd:44.8,StrandBias:0.9,Multiplicity:1.42
0.275	0.001	0.503	0.221
0.001	0.001	0.001	0.997
0.524	0.001	0.001	0.474
0.001	0.001	0.001	0.997
0.001	0.649	0.001	0.349
0.001	0.723	0.001	0.275
0.458	0.510	0.001	0.031
0.505	0.001	0.031	0.463
0.007	0.001	0.427	0.565
0.062	0.001	0.226	0.711
0.001	0.001	0.510	0.488
0.754	0.244	0.001	0.001
>CTCATTAGBTGT	12-CTCATTAGBTGT	9.380026	-26.052982	0	T:12.0(100.00%),B:0.3(0.73%),P:1e-11	Tpos:340.1,Tstd:116.5,Bpos:453.0,Bstd:0.0,StrandBias:-0.3,Multiplicity:1.83
0.407	0.591	0.001	0.001
0.029	0.001	0.095	0.875
0.404	0.564	0.031	0.001
0.997	0.001	0.001	0.001
0.001	0.095	0.003	0.901
0.233	0.017	0.001	0.749
0.973	0.013	0.013	0.001
0.376	0.001	0.610	0.013
0.001	0.373	0.253	0.373
0.001	0.001	0.001	0.997
0.027	0.001	0.568	0.404
0.001	0.001	0.222	0.776
>TCMTCTACTGTA	13-TCMTCTACTGTA	10.588916	-26.052982	0	T:12.0(100.00%),B:0.4(1.10%),P:1e-11	Tpos:288.8,Tstd:28.1,Bpos:219.0,Bstd:0.0,StrandBias:2.5,Multiplicity:1.08
0.001	0.001	0.001	0.997
0.001	0.997	0.001	0.001
0.373	0.403	0.001	0.223
0.001	0.001	0.001	0.997
0.001	0.626	0.001	0.372
0.001	0.001	0.001	0.997
0.997	0.001	0.001	0.001
0.001	0.997	0.001	0.001
0.373	0.001	0.030	0.596
0.030	0.001	0.968	0.001
0.001	0.001	0.001	0.997
0.968	0.001	0.030	0.001
>CGACGCGGCGAT	14-CGACGCGGCGAT	4.248536	-26.052982	0	T:12.0(100.00%),B:0.5(1.13%),P:1e-11	Tpos:215.9,Tstd:60.7,Bpos:50.0,Bstd:0.0,StrandBias:1.0,Multiplicity:1.00
0.001	0.997	0.001	0.001
0.014	0.001	0.984	0.001
0.862	0.136	0.001	0.001
0.001	0.997	0.001	0.001
0.001	0.001	0.997	0.001
0.001	0.997	0.001	0.001
0.001	0.001	0.997	0.001
0.001	0.001	0.862	0.136
0.001	0.997	0.001	0.001
0.001	0.001	0.997	0.001
0.862	0.136	0.001	0.001
0.121	0.015	0.001	0.863
>AGAGAAACTGTT	15-AGAGAAACTGTT	2.275929	-26.052982	0	T:12.0(100.00%),B:0.6(1.48%),P:1e-11	Tpos:72.1,Tstd:144.1,Bpos:529.0,Bstd:0.0,StrandBias:3.6,Multiplicity:1.08
0.840	0.158	0.001	0.001
0.001	0.001	0.840	0.158
0.997	0.001	0.001	0.001
0.001	0.158	0.840	0.001
0.997	0.001	0.001	0.001
0.997	0.001	0.001	0.001
0.997	0.001	0.001	0.001
0.001	0.997	0.001	0.001
0.001	0.001	0.001	0.997
0.001	0.001	0.997	0.001
0.001	0.001	0.001	0.997
0.001	0.158	0.001	0.840
>KAWTCATTTACA	16-KAWTCATTTACA	6.242258	-26.052982	0	T:12.0(100.00%),B:0.8(2.08%),P:1e-11	Tpos:409.4,Tstd:94.2,Bpos:434.0,Bstd:59.8,StrandBias:0.7,Multiplicity:1.80
0.001	0.148	0.453	0.398
0.695	0.303	0.001	0.001
0.529	0.001	0.001	0.469
0.001	0.001	0.001	0.997
0.001	0.470	0.225	0.304
0.997	0.001	0.001	0.001
0.001	0.001	0.001	0.997
0.001	0.001	0.001	0.997
0.225	0.001	0.001	0.773
0.850	0.001	0.148	0.001
0.001	0.997	0.001	0.001
0.774	0.148	0.001	0.077
>GCAKGCWAGATT	17-GCAKGCWAGATT	5.590153	-26.052982	0	T:12.0(100.00%),B:0.5(1.13%),P:1e-11	Tpos:432.4,Tstd:35.2,Bpos:196.0,Bstd:0.0,StrandBias:1.7,Multiplicity:1.30
0.001	0.001	0.997	0.001
0.001	0.997	0.001	0.001
0.745	0.253	0.001	0.001
0.151	0.061	0.373	0.414
0.001	0.001	0.626	0.372
0.001	0.997	0.001	0.001
0.524	0.008	0.001	0.467
0.626	0.001	0.001	0.372
0.001	0.001	0.626	0.372
0.761	0.001	0.237	0.001
0.001	0.001	0.001	0.997
0.372	0.001	0.001	0.626
>GTAAGAGGGCCC	18-GTAAGAGGGCCC	8.520938	-23.488033	0	T:12.0(100.00%),B:1.9(4.68%),P:1e-10	Tpos:226.4,Tstd:118.1,Bpos:435.0,Bstd:0.0,StrandBias:0.9,Multiplicity:1.42
0.097	0.001	0.901	0.001
0.393	0.001	0.001	0.605
0.594	0.001	0.404	0.001
0.606	0.098	0.291	0.005
0.103	0.050	0.846	0.001
0.997	0.001	0.001	0.001
0.004	0.001	0.994	0.001
0.001	0.001	0.758	0.240
0.001	0.005	0.611	0.383
0.097	0.661	0.001	0.241
0.001	0.758	0.240	0.001
0.001	0.997	0.001	0.001
>CCTGATTTCTAA	19-CCTGATTTCTAA	6.537959	-22.339410	0	T:11.0(91.67%),B:0.0(0.00%),P:1e-9	Tpos:304.6,Tstd:19.9,Bpos:0.0,Bstd:0.0,StrandBias:3.3,Multiplicity:1.00
0.001	0.997	0.001	0.001
0.001	0.997	0.001	0.001
0.001	0.001	0.001	0.997
0.151	0.020	0.828	0.001
0.997	0.001	0.001	0.001
0.302	0.001	0.041	0.656
0.001	0.001	0.001	0.997
0.001	0.001	0.404	0.594
0.001	0.594	0.404	0.001
0.020	0.364	0.001	0.615
0.979	0.001	0.001	0.019
0.997	0.001	0.001	0.001
>TTTMCKGGSCTT	20-TTTMCKGGSCTT	8.112244	-18.028447	0	T:11.0(91.67%),B:2.5(6.27%),P:1e-7	Tpos:268.2,Tstd:8.8,Bpos:394.9,Bstd:93.4,StrandBias:3.5,Multiplicity:1.00
0.165	0.001	0.112	0.722
0.053	0.006	0.006	0.935
0.385	0.001	0.001	0.613
0.402	0.386	0.053	0.159
0.166	0.448	0.166	0.220
0.113	0.162	0.353	0.372
0.059	0.159	0.676	0.106
0.219	0.053	0.562	0.166
0.113	0.386	0.340	0.162
0.166	0.448	0.106	0.280
0.053	0.178	0.053	0.716
0.159	0.006	0.001	0.834
>ATTTTWTATAAG	21-ATTTTWTATAAG	9.811635	-16.632300	0	T:9.0(75.00%),B:0.9(2.21%),P:1e-7	Tpos:453.6,Tstd:165.4,Bpos:74.4,Bstd:33.3,StrandBias:2.2,Multiplicity:1.38
0.997	0.001	0.001	0.001
0.001	0.001	0.001	0.997
0.030	0.030	0.001	0.939
0.272	0.094	0.001	0.633
0.001	0.001	0.271	0.727
0.455	0.001	0.001	0.543
0.272	0.001	0.272	0.456
0.727	0.001	0.271	0.001
0.001	0.271	0.001	0.727
0.997	0.001	0.001	0.001
0.997	0.001	0.001	0.001
0.271	0.001	0.727	0.001
>ACTCCTTYCTYW	22-ACTCCTTYCTYW	8.109018	-15.194733	0	T:10.0(83.33%),B:2.0(5.04%),P:1e-6	Tpos:299.8,Tstd:103.3,Bpos:193.8,Bstd:80.6,StrandBias:1.5,Multiplicity:1.30
0.551	0.149	0.001	0.299
0.001	0.849	0.001	0.149
0.149	0.001	0.001	0.849
0.149	0.849	0.001	0.001
0.001	0.997	0.001	0.001
0.149	0.157	0.001	0.693
0.149	0.210	0.001	0.640
0.149	0.401	0.001	0.449
0.001	0.824	0.001	0.174
0.001	0.149	0.210	0.640
0.001	0.509	0.001	0.489
0.449	0.149	0.001	0.401
>CACCAAAT	1-CACCAAAT	10.750488	-26.052982	0	T:12.0(100.00%),B:0.0(0.00%),P:1e-11	Tpos:98.3,Tstd:127.4,Bpos:0.0,Bstd:0.0,StrandBias:0.1,Multiplicity:1.92
0.001	0.767	0.054	0.178
0.997	0.001	0.001	0.001
0.001	0.997	0.001	0.001
0.001	0.945	0.001	0.053
0.997	0.001	0.001	0.001
0.997	0.001	0.001	0.001
0.997	0.001	0.001	0.001
0.001	0.001	0.001	0.997
>TCTCAATC	2-TCTCAATC	8.236954	-26.052982	0	T:12.0(100.00%),B:0.0(0.00%),P:1e-11	Tpos:211.7,Tstd:50.3,Bpos:0.0,Bstd:0.0,StrandBias:3.3,Multiplicity:1.83
0.100	0.100	0.100	0.700
0.100	0.700	0.100	0.100
0.100	0.100	0.100	0.700
0.100	0.700	0.100	0.100
0.700	0.100	0.100	0.100
0.700	0.100	0.100	0.100
0.100	0.100	0.100	0.700
0.100	0.700	0.100	0.100
>GTAGAMGA	3-GTAGAMGA	8.323810	-26.052982	0	T:12.0(100.00%),B:0.3(0.76%),P:1e-11	Tpos:221.2,Tstd:73.7,Bpos:201.0,Bstd:0.0,StrandBias:0.3,Multiplicity:1.83
0.001	0.060	0.662	0.277
0.247	0.111	0.160	0.483
0.969	0.029	0.001	0.001
0.001	0.001	0.997	0.001
0.997	0.001	0.001	0.001
0.491	0.478	0.030	0.001
0.001	0.030	0.840	0.129
0.968	0.030	0.001	0.001
>CTTTTGGA	4-CTTTTGGA	10.585999	-26.052982	0	T:12.0(100.00%),B:0.0(0.00%),P:1e-11	Tpos:57.9,Tstd:129.3,Bpos:0.0,Bstd:0.0,StrandBias:3.9,Multiplicity:1.33
0.001	0.997	0.001	0.001
0.050	0.217	0.001	0.732
0.001	0.001	0.001	0.997
0.001	0.001	0.001	0.997
0.001	0.158	0.001	0.840
0.001	0.001	0.997	0.001
0.001	0.001	0.997	0.001
0.997	0.001	0.001	0.001
>CGACGCAG	5-CGACGCAG	8.465423	-26.052982	0	T:12.0(100.00%),B:0.4(0.95%),P:1e-11	Tpos:193.6,Tstd:73.4,Bpos:301.0,Bstd:0.0,StrandBias:-0.6,Multiplicity:1.67
0.041	0.957	0.001	0.001
0.001	0.192	0.806	0.001
0.668	0.001	0.001	0.330
0.179	0.536	0.284	0.001
0.042	0.042	0.874	0.042
0.041	0.917	0.001	0.041
0.656	0.001	0.342	0.001
0.001	0.041	0.957	0.001
>CCTCGCAG	6-CCTCGCAG	10.304147	-26.052982	0	T:12.0(100.00%),B:0.0(0.00%),P:1e-11	Tpos:188.2,Tstd:61.8,Bpos:0.0,Bstd:0.0,StrandBias:3.5,Multiplicity:1.00
0.001	0.935	0.001	0.063
0.001	0.997	0.001	0.001
0.001	0.001	0.001	0.997
0.277	0.529	0.193	0.001
0.001	0.063	0.935	0.001
0.001	0.997	0.001	0.001
0.997	0.001	0.001	0.001
0.001	0.001	0.997	0.001
>GTGTGGAT	7-GTGTGGAT	10.518281	-26.052982	0	T:12.0(100.00%),B:0.0(0.00%),P:1e-11	Tpos:91.0,Tstd:121.7,Bpos:0.0,Bstd:0.0,StrandBias:2.5,Multiplicity:1.08
0.001	0.001	0.997	0.001
0.001	0.001	0.001	0.997
0.001	0.001	0.997	0.001
0.001	0.001	0.001	0.997
0.001	0.001	0.610	0.388
0.001	0.001	0.997	0.001
0.942	0.001	0.056	0.001
0.001	0.001	0.001	0.997
>ACTCCCTC	8-ACTCCCTC	8.702807	-26.052982	0	T:12.0(100.00%),B:0.0(0.00%),P:1e-11	Tpos:207.3,Tstd:80.1,Bpos:0.0,Bstd:0.0,StrandBias:3.8,Multiplicity:1.25
0.729	0.182	0.001	0.088
0.001	0.911	0.044	0.044
0.136	0.001	0.044	0.819
0.044	0.773	0.182	0.001
0.133	0.865	0.001	0.001
0.134	0.557	0.001	0.308
0.044	0.345	0.088	0.523
0.044	0.867	0.088	0.001
>GAATGTTA	9-GAATGTTA	7.984422	-26.052982	0	T:12.0(100.00%),B:0.8(1.97%),P:1e-11	Tpos:288.4,Tstd:71.8,Bpos:74.0,Bstd:9.5,StrandBias:0.7,Multiplicity:1.75
0.001	0.119	0.879	0.001
0.997	0.001	0.001	0.001
0.785	0.213	0.001	0.001
0.001	0.001	0.001	0.997
0.001	0.213	0.785	0.001
0.001	0.213	0.001	0.785
0.001	0.213	0.001	0.785
0.997	0.001	0.001	0.001
>TTAATCAT	10-TTAATCAT	10.319599	-26.052982	0	T:12.0(100.00%),B:0.4(0.95%),P:1e-11	Tpos:460.8,Tstd:117.8,Bpos:144.0,Bstd:0.0,StrandBias:3.6,Multiplicity:1.08
0.001	0.001	0.001	0.997
0.001	0.001	0.001	0.997
0.997	0.001	0.001	0.001
0.961	0.001	0.037	0.001
0.001	0.001	0.001	0.997
0.087	0.787	0.001	0.125
0.621	0.259	0.001	0.119
0.001	0.001	0.001	0.997
>ATGCCHGC	11-ATGCCHGC	9.414145	-26.052982	0	T:12.0(100.00%),B:1.0(2.45%),P:1e-11	Tpos:442.1,Tstd:96.7,Bpos:267.2,Bstd:48.6,StrandBias:0.7,Multiplicity:1.33
0.997	0.001	0.001	0.001
0.001	0.001	0.001	0.997
0.119	0.058	0.765	0.058
0.001	0.997	0.001	0.001
0.001	0.997	0.001	0.001
0.249	0.354	0.001	0.396
0.001	0.001	0.997	0.001
0.001	0.997	0.001	0.001
>TTGCACTC	12-TTGCACTC	8.469208	-26.052982	0	T:12.0(100.00%),B:0.3(0.76%),P:1e-11	Tpos:166.3,Tstd:119.1,Bpos:262.0,Bstd:0.0,StrandBias:3.3,Multiplicity:1.83
0.123	0.001	0.060	0.816
0.001	0.345	0.123	0.531
0.123	0.184	0.572	0.121
0.001	0.588	0.410	0.001
0.997	0.001	0.001	0.001
0.060	0.879	0.060	0.001
0.001	0.001	0.001	0.997
0.001	0.879	0.060	0.060
>GSCCCTAT	13-GSCCCTAT	8.698724	-26.052982	0	T:12.0(100.00%),B:0.5(1.33%),P:1e-11	Tpos:122.7,Tstd:105.0,Bpos:111.0,Bstd:0.0,StrandBias:3.5,Multiplicity:1.00
0.181	0.001	0.749	0.069
0.182	0.448	0.300	0.070
0.139	0.859	0.001	0.001
0.042	0.738	0.001	0.219
0.001	0.737	0.001	0.261
0.001	0.001	0.001	0.997
0.630	0.300	0.001	0.069
0.069	0.001	0.001	0.929
>WCAACAST	14-WCAACAST	8.530009	-26.052982	0	T:12.0(100.00%),B:0.8(2.01%),P:1e-11	Tpos:146.8,Tstd:89.0,Bpos:383.0,Bstd:0.0,StrandBias:-3.5,Multiplicity:1.00
0.457	0.001	0.001	0.541
0.162	0.607	0.175	0.056
0.871	0.127	0.001	0.001
0.997	0.001	0.001	0.001
0.062	0.792	0.112	0.034
0.997	0.001	0.001	0.001
0.186	0.356	0.457	0.001
0.055	0.055	0.001	0.889
>GTCCCCTA	15-GTCCCCTA	8.565298	-26.052982	0	T:12.0(100.00%),B:0.3(0.69%),P:1e-11	Tpos:183.5,Tstd:91.8,Bpos:369.0,Bstd:0.0,StrandBias:3.6,Multiplicity:1.08
0.001	0.001	0.997	0.001
0.001	0.001	0.101	0.897
0.001	0.997	0.001	0.001
0.001	0.997	0.001	0.001
0.001	0.897	0.001	0.101
0.001	0.997	0.001	0.001
0.001	0.001	0.001	0.997
0.897	0.101	0.001	0.001
>GGAAATTT	16-GGAAATTT	7.565504	-26.052982	0	T:12.0(100.00%),B:0.9(2.25%),P:1e-11	Tpos:283.6,Tstd:77.9,Bpos:150.4,Bstd:112.3,StrandBias:3.6,Multiplicity:1.08
0.001	0.001	0.997	0.001
0.001	0.001	0.997	0.001
0.836	0.001	0.162	0.001
0.626	0.001	0.372	0.001
0.626	0.372	0.001	0.001
0.001	0.091	0.001	0.907
0.001	0.001	0.001	0.997
0.001	0.001	0.001	0.997
>CAACACTT	17-CAACACTT	10.755918	-22.339410	0	T:11.0(91.67%),B:0.8(1.94%),P:1e-9	Tpos:136.2,Tstd:101.8,Bpos:207.5,Bstd:38.8,StrandBias:3.3,Multiplicity:1.00
0.001	0.997	0.001	0.001
0.997	0.001	0.001	0.001
0.997	0.001	0.001	0.001
0.001	0.898	0.100	0.001
0.997	0.001	0.001	0.001
0.169	0.829	0.001	0.001
0.001	0.001	0.001	0.997
0.001	0.001	0.022	0.976
>ATAAGGTG	18-ATAAGGTG	10.499592	-22.339410	0	T:11.0(91.67%),B:0.0(0.00%),P:1e-9	Tpos:255.4,Tstd:18.3,Bpos:0.0,Bstd:0.0,StrandBias:3.3,Multiplicity:1.00
0.997	0.001	0.001	0.001
0.001	0.001	0.001	0.997
0.997	0.001	0.001	0.001
0.997	0.001	0.001	0.001
0.001	0.001	0.997	0.001
0.001	0.129	0.869	0.001
0.001	0.001	0.001	0.997
0.001	0.001	0.649	0.349
>AGAGAAAC	19-AGAGAAAC	8.236954	-22.339410	0	T:11.0(91.67%),B:0.0(0.00%),P:1e-9	Tpos:64.2,Tstd:152.4,Bpos:0.0,Bstd:0.0,StrandBias:3.3,Multiplicity:1.00
0.700	0.100	0.100	0.100
0.100	0.100	0.700	0.100
0.700	0.100	0.100	0.100
0.100	0.100	0.700	0.100
0.700	0.100	0.100	0.100
0.700	0.100	0.100	0.100
0.700	0.100	0.100	0.100
0.100	0.700	0.100	0.100
>GTCTCCGG	20-GTCTCCGG	6.291044	-21.542123	0	T:12.0(100.00%),B:2.6(6.47%),P:1e-9	Tpos:159.3,Tstd:113.7,Bpos:237.7,Bstd:56.3,StrandBias:-3.6,Multiplicity:1.08
0.100	0.100	0.700	0.100
0.100	0.100	0.100	0.700
0.100	0.700	0.100	0.100
0.100	0.100	0.100	0.700
0.100	0.700	0.100	0.100
0.100	0.700	0.100	0.100
0.100	0.100	0.700	0.100
0.100	0.100	0.700	0.100
>TATTATCC	21-TATTATCC	8.705363	-21.542123	0	T:12.0(100.00%),B:2.4(5.93%),P:1e-9	Tpos:449.0,Tstd:111.3,Bpos:168.0,Bstd:0.0,StrandBias:3.5,Multiplicity:1.00
0.001	0.001	0.001	0.997
0.893	0.001	0.001	0.105
0.064	0.105	0.001	0.830
0.001	0.001	0.001	0.997
0.997	0.001	0.001	0.001
0.001	0.001	0.001	0.997
0.001	0.997	0.001	0.001
0.001	0.997	0.001	0.001
>TTTAATCC	22-TTTAATCC	7.631322	-19.932685	0	T:12.0(100.00%),B:3.7(9.16%),P:1e-8	Tpos:358.0,Tstd:72.6,Bpos:302.8,Bstd:12.0,StrandBias:0.1,Multiplicity:1.92
0.001	0.057	0.001	0.941
0.001	0.001	0.001	0.997
0.001	0.001	0.001	0.997
0.883	0.001	0.058	0.058
0.941	0.057	0.001	0.001
0.001	0.057	0.001	0.941
0.001	0.880	0.118	0.001
0.001	0.807	0.001	0.191
>GGCTTTAT	23-GGCTTTAT	7.981599	-18.546390	0	T:12.0(100.00%),B:4.2(10.44%),P:1e-8	Tpos:346.4,Tstd:111.9,Bpos:381.6,Bstd:115.1,StrandBias:2.0,Multiplicity:1.67
0.007	0.007	0.985	0.001
0.001	0.036	0.962	0.001
0.001	0.588	0.001	0.410
0.254	0.001	0.001	0.744
0.001	0.001	0.124	0.874
0.001	0.001	0.001	0.997
0.997	0.001	0.001	0.001
0.001	0.124	0.001	0.874
>TATATAAG	24-TATATAAG	10.490322	-16.941247	0	T:10.0(83.33%),B:1.8(4.58%),P:1e-7	Tpos:511.3,Tstd:153.0,Bpos:206.0,Bstd:0.0,StrandBias:0.5,Multiplicity:1.00
0.001	0.001	0.001	0.997
0.695	0.303	0.001	0.001
0.001	0.001	0.001	0.997
0.928	0.070	0.001	0.001
0.001	0.001	0.001	0.997
0.928	0.001	0.001	0.070
0.997	0.001	0.001	0.001
0.001	0.001	0.928	0.070
>AATATTTG	25-AATATTTG	9.251356	-15.194733	0	T:10.0(83.33%),B:2.3(5.82%),P:1e-6	Tpos:388.7,Tstd:136.2,Bpos:236.7,Bstd:44.8,StrandBias:0.0,Multiplicity:1.10
0.962	0.001	0.036	0.001
0.937	0.001	0.001	0.061
0.001	0.001	0.001	0.997
0.997	0.001	0.001	0.001
0.001	0.001	0.001	0.997
0.001	0.062	0.062	0.875
0.001	0.001	0.001	0.997
0.204	0.001	0.733	0.062
