>AGAAGATCTC	1-AGAAGATCTC,BestGuess:POL008.1_DCE_S_I/Jaspar(0.646)	12.529127	-26.052982	0	T:12.0(100.00%),B:0.0(0.00%),P:1e-11
0.743	0.255	0.001	0.001
0.001	0.001	0.997	0.001
0.997	0.001	0.001	0.001
0.997	0.001	0.001	0.001
0.001	0.001	0.997	0.001
0.997	0.001	0.001	0.001
0.380	0.001	0.001	0.618
0.001	0.997	0.001	0.001
0.001	0.001	0.001	0.997
0.001	0.953	0.045	0.001
>AATATTTGGT	2-AATATTTGGT,BestGuess:Arid5a/MA0602.2/Jaspar(0.760)	9.157049	-26.052982	0	T:12.0(100.00%),B:0.0(0.00%),P:1e-11
0.928	0.001	0.070	0.001
0.908	0.001	0.090	0.001
0.001	0.001	0.070	0.928
0.776	0.001	0.222	0.001
0.001	0.070	0.001	0.928
0.001	0.293	0.071	0.635
0.001	0.001	0.001	0.997
0.147	0.003	0.849	0.001
0.071	0.304	0.624	0.001
0.142	0.304	0.071	0.483
>ATCCACACTT	3-ATCCACACTT,BestGuess:Eomes(T-box)/H9-Eomes-ChIP-Seq(GSE26097)/Homer(0.734)	9.010782	-26.052982	0	T:12.0(100.00%),B:0.0(0.00%),P:1e-11
0.718	0.019	0.167	0.096
0.038	0.038	0.038	0.886
0.115	0.532	0.038	0.315
0.301	0.585	0.019	0.095
0.554	0.057	0.156	0.233
0.076	0.634	0.095	0.195
0.886	0.019	0.019	0.076
0.058	0.689	0.076	0.177
0.038	0.095	0.019	0.848
0.038	0.217	0.057	0.688
>CTTTAWTCYT	4-CTTTAWTCYT,BestGuess:TCF7L1/MA1421.1/Jaspar(0.713)	10.566920	-26.052982	0	T:12.0(100.00%),B:0.8(2.01%),P:1e-11
0.001	0.997	0.001	0.001
0.001	0.001	0.001	0.997
0.001	0.001	0.001	0.997
0.001	0.001	0.001	0.997
0.997	0.001	0.001	0.001
0.458	0.083	0.001	0.458
0.001	0.001	0.001	0.997
0.001	0.997	0.001	0.001
0.001	0.541	0.001	0.457
0.001	0.001	0.001	0.997
>AGACGAAGRT	5-AGACGAAGRT,BestGuess:PB0166.1_Sox12_2/Jaspar(0.668)	9.866652	-26.052982	0	T:12.0(100.00%),B:0.0(0.00%),P:1e-11
0.997	0.001	0.001	0.001
0.200	0.001	0.798	0.001
0.997	0.001	0.001	0.001
0.001	0.997	0.001	0.001
0.099	0.001	0.899	0.001
0.899	0.099	0.001	0.001
0.774	0.224	0.001	0.001
0.001	0.001	0.997	0.001
0.468	0.001	0.530	0.001
0.001	0.100	0.243	0.656
>AAGGYGGGAA	7-AAGGYGGGAA,BestGuess:E2F6/MA0471.3/Jaspar(0.771)	10.193957	-26.052982	0	T:12.0(100.00%),B:0.0(0.00%),P:1e-11
0.997	0.001	0.001	0.001
0.997	0.001	0.001	0.001
0.001	0.001	0.997	0.001
0.001	0.001	0.997	0.001
0.149	0.492	0.001	0.358
0.149	0.001	0.551	0.299
0.149	0.001	0.849	0.001
0.001	0.001	0.997	0.001
0.517	0.158	0.158	0.167
0.699	0.001	0.299	0.001
>CTCCATCTTC	8-CTCCATCTTC,BestGuess:Prdm5/MA1999.2/Jaspar(0.762)	8.294099	-26.052982	0	T:12.0(100.00%),B:0.0(0.00%),P:1e-11
0.001	0.989	0.001	0.009
0.001	0.001	0.001	0.997
0.001	0.997	0.001	0.001
0.163	0.835	0.001	0.001
0.997	0.001	0.001	0.001
0.001	0.001	0.001	0.997
0.001	0.997	0.001	0.001
0.061	0.001	0.278	0.660
0.001	0.395	0.001	0.603
0.001	0.997	0.001	0.001
>TTGGAAGWAA	9-TTGGAAGWAA,BestGuess:Nfatc1/MA0624.3/Jaspar(0.732)	6.768454	-26.052982	0	T:12.0(100.00%),B:0.5(1.33%),P:1e-11
0.001	0.001	0.001	0.997
0.171	0.001	0.001	0.827
0.001	0.001	0.997	0.001
0.001	0.001	0.997	0.001
0.986	0.001	0.012	0.001
0.997	0.001	0.001	0.001
0.356	0.001	0.642	0.001
0.459	0.001	0.001	0.539
0.540	0.171	0.288	0.001
0.997	0.001	0.001	0.001
>ACTGTCCTTG	10-ACTGTCCTTG,BestGuess:ZBTB32/MA1580.1/Jaspar(0.738)	6.910858	-26.052982	0	T:12.0(100.00%),B:0.9(2.21%),P:1e-11
0.997	0.001	0.001	0.001
0.001	0.997	0.001	0.001
0.001	0.051	0.001	0.947
0.004	0.001	0.767	0.228
0.001	0.001	0.001	0.997
0.296	0.595	0.056	0.053
0.112	0.886	0.001	0.001
0.056	0.015	0.271	0.658
0.001	0.001	0.280	0.718
0.001	0.001	0.997	0.001
>ARGGCCCCTA	11-ARGGCCCCTA,BestGuess:PLAGL2/MA1548.2/Jaspar(0.705)	9.962879	-26.052982	0	T:12.0(100.00%),B:0.0(0.00%),P:1e-11
0.954	0.001	0.001	0.044
0.370	0.045	0.495	0.090
0.090	0.001	0.539	0.370
0.001	0.146	0.610	0.243
0.101	0.853	0.045	0.001
0.001	0.997	0.001	0.001
0.135	0.718	0.045	0.102
0.193	0.750	0.056	0.001
0.001	0.193	0.045	0.761
0.729	0.136	0.045	0.090
>TATTATCCTG	12-TATTATCCTG,BestGuess:SPDEF(ETS)/VCaP-SPDEF-ChIP-Seq(SRA014231)/Homer(0.621)	7.724105	-26.052982	0	T:12.0(100.00%),B:0.0(0.00%),P:1e-11
0.001	0.001	0.001	0.997
0.997	0.001	0.001	0.001
0.001	0.001	0.161	0.837
0.001	0.001	0.001	0.997
0.822	0.085	0.001	0.092
0.001	0.001	0.001	0.997
0.001	0.997	0.001	0.001
0.001	0.997	0.001	0.001
0.001	0.001	0.161	0.837
0.001	0.001	0.997	0.001
>TCGCACTCCA	13-TCGCACTCCA,BestGuess:Nkx2.2(Homeobox)/NPC-Nkx2.2-ChIP-Seq(GSE61673)/Homer(0.688)	12.324874	-26.052982	0	T:12.0(100.00%),B:0.0(0.00%),P:1e-11
0.001	0.001	0.001	0.997
0.001	0.815	0.001	0.183
0.001	0.001	0.997	0.001
0.001	0.815	0.183	0.001
0.997	0.001	0.001	0.001
0.001	0.997	0.001	0.001
0.001	0.001	0.001	0.997
0.001	0.997	0.001	0.001
0.183	0.815	0.001	0.001
0.594	0.001	0.001	0.404
>TATAGACCAC	14-TATAGACCAC,BestGuess:ZNF211/MA1974.2/Jaspar(0.765)	6.585310	-26.052982	0	T:12.0(100.00%),B:0.4(0.92%),P:1e-11
0.001	0.001	0.109	0.889
0.889	0.001	0.001	0.109
0.001	0.001	0.001	0.997
0.997	0.001	0.001	0.001
0.001	0.001	0.997	0.001
0.997	0.001	0.001	0.001
0.001	0.997	0.001	0.001
0.020	0.890	0.089	0.001
0.997	0.001	0.001	0.001
0.001	0.997	0.001	0.001
>TGTCAACAAT	16-TGTCAACAAT,BestGuess:FOXS1/MA2118.1/Jaspar(0.816)	10.399326	-26.052982	0	T:12.0(100.00%),B:0.6(1.48%),P:1e-11
0.001	0.001	0.001	0.997
0.001	0.001	0.997	0.001
0.001	0.001	0.001	0.997
0.297	0.536	0.146	0.021
0.997	0.001	0.001	0.001
0.957	0.001	0.041	0.001
0.001	0.702	0.001	0.296
0.997	0.001	0.001	0.001
0.619	0.001	0.379	0.001
0.001	0.001	0.001	0.997
>TTRCAHACTC	17-TTRCAHACTC,BestGuess:MSANTD3/MA1523.2/Jaspar(0.641)	7.548260	-26.052982	0	T:12.0(100.00%),B:0.8(2.01%),P:1e-11
0.001	0.001	0.001	0.997
0.001	0.001	0.397	0.601
0.543	0.001	0.455	0.001
0.271	0.727	0.001	0.001
0.997	0.001	0.001	0.001
0.398	0.272	0.001	0.330
0.997	0.001	0.001	0.001
0.001	0.997	0.001	0.001
0.001	0.001	0.001	0.997
0.001	0.970	0.001	0.028
>TGTGGAAGGC	18-TGTGGAAGGC,BestGuess:TEAD1(TEAD)/HepG2-TEAD1-ChIP-Seq(Encode)/Homer(0.687)	11.490573	-26.052982	0	T:12.0(100.00%),B:0.0(0.00%),P:1e-11
0.001	0.001	0.001	0.997
0.200	0.001	0.599	0.200
0.001	0.001	0.199	0.799
0.001	0.001	0.997	0.001
0.001	0.001	0.997	0.001
0.997	0.001	0.001	0.001
0.997	0.001	0.001	0.001
0.199	0.001	0.799	0.001
0.001	0.001	0.997	0.001
0.001	0.997	0.001	0.001
>TKTKGATAAGAT	5-TKTKGATAAGAT,BestGuess:TRPS1/MA1970.2/Jaspar(0.695)	8.576736	-26.052982	0	T:12.0(100.00%),B:0.3(0.69%),P:1e-11
0.084	0.001	0.001	0.914
0.001	0.116	0.456	0.426
0.339	0.001	0.001	0.659
0.001	0.008	0.458	0.533
0.081	0.111	0.807	0.001
0.803	0.082	0.030	0.085
0.280	0.001	0.001	0.718
0.882	0.001	0.111	0.006
0.711	0.001	0.287	0.001
0.258	0.109	0.623	0.010
0.806	0.001	0.187	0.006
0.032	0.170	0.173	0.625
>YTTACCTTTGGA	6-YTTACCTTTGGA,BestGuess:HNF4A/MA1494.2/Jaspar(0.698)	8.391312	-26.052982	0	T:12.0(100.00%),B:0.5(1.23%),P:1e-11
0.001	0.453	0.001	0.545
0.001	0.001	0.001	0.997
0.001	0.055	0.001	0.943
0.456	0.272	0.272	0.001
0.001	0.997	0.001	0.001
0.110	0.817	0.001	0.072
0.272	0.272	0.001	0.454
0.001	0.001	0.001	0.997
0.001	0.001	0.001	0.997
0.271	0.001	0.727	0.001
0.001	0.001	0.997	0.001
0.988	0.001	0.010	0.001
>CTTCCRGAGART	7-CTTCCRGAGART,BestGuess:STAT6(Stat)/Macrophage-Stat6-ChIP-Seq(GSE38377)/Homer(0.737)	8.477397	-26.052982	0	T:12.0(100.00%),B:0.5(1.13%),P:1e-11
0.090	0.594	0.092	0.224
0.210	0.144	0.001	0.645
0.001	0.001	0.041	0.957
0.132	0.615	0.001	0.252
0.090	0.505	0.126	0.279
0.469	0.042	0.405	0.084
0.084	0.126	0.489	0.300
0.915	0.042	0.001	0.042
0.252	0.001	0.510	0.237
0.789	0.001	0.126	0.084
0.489	0.084	0.427	0.001
0.167	0.001	0.001	0.831
>CCTGTCTTTAAT	9-CCTGTCTTTAAT,BestGuess:Arid3a/MA0151.1/Jaspar(0.662)	6.171540	-26.052982	0	T:12.0(100.00%),B:0.0(0.00%),P:1e-11
0.121	0.877	0.001	0.001
0.001	0.997	0.001	0.001
0.001	0.001	0.001	0.997
0.001	0.001	0.997	0.001
0.001	0.001	0.001	0.997
0.001	0.862	0.001	0.136
0.001	0.001	0.121	0.877
0.001	0.001	0.001	0.997
0.001	0.001	0.001	0.997
0.997	0.001	0.001	0.001
0.877	0.001	0.121	0.001
0.121	0.001	0.001	0.877
>GTWTCCMWKTKA	11-GTWTCCMWKTKA,BestGuess:Nfatc2/MA0152.3/Jaspar(0.677)	9.461834	-26.052982	0	T:12.0(100.00%),B:0.7(1.80%),P:1e-11
0.275	0.001	0.503	0.221
0.001	0.001	0.001	0.997
0.524	0.001	0.001	0.474
0.001	0.001	0.001	0.997
0.001	0.649	0.001	0.349
0.001	0.723	0.001	0.275
0.458	0.510	0.001	0.031
0.505	0.001	0.031	0.463
0.007	0.001	0.427	0.565
0.062	0.001	0.226	0.711
0.001	0.001	0.510	0.488
0.754	0.244	0.001	0.001
>CTCATTAGBTGT	12-CTCATTAGBTGT,BestGuess:PH0094.1_Lhx4/Jaspar(0.800)	9.380026	-26.052982	0	T:12.0(100.00%),B:0.3(0.73%),P:1e-11
0.407	0.591	0.001	0.001
0.029	0.001	0.095	0.875
0.404	0.564	0.031	0.001
0.997	0.001	0.001	0.001
0.001	0.095	0.003	0.901
0.233	0.017	0.001	0.749
0.973	0.013	0.013	0.001
0.376	0.001	0.610	0.013
0.001	0.373	0.253	0.373
0.001	0.001	0.001	0.997
0.027	0.001	0.568	0.404
0.001	0.001	0.222	0.776
>TCMTCTACTGTA	13-TCMTCTACTGTA,BestGuess:ZBTB32/MA1580.1/Jaspar(0.697)	10.588916	-26.052982	0	T:12.0(100.00%),B:0.4(1.10%),P:1e-11
0.001	0.001	0.001	0.997
0.001	0.997	0.001	0.001
0.373	0.403	0.001	0.223
0.001	0.001	0.001	0.997
0.001	0.626	0.001	0.372
0.001	0.001	0.001	0.997
0.997	0.001	0.001	0.001
0.001	0.997	0.001	0.001
0.373	0.001	0.030	0.596
0.030	0.001	0.968	0.001
0.001	0.001	0.001	0.997
0.968	0.001	0.030	0.001
>CGACGCGGCGAT	14-CGACGCGGCGAT,BestGuess:CREB3L4/MA1474.2/Jaspar(0.593)	4.248536	-26.052982	0	T:12.0(100.00%),B:0.5(1.13%),P:1e-11
0.001	0.997	0.001	0.001
0.014	0.001	0.984	0.001
0.862	0.136	0.001	0.001
0.001	0.997	0.001	0.001
0.001	0.001	0.997	0.001
0.001	0.997	0.001	0.001
0.001	0.001	0.997	0.001
0.001	0.001	0.862	0.136
0.001	0.997	0.001	0.001
0.001	0.001	0.997	0.001
0.862	0.136	0.001	0.001
0.121	0.015	0.001	0.863
>AGAGAAACTGTT	15-AGAGAAACTGTT,BestGuess:GRHL2/MA1105.3/Jaspar(0.687)	2.275929	-26.052982	0	T:12.0(100.00%),B:0.6(1.48%),P:1e-11
0.840	0.158	0.001	0.001
0.001	0.001	0.840	0.158
0.997	0.001	0.001	0.001
0.001	0.158	0.840	0.001
0.997	0.001	0.001	0.001
0.997	0.001	0.001	0.001
0.997	0.001	0.001	0.001
0.001	0.997	0.001	0.001
0.001	0.001	0.001	0.997
0.001	0.001	0.997	0.001
0.001	0.001	0.001	0.997
0.001	0.158	0.001	0.840
>GCAKGCWAGATT	17-GCAKGCWAGATT,BestGuess:Arnt:Ahr(bHLH)/MCF7-Arnt-ChIP-Seq(Lo_et_al.)/Homer(0.579)	5.590153	-26.052982	0	T:12.0(100.00%),B:0.5(1.13%),P:1e-11
0.001	0.001	0.997	0.001
0.001	0.997	0.001	0.001
0.745	0.253	0.001	0.001
0.151	0.061	0.373	0.414
0.001	0.001	0.626	0.372
0.001	0.997	0.001	0.001
0.524	0.008	0.001	0.467
0.626	0.001	0.001	0.372
0.001	0.001	0.626	0.372
0.761	0.001	0.237	0.001
0.001	0.001	0.001	0.997
0.372	0.001	0.001	0.626
>CCTCGCAG	6-CCTCGCAG,BestGuess:Rfx6/MA1724.2/Jaspar(0.705)	10.304147	-26.052982	0	T:12.0(100.00%),B:0.0(0.00%),P:1e-11
0.001	0.935	0.001	0.063
0.001	0.997	0.001	0.001
0.001	0.001	0.001	0.997
0.277	0.529	0.193	0.001
0.001	0.063	0.935	0.001
0.001	0.997	0.001	0.001
0.997	0.001	0.001	0.001
0.001	0.001	0.997	0.001
>GAATGTTA	9-GAATGTTA,BestGuess:TEAD2/MA1121.2/Jaspar(0.773)	7.984422	-26.052982	0	T:12.0(100.00%),B:0.8(1.97%),P:1e-11
0.001	0.119	0.879	0.001
0.997	0.001	0.001	0.001
0.785	0.213	0.001	0.001
0.001	0.001	0.001	0.997
0.001	0.213	0.785	0.001
0.001	0.213	0.001	0.785
0.001	0.213	0.001	0.785
0.997	0.001	0.001	0.001
>ATGCCHGC	11-ATGCCHGC,BestGuess:HIC1(Zf)/Treg-ZBTB29-ChIP-Seq(GSE99889)/Homer(0.784)	9.414145	-26.052982	0	T:12.0(100.00%),B:1.0(2.45%),P:1e-11
0.997	0.001	0.001	0.001
0.001	0.001	0.001	0.997
0.119	0.058	0.765	0.058
0.001	0.997	0.001	0.001
0.001	0.997	0.001	0.001
0.249	0.354	0.001	0.396
0.001	0.001	0.997	0.001
0.001	0.997	0.001	0.001
>GGAAATTT	16-GGAAATTT,BestGuess:NFkB-p65-Rel(RHD)/ThioMac-LPS-Expression(GSE23622)/Homer(0.729)	7.565504	-26.052982	0	T:12.0(100.00%),B:0.9(2.25%),P:1e-11
0.001	0.001	0.997	0.001
0.001	0.001	0.997	0.001
0.836	0.001	0.162	0.001
0.626	0.001	0.372	0.001
0.626	0.372	0.001	0.001
0.001	0.091	0.001	0.907
0.001	0.001	0.001	0.997
0.001	0.001	0.001	0.997
>GTCTCCGG	20-GTCTCCGG,BestGuess:Elk4(ETS)/Hela-Elk4-ChIP-Seq(GSE31477)/Homer(0.702)	6.291044	-21.542123	0	T:12.0(100.00%),B:2.6(6.47%),P:1e-9
0.100	0.100	0.700	0.100
0.100	0.100	0.100	0.700
0.100	0.700	0.100	0.100
0.100	0.100	0.100	0.700
0.100	0.700	0.100	0.100
0.100	0.700	0.100	0.100
0.100	0.100	0.700	0.100
0.100	0.100	0.700	0.100
>GTAGGCTCTC	22-GTAGGCTCTC,BestGuess:ZNF692/MA1986.2/Jaspar(0.622)	7.283854	-19.877115	0	T:11.0(91.67%),B:1.7(4.10%),P:1e-8
0.001	0.418	0.580	0.001
0.001	0.334	0.001	0.664
0.611	0.001	0.387	0.001
0.185	0.090	0.724	0.001
0.280	0.054	0.665	0.001
0.001	0.619	0.001	0.379
0.001	0.395	0.001	0.603
0.001	0.941	0.001	0.057
0.001	0.239	0.001	0.759
0.185	0.724	0.001	0.090
>AATTAAACCT	23-AATTAAACCT,BestGuess:TLX2/MA1577.2/Jaspar(0.736)	8.459077	-19.294888	0	T:10.0(83.33%),B:0.9(2.34%),P:1e-8
0.963	0.001	0.035	0.001
0.963	0.001	0.035	0.001
0.001	0.001	0.001	0.997
0.073	0.035	0.001	0.891
0.997	0.001	0.001	0.001
0.594	0.001	0.001	0.404
0.594	0.001	0.404	0.001
0.001	0.997	0.001	0.001
0.001	0.997	0.001	0.001
0.035	0.035	0.001	0.929
>TTTMCKGGSCTT	20-TTTMCKGGSCTT,BestGuess:Hoxa13/MA0650.4/Jaspar(0.633)	8.112244	-18.028447	0	T:11.0(91.67%),B:2.5(6.27%),P:1e-7
0.165	0.001	0.112	0.722
0.053	0.006	0.006	0.935
0.385	0.001	0.001	0.613
0.402	0.386	0.053	0.159
0.166	0.448	0.166	0.220
0.113	0.162	0.353	0.372
0.059	0.159	0.676	0.106
0.219	0.053	0.562	0.166
0.113	0.386	0.340	0.162
0.166	0.448	0.106	0.280
0.053	0.178	0.053	0.716
0.159	0.006	0.001	0.834
>TATATAAG	24-TATATAAG,BestGuess:TBP/MA0108.3/Jaspar(0.774)	10.490322	-16.941247	0	T:10.0(83.33%),B:1.8(4.58%),P:1e-7
0.001	0.001	0.001	0.997
0.695	0.303	0.001	0.001
0.001	0.001	0.001	0.997
0.928	0.070	0.001	0.001
0.001	0.001	0.001	0.997
0.928	0.001	0.001	0.070
0.997	0.001	0.001	0.001
0.001	0.001	0.928	0.070
