>CACCHATGGGAR	11-YTCCCATDGGTG	9.551901	-169.455472	0	T:67.0(98.53%),B:0.3(0.11%),P:1e-73
0.200	0.765	0.028	0.007
0.870	0.057	0.051	0.022
0.001	0.670	0.130	0.199
0.014	0.943	0.029	0.014
0.342	0.271	0.016	0.371
0.571	0.014	0.400	0.015
0.015	0.050	0.192	0.743
0.314	0.199	0.466	0.021
0.050	0.364	0.571	0.015
0.008	0.329	0.634	0.029
0.594	0.021	0.378	0.007
0.445	0.192	0.362	0.001
