>CHNCTTCGCAAC	7-CHNCTTCGCAAC,BestGuess:PB0055.1_Rfx4_1/Jaspar(0.701)	9.422882	-167.440827	0	T:68.0(100.00%),B:0.0(0.00%),P:1e-72
0.042	0.906	0.005	0.047
0.324	0.338	0.081	0.256
0.228	0.227	0.268	0.278
0.009	0.668	0.078	0.245
0.067	0.383	0.009	0.541
0.221	0.052	0.053	0.674
0.188	0.792	0.010	0.010
0.113	0.057	0.783	0.047
0.133	0.830	0.009	0.028
0.676	0.271	0.052	0.001
0.587	0.198	0.057	0.158
0.091	0.699	0.132	0.078
