>ATGGATTTGGAA	15-ATGGATTTGGAA,BestGuess:NFATC3/MA0625.3/Jaspar(0.622)	9.638212	-161.827699	0	T:67.0(98.53%),B:0.8(0.29%),P:1e-70
0.694	0.028	0.115	0.163
0.014	0.072	0.071	0.843
0.001	0.028	0.898	0.073
0.001	0.101	0.798	0.100
0.722	0.057	0.204	0.017
0.144	0.001	0.263	0.592
0.193	0.014	0.187	0.606
0.044	0.321	0.045	0.590
0.250	0.085	0.651	0.014
0.058	0.058	0.867	0.017
0.810	0.014	0.173	0.003
0.882	0.001	0.114	0.003
