>GTTGCGAAGNDG	7-CHNCTTCGCAAC	9.422882	-167.440827	0	T:68.0(100.00%),B:0.0(0.00%),P:1e-72
0.078	0.132	0.699	0.091
0.158	0.057	0.198	0.587
0.001	0.052	0.271	0.676
0.028	0.009	0.830	0.133
0.047	0.783	0.057	0.113
0.010	0.010	0.792	0.188
0.674	0.053	0.052	0.221
0.541	0.009	0.383	0.067
0.245	0.078	0.668	0.009
0.278	0.268	0.227	0.228
0.256	0.081	0.338	0.324
0.047	0.005	0.906	0.042
