>SCTKGGCSMCAW	18-SCTKGGCSMCAW,BestGuess:PB0113.1_E2F3_2/Jaspar(0.742)	10.682230	-159.651373	0	T:68.0(100.00%),B:2.4(0.88%),P:1e-69
0.121	0.378	0.500	0.001
0.066	0.800	0.113	0.021
0.133	0.056	0.047	0.764
0.010	0.010	0.461	0.519
0.065	0.019	0.904	0.012
0.018	0.359	0.546	0.077
0.046	0.898	0.019	0.037
0.009	0.451	0.530	0.010
0.471	0.519	0.009	0.001
0.075	0.877	0.011	0.037
0.916	0.056	0.010	0.018
0.445	0.066	0.028	0.461
