>TTCCAAATCCAT	15-ATGGATTTGGAA	9.638212	-161.827699	0	T:67.0(98.53%),B:0.8(0.29%),P:1e-70
0.003	0.114	0.001	0.882
0.003	0.173	0.014	0.810
0.017	0.867	0.058	0.058
0.014	0.651	0.085	0.250
0.590	0.045	0.321	0.044
0.606	0.187	0.014	0.193
0.592	0.263	0.001	0.144
0.017	0.204	0.057	0.722
0.100	0.798	0.101	0.001
0.073	0.898	0.028	0.001
0.843	0.071	0.072	0.014
0.163	0.115	0.028	0.694
