>MCCGTGGCSCCT	5-MCCGTGGCSCCT	10.144555	-167.440827	0	T:68.0(100.00%),B:0.5(0.19%),P:1e-72
0.331	0.472	0.197	0.001
0.001	0.927	0.048	0.024
0.147	0.497	0.270	0.086
0.024	0.196	0.732	0.048
0.049	0.233	0.024	0.694
0.001	0.001	0.913	0.085
0.024	0.147	0.656	0.173
0.001	0.701	0.001	0.297
0.085	0.466	0.448	0.001
0.001	0.779	0.172	0.048
0.001	0.801	0.001	0.197
0.024	0.048	0.001	0.927
