>WTGKSGCCMAGS	18-SCTKGGCSMCAW	10.682230	-159.651373	0	T:68.0(100.00%),B:2.4(0.88%),P:1e-69
0.461	0.028	0.066	0.445
0.018	0.010	0.056	0.916
0.037	0.011	0.877	0.075
0.001	0.009	0.519	0.471
0.010	0.530	0.451	0.009
0.037	0.019	0.898	0.046
0.077	0.546	0.359	0.018
0.012	0.904	0.019	0.065
0.519	0.461	0.010	0.010
0.764	0.047	0.056	0.133
0.021	0.113	0.800	0.066
0.001	0.500	0.378	0.121
