>MCCYRRRGGWCY	19-MCCYRRRGGWCY	8.777772	-158.263748	0	T:67.0(98.53%),B:1.1(0.41%),P:1e-68
0.454	0.349	0.093	0.104
0.001	0.947	0.051	0.001
0.398	0.562	0.039	0.001
0.026	0.414	0.052	0.508
0.375	0.105	0.507	0.013
0.532	0.031	0.411	0.026
0.412	0.171	0.390	0.027
0.013	0.014	0.972	0.001
0.013	0.066	0.572	0.349
0.510	0.026	0.079	0.385
0.052	0.814	0.117	0.017
0.052	0.459	0.065	0.424
