>CATCCAATCACC	23-CATCCAATCACC	9.937156	-148.764124	0	T:64.0(94.12%),B:0.3(0.12%),P:1e-64
0.107	0.640	0.036	0.217
0.569	0.358	0.036	0.037
0.233	0.250	0.071	0.445
0.037	0.856	0.071	0.036
0.036	0.819	0.144	0.001
0.820	0.144	0.035	0.001
0.857	0.071	0.071	0.001
0.179	0.071	0.001	0.749
0.035	0.857	0.001	0.107
0.497	0.323	0.144	0.036
0.178	0.571	0.001	0.250
0.107	0.679	0.107	0.107
