>ATCTTATCMAMA	5-TKTKGATAAGAT	8.576736	-26.052982	0	T:12.0(100.00%),B:0.3(0.69%),P:1e-11
0.625	0.173	0.170	0.032
0.006	0.187	0.001	0.806
0.010	0.623	0.109	0.258
0.001	0.287	0.001	0.711
0.006	0.111	0.001	0.882
0.718	0.001	0.001	0.280
0.085	0.030	0.082	0.803
0.001	0.807	0.111	0.081
0.533	0.458	0.008	0.001
0.659	0.001	0.001	0.339
0.426	0.456	0.116	0.001
0.914	0.001	0.001	0.084
