>TTTMCKGGSCTT	20-TTTMCKGGSCTT,BestGuess:Hoxa13/MA0650.4/Jaspar(0.633)	8.112244	-18.028447	0	T:11.0(91.67%),B:2.5(6.27%),P:1e-7
0.165	0.001	0.112	0.722
0.053	0.006	0.006	0.935
0.385	0.001	0.001	0.613
0.402	0.386	0.053	0.159
0.166	0.448	0.166	0.220
0.113	0.162	0.353	0.372
0.059	0.159	0.676	0.106
0.219	0.053	0.562	0.166
0.113	0.386	0.340	0.162
0.166	0.448	0.106	0.280
0.053	0.178	0.053	0.716
0.159	0.006	0.001	0.834
