>AAYATTTGGTGK	3-AAYATTTGGTGK	10.044216	-26.052982	0	T:12.0(100.00%),B:0.0(0.00%),P:1e-11
0.562	0.107	0.330	0.001
0.562	0.001	0.330	0.107
0.182	0.330	0.072	0.416
0.856	0.036	0.001	0.107
0.072	0.143	0.074	0.711
0.110	0.036	0.001	0.853
0.001	0.036	0.107	0.856
0.185	0.003	0.776	0.036
0.072	0.119	0.737	0.072
0.179	0.083	0.001	0.737
0.264	0.045	0.548	0.143
0.147	0.072	0.372	0.409
