>CTTCCRGAGART	7-CTTCCRGAGART,BestGuess:STAT6(Stat)/Macrophage-Stat6-ChIP-Seq(GSE38377)/Homer(0.737)	8.477397	-26.052982	0	T:12.0(100.00%),B:0.5(1.13%),P:1e-11
0.090	0.594	0.092	0.224
0.210	0.144	0.001	0.645
0.001	0.001	0.041	0.957
0.132	0.615	0.001	0.252
0.090	0.505	0.126	0.279
0.469	0.042	0.405	0.084
0.084	0.126	0.489	0.300
0.915	0.042	0.001	0.042
0.252	0.001	0.510	0.237
0.789	0.001	0.126	0.084
0.489	0.084	0.427	0.001
0.167	0.001	0.001	0.831
