>ATCCYAATRTTA	4-ATCCYAATRTTA	8.417070	-26.052982	0	T:12.0(100.00%),B:0.0(0.00%),P:1e-11
0.502	0.111	0.049	0.338
0.235	0.029	0.080	0.656
0.274	0.479	0.079	0.168
0.049	0.734	0.039	0.178
0.212	0.406	0.060	0.323
0.648	0.155	0.079	0.118
0.737	0.134	0.069	0.060
0.152	0.197	0.149	0.502
0.312	0.176	0.394	0.118
0.118	0.029	0.121	0.732
0.130	0.049	0.040	0.781
0.438	0.177	0.204	0.180
