>TKTKGATAAGAT	5-TKTKGATAAGAT,BestGuess:TRPS1/MA1970.2/Jaspar(0.695)	8.576736	-26.052982	0	T:12.0(100.00%),B:0.3(0.69%),P:1e-11
0.084	0.001	0.001	0.914
0.001	0.116	0.456	0.426
0.339	0.001	0.001	0.659
0.001	0.008	0.458	0.533
0.081	0.111	0.807	0.001
0.803	0.082	0.030	0.085
0.280	0.001	0.001	0.718
0.882	0.001	0.111	0.006
0.711	0.001	0.287	0.001
0.258	0.109	0.623	0.010
0.806	0.001	0.187	0.006
0.032	0.170	0.173	0.625
