>GTGTMCWTYG	1-GTGTMCWTYG	9.855840	-169.455472	0	T:67.0(98.53%),B:0.0(0.00%),P:1e-73	Tpos:189.8,Tstd:82.5,Bpos:0.0,Bstd:0.0,StrandBias:10.0,Multiplicity:1.97
0.001	0.006	0.992	0.001
0.001	0.255	0.092	0.652
0.092	0.001	0.826	0.081
0.007	0.075	0.331	0.587
0.551	0.429	0.007	0.013
0.226	0.772	0.001	0.001
0.302	0.001	0.248	0.449
0.001	0.144	0.019	0.836
0.104	0.476	0.089	0.331
0.001	0.006	0.980	0.013
>ATTTACACAT	2-ATTTACACAT	11.632557	-169.455472	0	T:67.0(98.53%),B:0.0(0.00%),P:1e-73	Tpos:446.1,Tstd:48.3,Bpos:0.0,Bstd:0.0,StrandBias:10.0,Multiplicity:1.01
0.997	0.001	0.001	0.001
0.001	0.001	0.001	0.997
0.001	0.001	0.367	0.631
0.001	0.001	0.001	0.997
0.997	0.001	0.001	0.001
0.001	0.997	0.001	0.001
0.997	0.001	0.001	0.001
0.001	0.631	0.001	0.367
0.997	0.001	0.001	0.001
0.183	0.001	0.001	0.815
>CTGCTCGSCT	3-CTGCTCGSCT	11.021483	-169.455472	0	T:67.0(98.53%),B:0.3(0.10%),P:1e-73	Tpos:113.5,Tstd:46.4,Bpos:368.0,Bstd:0.0,StrandBias:10.0,Multiplicity:1.85
0.001	0.997	0.001	0.001
0.001	0.001	0.001	0.997
0.120	0.001	0.870	0.009
0.001	0.997	0.001	0.001
0.001	0.001	0.001	0.997
0.001	0.997	0.001	0.001
0.001	0.001	0.997	0.001
0.001	0.482	0.516	0.001
0.028	0.970	0.001	0.001
0.009	0.001	0.001	0.989
>CATGGMGGCC	4-CATGGMGGCC	8.445012	-169.455472	0	T:67.0(98.53%),B:1.0(0.31%),P:1e-73	Tpos:310.4,Tstd:2.5,Bpos:225.2,Bstd:91.7,StrandBias:0.1,Multiplicity:1.94
0.001	0.997	0.001	0.001
0.997	0.001	0.001	0.001
0.001	0.001	0.001	0.997
0.001	0.001	0.997	0.001
0.001	0.001	0.997	0.001
0.509	0.489	0.001	0.001
0.009	0.001	0.989	0.001
0.009	0.001	0.989	0.001
0.001	0.997	0.001	0.001
0.001	0.997	0.001	0.001
>ATGGGAGGAG	5-ATGGGAGGAG	10.296193	-169.455472	0	T:67.0(98.53%),B:0.0(0.00%),P:1e-73	Tpos:422.0,Tstd:0.0,Bpos:0.0,Bstd:0.0,StrandBias:10.0,Multiplicity:1.00
0.700	0.100	0.100	0.100
0.100	0.100	0.100	0.700
0.100	0.100	0.700	0.100
0.100	0.100	0.700	0.100
0.100	0.100	0.700	0.100
0.700	0.100	0.100	0.100
0.100	0.100	0.700	0.100
0.100	0.100	0.700	0.100
0.700	0.100	0.100	0.100
0.100	0.100	0.700	0.100
>CGGCGTTGAC	6-CGGCGTTGAC	9.780701	-169.455472	0	T:67.0(98.53%),B:0.9(0.31%),P:1e-73	Tpos:18.0,Tstd:0.0,Bpos:167.8,Bstd:53.8,StrandBias:10.0,Multiplicity:1.00
0.001	0.980	0.001	0.018
0.001	0.001	0.997	0.001
0.001	0.001	0.997	0.001
0.001	0.997	0.001	0.001
0.001	0.001	0.997	0.001
0.001	0.001	0.001	0.997
0.001	0.001	0.038	0.960
0.001	0.001	0.997	0.001
0.997	0.001	0.001	0.001
0.001	0.997	0.001	0.001
>CTCWGAATCC	7-CTCWGAATCC	9.897039	-169.455472	0	T:67.0(98.53%),B:0.9(0.28%),P:1e-73	Tpos:177.3,Tstd:49.1,Bpos:417.0,Bstd:0.0,StrandBias:10.0,Multiplicity:1.88
0.001	0.820	0.001	0.178
0.001	0.001	0.192	0.806
0.001	0.997	0.001	0.001
0.387	0.001	0.221	0.391
0.001	0.001	0.997	0.001
0.970	0.028	0.001	0.001
0.570	0.013	0.001	0.416
0.001	0.001	0.001	0.997
0.001	0.997	0.001	0.001
0.001	0.997	0.001	0.001
>CTCGCGTTCT	8-CTCGCGTTCT	6.716720	-165.239137	0	T:67.0(98.53%),B:1.1(0.35%),P:1e-71	Tpos:8.0,Tstd:0.0,Bpos:195.4,Bstd:77.1,StrandBias:10.0,Multiplicity:1.00
0.001	0.997	0.001	0.001
0.001	0.001	0.018	0.980
0.001	0.997	0.001	0.001
0.001	0.001	0.997	0.001
0.001	0.997	0.001	0.001
0.001	0.001	0.997	0.001
0.001	0.001	0.001	0.997
0.001	0.001	0.001	0.997
0.191	0.807	0.001	0.001
0.001	0.001	0.001	0.997
>GGWCTSRYGC	9-GGWCTSRYGC	10.959537	-164.405616	0	T:66.0(97.06%),B:0.5(0.16%),P:1e-71	Tpos:358.5,Tstd:70.8,Bpos:306.0,Bstd:0.0,StrandBias:10.0,Multiplicity:1.77
0.012	0.001	0.986	0.001
0.001	0.001	0.997	0.001
0.495	0.081	0.001	0.423
0.001	0.997	0.001	0.001
0.001	0.001	0.009	0.989
0.010	0.495	0.495	0.001
0.517	0.001	0.481	0.001
0.001	0.530	0.001	0.468
0.009	0.001	0.989	0.001
0.001	0.997	0.001	0.001
>TGAGTCTCTA	10-TGAGTCTCTA	10.296193	-164.405616	0	T:66.0(97.06%),B:0.0(0.00%),P:1e-71	Tpos:221.0,Tstd:0.0,Bpos:0.0,Bstd:0.0,StrandBias:10.0,Multiplicity:1.00
0.100	0.100	0.100	0.700
0.100	0.100	0.700	0.100
0.700	0.100	0.100	0.100
0.100	0.100	0.700	0.100
0.100	0.100	0.100	0.700
0.100	0.700	0.100	0.100
0.100	0.100	0.100	0.700
0.100	0.700	0.100	0.100
0.100	0.100	0.100	0.700
0.700	0.100	0.100	0.100
>GTTCTCATCG	11-GTTCTCATCG	6.901897	-164.405616	0	T:66.0(97.06%),B:0.6(0.18%),P:1e-71	Tpos:41.0,Tstd:0.0,Bpos:29.0,Bstd:0.0,StrandBias:10.0,Multiplicity:1.00
0.001	0.001	0.997	0.001
0.001	0.001	0.001	0.997
0.001	0.001	0.001	0.997
0.001	0.997	0.001	0.001
0.001	0.001	0.001	0.997
0.001	0.997	0.001	0.001
0.984	0.001	0.014	0.001
0.001	0.001	0.014	0.984
0.001	0.997	0.001	0.001
0.001	0.001	0.997	0.001
>CCTTTCCGCC	12-CCTTTCCGCC	10.757526	-161.701361	0	T:67.0(98.53%),B:2.3(0.74%),P:1e-70	Tpos:287.7,Tstd:105.5,Bpos:354.9,Bstd:49.1,StrandBias:10.0,Multiplicity:1.94
0.357	0.641	0.001	0.001
0.001	0.706	0.292	0.001
0.001	0.001	0.001	0.997
0.001	0.001	0.001	0.997
0.001	0.001	0.001	0.997
0.001	0.641	0.357	0.001
0.001	0.706	0.292	0.001
0.282	0.001	0.716	0.001
0.001	0.997	0.001	0.001
0.001	0.997	0.001	0.001
>GTGCCCGCTT	13-GTGCCCGCTT	6.873363	-161.701361	0	T:67.0(98.53%),B:2.6(0.83%),P:1e-70	Tpos:270.1,Tstd:70.1,Bpos:86.2,Bstd:70.4,StrandBias:10.0,Multiplicity:1.81
0.001	0.001	0.997	0.001
0.001	0.001	0.001	0.997
0.001	0.001	0.777	0.221
0.001	0.777	0.221	0.001
0.001	0.997	0.001	0.001
0.001	0.997	0.001	0.001
0.001	0.001	0.997	0.001
0.001	0.777	0.001	0.221
0.001	0.001	0.001	0.997
0.001	0.002	0.001	0.996
>CACTTCCCAT	14-CACTTCCCAT	11.435969	-159.758025	0	T:65.0(95.59%),B:0.0(0.00%),P:1e-69	Tpos:58.0,Tstd:0.0,Bpos:0.0,Bstd:0.0,StrandBias:10.0,Multiplicity:1.00
0.001	0.674	0.001	0.324
0.997	0.001	0.001	0.001
0.335	0.663	0.001	0.001
0.001	0.001	0.330	0.668
0.001	0.001	0.001	0.997
0.001	0.997	0.001	0.001
0.001	0.670	0.328	0.001
0.001	0.997	0.001	0.001
0.674	0.001	0.001	0.324
0.001	0.001	0.335	0.663
>AATTGGATCC	15-AATTGGATCC	10.296193	-159.758025	0	T:65.0(95.59%),B:0.0(0.00%),P:1e-69	Tpos:87.0,Tstd:8.1,Bpos:0.0,Bstd:0.0,StrandBias:10.0,Multiplicity:1.00
0.700	0.100	0.100	0.100
0.700	0.100	0.100	0.100
0.100	0.100	0.100	0.700
0.100	0.100	0.100	0.700
0.100	0.100	0.700	0.100
0.100	0.100	0.700	0.100
0.700	0.100	0.100	0.100
0.100	0.100	0.100	0.700
0.100	0.700	0.100	0.100
0.100	0.700	0.100	0.100
>ACCCGCTGAC	16-ACCCGCTGAC	12.366226	-159.758025	0	T:65.0(95.59%),B:0.0(0.00%),P:1e-69	Tpos:495.0,Tstd:0.0,Bpos:0.0,Bstd:0.0,StrandBias:10.0,Multiplicity:1.00
0.997	0.001	0.001	0.001
0.001	0.997	0.001	0.001
0.001	0.768	0.001	0.230
0.001	0.997	0.001	0.001
0.001	0.001	0.997	0.001
0.001	0.997	0.001	0.001
0.001	0.001	0.001	0.997
0.001	0.001	0.997	0.001
0.997	0.001	0.001	0.001
0.001	0.997	0.001	0.001
>CGAATTGTGG	17-CGAATTGTGG	5.938952	-156.687252	0	T:66.0(97.06%),B:2.9(0.93%),P:1e-68	Tpos:380.0,Tstd:0.0,Bpos:278.0,Bstd:121.5,StrandBias:10.0,Multiplicity:1.00
0.017	0.624	0.001	0.358
0.001	0.001	0.997	0.001
0.997	0.001	0.001	0.001
0.557	0.394	0.001	0.048
0.179	0.181	0.187	0.453
0.001	0.001	0.001	0.997
0.001	0.001	0.997	0.001
0.001	0.001	0.001	0.997
0.001	0.001	0.997	0.001
0.001	0.001	0.997	0.001
>KCCWMSTCCC	18-KCCWMSTCCC	10.951983	-155.681490	0	T:67.0(98.53%),B:4.2(1.34%),P:1e-67	Tpos:365.0,Tstd:0.0,Bpos:388.5,Bstd:115.2,StrandBias:-10.0,Multiplicity:1.00
0.009	0.001	0.492	0.498
0.010	0.988	0.001	0.001
0.001	0.950	0.009	0.040
0.512	0.027	0.001	0.460
0.478	0.520	0.001	0.001
0.001	0.478	0.520	0.001
0.001	0.001	0.017	0.981
0.001	0.990	0.001	0.008
0.001	0.972	0.009	0.018
0.001	0.981	0.017	0.001
>ACGGGCCTTC	19-ACGGGCCTTC	7.865665	-155.681490	0	T:67.0(98.53%),B:4.8(1.55%),P:1e-67	Tpos:159.9,Tstd:54.1,Bpos:238.0,Bstd:126.0,StrandBias:1.8,Multiplicity:2.40
0.997	0.001	0.001	0.001
0.001	0.997	0.001	0.001
0.001	0.001	0.997	0.001
0.001	0.177	0.806	0.016
0.001	0.193	0.777	0.029
0.001	0.997	0.001	0.001
0.001	0.997	0.001	0.001
0.001	0.001	0.176	0.822
0.001	0.001	0.001	0.997
0.001	0.997	0.001	0.001
>RAAACCCWGC	20-RAAACCCWGC	9.222448	-155.577854	0	T:65.0(95.59%),B:1.9(0.60%),P:1e-67	Tpos:423.4,Tstd:63.8,Bpos:210.3,Bstd:43.7,StrandBias:0.2,Multiplicity:1.78
0.530	0.028	0.414	0.028
0.997	0.001	0.001	0.001
0.914	0.084	0.001	0.001
0.997	0.001	0.001	0.001
0.001	0.827	0.001	0.171
0.028	0.943	0.028	0.001
0.001	0.618	0.001	0.380
0.534	0.028	0.001	0.437
0.001	0.027	0.971	0.001
0.001	0.771	0.001	0.227
>TSSACYMRTR	21-TSSACYMRTR	9.739851	-155.394926	0	T:64.0(94.12%),B:0.0(0.00%),P:1e-67	Tpos:411.0,Tstd:0.0,Bpos:0.0,Bstd:0.0,StrandBias:-10.0,Multiplicity:1.00
0.001	0.001	0.001	0.997
0.001	0.504	0.494	0.001
0.001	0.504	0.494	0.001
0.997	0.001	0.001	0.001
0.001	0.997	0.001	0.001
0.001	0.504	0.001	0.494
0.504	0.489	0.001	0.006
0.504	0.001	0.494	0.001
0.001	0.001	0.001	0.997
0.504	0.001	0.494	0.001
>TACKGRCGCG	22-TACKGRCGCG	9.935016	-153.017475	0	T:67.0(98.53%),B:5.4(1.74%),P:1e-66	Tpos:229.1,Tstd:42.1,Bpos:251.7,Bstd:77.4,StrandBias:2.6,Multiplicity:1.30
0.001	0.001	0.001	0.997
0.535	0.001	0.147	0.317
0.001	0.915	0.001	0.083
0.001	0.001	0.533	0.465
0.001	0.001	0.997	0.001
0.470	0.001	0.528	0.001
0.001	0.997	0.001	0.001
0.055	0.001	0.943	0.001
0.317	0.627	0.028	0.028
0.001	0.001	0.997	0.001
>YTACGBACHT	23-YTACGBACHT	7.845985	-150.522000	0	T:67.0(98.53%),B:7.0(2.25%),P:1e-65	Tpos:473.0,Tstd:0.0,Bpos:298.2,Bstd:209.7,StrandBias:10.0,Multiplicity:1.00
0.006	0.405	0.078	0.511
0.006	0.047	0.121	0.826
0.422	0.199	0.240	0.139
0.042	0.584	0.147	0.227
0.098	0.042	0.709	0.151
0.001	0.315	0.342	0.342
0.821	0.142	0.034	0.003
0.044	0.954	0.001	0.001
0.358	0.281	0.048	0.313
0.021	0.146	0.003	0.830
>ACDATCGTRT	24-ACDATCGTRT	10.082650	-147.108657	0	T:63.0(92.65%),B:1.1(0.36%),P:1e-63	Tpos:29.4,Tstd:1.5,Bpos:312.0,Bstd:0.0,StrandBias:-0.2,Multiplicity:1.00
0.997	0.001	0.001	0.001
0.001	0.931	0.001	0.067
0.219	0.068	0.368	0.345
0.862	0.001	0.136	0.001
0.001	0.136	0.068	0.795
0.138	0.642	0.001	0.219
0.067	0.001	0.931	0.001
0.001	0.001	0.001	0.997
0.485	0.001	0.513	0.001
0.001	0.001	0.001	0.997
>TCACCACGCC	25-TCACCACGCC	9.805216	-143.802025	0	T:67.0(98.53%),B:9.6(3.11%),P:1e-62	Tpos:269.3,Tstd:16.3,Bpos:138.9,Bstd:69.6,StrandBias:10.0,Multiplicity:1.71
0.001	0.001	0.001	0.997
0.001	0.997	0.001	0.001
0.997	0.001	0.001	0.001
0.001	0.997	0.001	0.001
0.001	0.997	0.001	0.001
0.631	0.001	0.001	0.367
0.001	0.635	0.363	0.001
0.003	0.001	0.632	0.364
0.001	0.635	0.363	0.001
0.001	0.997	0.001	0.001
>TGAATCCTGCGG	1-TGAATCCTGCGG	12.097640	-175.195264	0	T:68.0(100.00%),B:0.0(0.00%),P:1e-76	Tpos:92.3,Tstd:10.9,Bpos:0.0,Bstd:0.0,StrandBias:10.0,Multiplicity:1.00
0.001	0.001	0.001	0.997
0.001	0.001	0.997	0.001
0.631	0.001	0.367	0.001
0.997	0.001	0.001	0.001
0.001	0.001	0.001	0.997
0.001	0.992	0.001	0.006
0.001	0.997	0.001	0.001
0.001	0.001	0.001	0.997
0.001	0.001	0.631	0.367
0.001	0.916	0.082	0.001
0.001	0.001	0.997	0.001
0.001	0.001	0.997	0.001
>GTTATGTACATA	2-GTTATGTACATA	13.371788	-169.455472	0	T:67.0(98.53%),B:0.0(0.00%),P:1e-73	Tpos:450.0,Tstd:0.0,Bpos:0.0,Bstd:0.0,StrandBias:10.0,Multiplicity:1.00
0.001	0.001	0.666	0.332
0.001	0.332	0.001	0.666
0.001	0.001	0.001	0.997
0.666	0.001	0.332	0.001
0.001	0.332	0.001	0.666
0.001	0.001	0.997	0.001
0.001	0.332	0.001	0.666
0.666	0.001	0.332	0.001
0.001	0.997	0.001	0.001
0.666	0.001	0.332	0.001
0.001	0.332	0.001	0.666
0.997	0.001	0.001	0.001
>GTGTCCTTCGTT	3-GTGTCCTTCGTT	10.409522	-169.455472	0	T:67.0(98.53%),B:0.0(0.00%),P:1e-73	Tpos:190.8,Tstd:82.5,Bpos:0.0,Bstd:0.0,StrandBias:10.0,Multiplicity:1.97
0.100	0.100	0.700	0.100
0.100	0.100	0.100	0.700
0.100	0.100	0.700	0.100
0.100	0.100	0.100	0.700
0.100	0.700	0.100	0.100
0.100	0.700	0.100	0.100
0.100	0.100	0.100	0.700
0.100	0.100	0.100	0.700
0.100	0.700	0.100	0.100
0.100	0.100	0.700	0.100
0.100	0.100	0.100	0.700
0.100	0.100	0.100	0.700
>GCAGACGCTCCG	4-GCAGACGCTCCG	10.086602	-169.455472	0	T:67.0(98.53%),B:0.0(0.00%),P:1e-73	Tpos:197.7,Tstd:38.5,Bpos:0.0,Bstd:0.0,StrandBias:10.0,Multiplicity:1.85
0.001	0.001	0.997	0.001
0.284	0.714	0.001	0.001
0.631	0.001	0.367	0.001
0.001	0.001	0.997	0.001
0.997	0.001	0.001	0.001
0.081	0.917	0.001	0.001
0.001	0.001	0.631	0.367
0.001	0.713	0.285	0.001
0.001	0.367	0.001	0.631
0.001	0.713	0.001	0.285
0.001	0.997	0.001	0.001
0.001	0.001	0.997	0.001
>CCTGCKCTGCTR	5-CCTGCKCTGCTR	10.652743	-169.455472	0	T:67.0(98.53%),B:0.8(0.25%),P:1e-73	Tpos:190.3,Tstd:128.4,Bpos:51.0,Bstd:0.0,StrandBias:10.0,Multiplicity:1.69
0.005	0.978	0.016	0.001
0.005	0.665	0.252	0.078
0.001	0.220	0.200	0.579
0.005	0.310	0.684	0.001
0.257	0.741	0.001	0.001
0.011	0.022	0.511	0.456
0.162	0.552	0.038	0.248
0.001	0.001	0.194	0.804
0.001	0.055	0.943	0.001
0.017	0.772	0.005	0.206
0.001	0.254	0.273	0.473
0.499	0.001	0.499	0.001
>SGMMMWKTCCAC	6-SGMMMWKTCCAC	12.607470	-169.455472	0	T:67.0(98.53%),B:0.0(0.00%),P:1e-73	Tpos:386.0,Tstd:0.0,Bpos:0.0,Bstd:0.0,StrandBias:-10.0,Multiplicity:1.00
0.052	0.528	0.419	0.001
0.001	0.001	0.938	0.060
0.481	0.515	0.001	0.003
0.525	0.434	0.040	0.001
0.505	0.483	0.010	0.002
0.555	0.015	0.001	0.429
0.020	0.001	0.556	0.423
0.020	0.022	0.010	0.948
0.001	0.927	0.010	0.062
0.001	0.977	0.021	0.001
0.997	0.001	0.001	0.001
0.001	0.997	0.001	0.001
>CMCKCSTCCMAT	7-CMCKCSTCCMAT	11.441471	-169.455472	0	T:67.0(98.53%),B:0.0(0.00%),P:1e-73	Tpos:422.0,Tstd:0.0,Bpos:0.0,Bstd:0.0,StrandBias:-10.0,Multiplicity:1.00
0.001	0.575	0.009	0.415
0.508	0.432	0.001	0.059
0.001	0.997	0.001	0.001
0.175	0.034	0.367	0.423
0.379	0.570	0.050	0.001
0.001	0.440	0.387	0.172
0.129	0.001	0.008	0.862
0.001	0.957	0.041	0.001
0.001	0.853	0.145	0.001
0.379	0.499	0.121	0.001
0.958	0.033	0.001	0.008
0.001	0.121	0.008	0.870
>AVRCTTCGCACA	8-AVRCTTCGCACA	9.152454	-169.455472	0	T:67.0(98.53%),B:0.0(0.00%),P:1e-73	Tpos:471.0,Tstd:0.0,Bpos:0.0,Bstd:0.0,StrandBias:10.0,Multiplicity:1.00
0.782	0.076	0.041	0.101
0.259	0.371	0.330	0.041
0.350	0.189	0.336	0.126
0.035	0.807	0.076	0.082
0.024	0.242	0.109	0.625
0.012	0.084	0.306	0.598
0.001	0.538	0.220	0.241
0.111	0.351	0.521	0.017
0.083	0.715	0.113	0.089
0.618	0.251	0.119	0.012
0.136	0.632	0.096	0.136
0.537	0.280	0.112	0.071
>TCCAATCATGGC	9-TCCAATCATGGC	12.150455	-169.455472	0	T:67.0(98.53%),B:0.0(0.00%),P:1e-73	Tpos:318.0,Tstd:0.0,Bpos:0.0,Bstd:0.0,StrandBias:-10.0,Multiplicity:1.00
0.001	0.001	0.017	0.981
0.001	0.997	0.001	0.001
0.001	0.997	0.001	0.001
0.997	0.001	0.001	0.001
0.879	0.065	0.055	0.001
0.001	0.065	0.001	0.933
0.064	0.934	0.001	0.001
0.997	0.001	0.001	0.001
0.001	0.001	0.001	0.997
0.064	0.001	0.934	0.001
0.054	0.001	0.944	0.001
0.001	0.997	0.001	0.001
>GCSYCSATGCAT	10-GCSYCSATGCAT	9.845428	-169.455472	0	T:67.0(98.53%),B:0.0(0.00%),P:1e-73	Tpos:302.5,Tstd:2.5,Bpos:0.0,Bstd:0.0,StrandBias:-0.0,Multiplicity:1.00
0.001	0.001	0.997	0.001
0.001	0.989	0.001	0.009
0.001	0.504	0.494	0.001
0.001	0.494	0.001	0.504
0.001	0.997	0.001	0.001
0.001	0.504	0.494	0.001
0.997	0.001	0.001	0.001
0.001	0.001	0.001	0.997
0.001	0.001	0.997	0.001
0.001	0.997	0.001	0.001
0.997	0.001	0.001	0.001
0.001	0.001	0.001	0.997
>YTCCCATDGGTG	11-YTCCCATDGGTG	9.551901	-169.455472	0	T:67.0(98.53%),B:0.3(0.11%),P:1e-73	Tpos:291.0,Tstd:28.8,Bpos:235.0,Bstd:0.0,StrandBias:-4.1,Multiplicity:1.06
0.001	0.362	0.192	0.445
0.007	0.378	0.021	0.594
0.029	0.634	0.329	0.008
0.015	0.571	0.364	0.050
0.021	0.466	0.199	0.314
0.743	0.192	0.050	0.015
0.015	0.400	0.014	0.571
0.371	0.016	0.271	0.342
0.014	0.029	0.943	0.014
0.199	0.130	0.670	0.001
0.022	0.051	0.057	0.870
0.007	0.028	0.765	0.200
>TGCTATTGGTGG	12-TGCTATTGGTGG	10.409522	-169.455472	0	T:67.0(98.53%),B:0.0(0.00%),P:1e-73	Tpos:410.0,Tstd:0.0,Bpos:0.0,Bstd:0.0,StrandBias:10.0,Multiplicity:1.00
0.100	0.100	0.100	0.700
0.100	0.100	0.700	0.100
0.100	0.700	0.100	0.100
0.100	0.100	0.100	0.700
0.700	0.100	0.100	0.100
0.100	0.100	0.100	0.700
0.100	0.100	0.100	0.700
0.100	0.100	0.700	0.100
0.100	0.100	0.700	0.100
0.100	0.100	0.100	0.700
0.100	0.100	0.700	0.100
0.100	0.100	0.700	0.100
>CCGTTGCCGTTC	13-CCGTTGCCGTTC	8.196393	-165.239137	0	T:67.0(98.53%),B:1.4(0.44%),P:1e-71	Tpos:236.6,Tstd:67.5,Bpos:176.0,Bstd:33.8,StrandBias:10.0,Multiplicity:1.35
0.001	0.797	0.001	0.201
0.001	0.997	0.001	0.001
0.001	0.001	0.997	0.001
0.001	0.149	0.001	0.849
0.001	0.166	0.202	0.631
0.001	0.202	0.647	0.150
0.001	0.997	0.001	0.001
0.001	0.997	0.001	0.001
0.001	0.001	0.997	0.001
0.001	0.201	0.001	0.797
0.001	0.001	0.001	0.997
0.001	0.849	0.149	0.001
>GYTTCSGGACYT	14-GYTTCSGGACYT	7.844718	-164.405616	0	T:66.0(97.06%),B:0.0(0.00%),P:1e-71	Tpos:262.3,Tstd:95.4,Bpos:0.0,Bstd:0.0,StrandBias:10.0,Multiplicity:1.71
0.001	0.001	0.997	0.001
0.001	0.490	0.001	0.508
0.001	0.001	0.001	0.997
0.001	0.001	0.001	0.997
0.001	0.649	0.001	0.349
0.001	0.490	0.508	0.001
0.001	0.001	0.997	0.001
0.001	0.001	0.997	0.001
0.997	0.001	0.001	0.001
0.001	0.997	0.001	0.001
0.001	0.479	0.001	0.519
0.001	0.001	0.001	0.997
>GCACGGCAGCTG	15-GCACGGCAGCTG	8.767833	-164.405616	0	T:66.0(97.06%),B:0.0(0.00%),P:1e-71	Tpos:422.9,Tstd:71.5,Bpos:0.0,Bstd:0.0,StrandBias:10.0,Multiplicity:1.82
0.001	0.001	0.997	0.001
0.001	0.890	0.001	0.108
0.997	0.001	0.001	0.001
0.001	0.997	0.001	0.001
0.160	0.001	0.838	0.001
0.001	0.160	0.838	0.001
0.001	0.884	0.001	0.114
0.838	0.160	0.001	0.001
0.001	0.001	0.997	0.001
0.001	0.997	0.001	0.001
0.001	0.001	0.001	0.997
0.001	0.001	0.997	0.001
>CTGTCTCACCTC	16-CTGTCTCACCTC	10.409522	-164.405616	0	T:66.0(97.06%),B:0.0(0.00%),P:1e-71	Tpos:246.0,Tstd:0.0,Bpos:0.0,Bstd:0.0,StrandBias:10.0,Multiplicity:1.00
0.100	0.700	0.100	0.100
0.100	0.100	0.100	0.700
0.100	0.100	0.700	0.100
0.100	0.100	0.100	0.700
0.100	0.700	0.100	0.100
0.100	0.100	0.100	0.700
0.100	0.700	0.100	0.100
0.700	0.100	0.100	0.100
0.100	0.700	0.100	0.100
0.100	0.700	0.100	0.100
0.100	0.100	0.100	0.700
0.100	0.700	0.100	0.100
>CACVTCCCCTGA	17-CACVTCCCCTGA	9.966926	-161.701361	0	T:67.0(98.53%),B:2.3(0.74%),P:1e-70	Tpos:172.6,Tstd:52.8,Bpos:173.5,Bstd:75.4,StrandBias:10.0,Multiplicity:2.21
0.001	0.598	0.001	0.400
0.994	0.004	0.001	0.001
0.001	0.997	0.001	0.001
0.256	0.342	0.400	0.001
0.001	0.256	0.001	0.742
0.001	0.997	0.001	0.001
0.001	0.665	0.333	0.001
0.001	0.733	0.265	0.001
0.001	0.597	0.001	0.401
0.132	0.001	0.201	0.666
0.001	0.400	0.598	0.001
0.697	0.301	0.001	0.001
>ATCGATTTACTC	18-ATCGATTTACTC	10.409522	-159.758025	0	T:65.0(95.59%),B:0.0(0.00%),P:1e-69	Tpos:48.0,Tstd:0.0,Bpos:0.0,Bstd:0.0,StrandBias:10.0,Multiplicity:1.00
0.700	0.100	0.100	0.100
0.100	0.100	0.100	0.700
0.100	0.700	0.100	0.100
0.100	0.100	0.700	0.100
0.700	0.100	0.100	0.100
0.100	0.100	0.100	0.700
0.100	0.100	0.100	0.700
0.100	0.100	0.100	0.700
0.700	0.100	0.100	0.100
0.100	0.700	0.100	0.100
0.100	0.100	0.100	0.700
0.100	0.700	0.100	0.100
>KMKCGTRTTSTC	19-KMKCGTRTTSTC	9.247844	-158.554672	0	T:67.0(98.53%),B:3.6(1.16%),P:1e-68	Tpos:23.7,Tstd:11.2,Bpos:141.1,Bstd:108.9,StrandBias:0.8,Multiplicity:2.70
0.032	0.001	0.458	0.509
0.540	0.458	0.001	0.001
0.001	0.031	0.415	0.553
0.001	0.614	0.001	0.384
0.001	0.001	0.997	0.001
0.001	0.075	0.001	0.923
0.537	0.001	0.461	0.001
0.001	0.030	0.001	0.968
0.001	0.001	0.001	0.997
0.045	0.417	0.537	0.001
0.001	0.351	0.001	0.647
0.001	0.968	0.001	0.030
>GGCAACAAGATT	20-GGCAACAAGATT	9.561176	-151.251791	0	T:63.0(92.65%),B:0.9(0.29%),P:1e-65	Tpos:268.2,Tstd:82.4,Bpos:40.0,Bstd:0.0,StrandBias:10.0,Multiplicity:1.56
0.001	0.001	0.997	0.001
0.001	0.103	0.793	0.103
0.001	0.997	0.001	0.001
0.680	0.318	0.001	0.001
0.887	0.001	0.104	0.008
0.001	0.997	0.001	0.001
0.837	0.059	0.001	0.103
0.643	0.246	0.008	0.103
0.001	0.001	0.689	0.309
0.896	0.102	0.001	0.001
0.038	0.319	0.001	0.642
0.038	0.006	0.210	0.746
>GGGCGTCAGGCC	21-GGGCGTCAGGCC	12.148973	-151.251791	0	T:63.0(92.65%),B:0.0(0.00%),P:1e-65	Tpos:435.0,Tstd:0.0,Bpos:0.0,Bstd:0.0,StrandBias:-10.0,Multiplicity:1.00
0.001	0.001	0.997	0.001
0.067	0.001	0.865	0.067
0.001	0.001	0.931	0.067
0.092	0.760	0.001	0.147
0.025	0.352	0.622	0.001
0.001	0.001	0.134	0.864
0.001	0.555	0.377	0.067
0.796	0.068	0.068	0.068
0.001	0.241	0.757	0.001
0.202	0.001	0.796	0.001
0.067	0.865	0.001	0.067
0.001	0.865	0.067	0.067
>CWGAAGGCCCGT	22-CWGAAGGCCCGT	9.596022	-151.251791	0	T:63.0(92.65%),B:0.0(0.00%),P:1e-65	Tpos:260.0,Tstd:0.0,Bpos:0.0,Bstd:0.0,StrandBias:10.0,Multiplicity:1.00
0.001	0.997	0.001	0.001
0.539	0.001	0.023	0.437
0.001	0.001	0.997	0.001
0.781	0.217	0.001	0.001
0.716	0.218	0.065	0.001
0.001	0.001	0.997	0.001
0.001	0.001	0.997	0.001
0.001	0.769	0.001	0.229
0.001	0.997	0.001	0.001
0.001	0.997	0.001	0.001
0.001	0.001	0.997	0.001
0.001	0.001	0.001	0.997
>TCCGCTGGATTC	23-TCCGCTGGATTC	8.623397	-150.522000	0	T:67.0(98.53%),B:6.2(2.01%),P:1e-65	Tpos:95.5,Tstd:35.8,Bpos:246.4,Bstd:130.8,StrandBias:0.3,Multiplicity:1.82
0.032	0.001	0.001	0.966
0.001	0.966	0.032	0.001
0.032	0.935	0.032	0.001
0.032	0.149	0.818	0.001
0.181	0.817	0.001	0.001
0.001	0.097	0.001	0.901
0.032	0.065	0.902	0.001
0.001	0.001	0.997	0.001
0.849	0.149	0.001	0.001
0.065	0.065	0.001	0.869
0.001	0.001	0.149	0.849
0.001	0.901	0.001	0.097
>GACACACVCGCB	24-GACACACVCGCB	10.691125	-146.126235	0	T:65.0(95.59%),B:4.9(1.58%),P:1e-63	Tpos:216.2,Tstd:1.0,Bpos:234.1,Bstd:218.1,StrandBias:-10.0,Multiplicity:1.00
0.019	0.035	0.677	0.269
0.690	0.019	0.277	0.014
0.038	0.576	0.326	0.060
0.612	0.007	0.016	0.365
0.001	0.961	0.025	0.013
0.661	0.001	0.014	0.324
0.006	0.974	0.019	0.001
0.371	0.269	0.354	0.006
0.013	0.972	0.001	0.014
0.006	0.021	0.960	0.013
0.034	0.819	0.013	0.134
0.019	0.372	0.327	0.282
>GCAGCCCGATTT	25-GCAGCCCGATTT	9.319482	-122.882611	0	T:55.0(80.88%),B:0.8(0.27%),P:1e-53	Tpos:375.0,Tstd:0.0,Bpos:21.0,Bstd:0.0,StrandBias:10.0,Multiplicity:1.00
0.001	0.001	0.997	0.001
0.001	0.997	0.001	0.001
0.997	0.001	0.001	0.001
0.315	0.001	0.683	0.001
0.130	0.739	0.001	0.130
0.001	0.997	0.001	0.001
0.001	0.868	0.001	0.130
0.001	0.001	0.997	0.001
0.997	0.001	0.001	0.001
0.140	0.152	0.001	0.707
0.001	0.042	0.024	0.933
0.001	0.001	0.001	0.997
>CSATGCAT	1-CSATGCAT	10.471485	-169.455472	0	T:67.0(98.53%),B:0.0(0.00%),P:1e-73	Tpos:302.0,Tstd:0.0,Bpos:0.0,Bstd:0.0,StrandBias:10.0,Multiplicity:1.00
0.001	0.997	0.001	0.001
0.001	0.448	0.550	0.001
0.997	0.001	0.001	0.001
0.001	0.001	0.001	0.997
0.001	0.001	0.997	0.001
0.001	0.997	0.001	0.001
0.997	0.001	0.001	0.001
0.001	0.001	0.001	0.997
>GCACATAA	2-GCACATAA	8.236954	-169.455472	0	T:67.0(98.53%),B:0.0(0.00%),P:1e-73	Tpos:476.0,Tstd:0.0,Bpos:0.0,Bstd:0.0,StrandBias:10.0,Multiplicity:1.00
0.100	0.100	0.700	0.100
0.100	0.700	0.100	0.100
0.700	0.100	0.100	0.100
0.100	0.700	0.100	0.100
0.700	0.100	0.100	0.100
0.100	0.100	0.100	0.700
0.700	0.100	0.100	0.100
0.700	0.100	0.100	0.100
>GTGTCCTT	3-GTGTCCTT	8.236954	-165.239137	0	T:67.0(98.53%),B:1.3(0.40%),P:1e-71	Tpos:188.8,Tstd:82.5,Bpos:219.9,Bstd:24.3,StrandBias:10.0,Multiplicity:1.97
0.100	0.100	0.700	0.100
0.100	0.100	0.100	0.700
0.100	0.100	0.700	0.100
0.100	0.100	0.100	0.700
0.100	0.700	0.100	0.100
0.100	0.700	0.100	0.100
0.100	0.100	0.100	0.700
0.100	0.100	0.100	0.700
>TATGTRCR	4-TATGTRCR	8.625230	-165.239137	0	T:67.0(98.53%),B:1.6(0.52%),P:1e-71	Tpos:450.5,Tstd:0.5,Bpos:294.0,Bstd:0.0,StrandBias:0.0,Multiplicity:1.00
0.001	0.009	0.306	0.684
0.736	0.009	0.254	0.001
0.001	0.001	0.001	0.997
0.001	0.001	0.692	0.306
0.001	0.001	0.001	0.997
0.574	0.001	0.424	0.001
0.253	0.745	0.001	0.001
0.574	0.001	0.424	0.001
>GYCTACGT	5-GYCTACGT	10.440088	-165.239137	0	T:67.0(98.53%),B:1.9(0.61%),P:1e-71	Tpos:113.0,Tstd:8.0,Bpos:214.5,Bstd:120.9,StrandBias:10.0,Multiplicity:1.00
0.001	0.001	0.997	0.001
0.001	0.465	0.001	0.533
0.001	0.997	0.001	0.001
0.001	0.001	0.001	0.997
0.997	0.001	0.001	0.001
0.001	0.997	0.001	0.001
0.001	0.001	0.997	0.001
0.001	0.001	0.001	0.997
>GTGAGTCY	6-GTGAGTCY	7.015863	-164.405616	0	T:66.0(97.06%),B:0.9(0.30%),P:1e-71	Tpos:219.0,Tstd:0.0,Bpos:222.4,Bstd:76.6,StrandBias:10.0,Multiplicity:1.00
0.048	0.118	0.675	0.159
0.199	0.269	0.100	0.433
0.064	0.052	0.880	0.004
0.503	0.152	0.134	0.211
0.187	0.126	0.633	0.054
0.164	0.084	0.103	0.649
0.001	0.853	0.047	0.099
0.114	0.336	0.174	0.375
>GGACTTKG	7-GGACTTKG	10.395584	-164.405616	0	T:66.0(97.06%),B:0.4(0.13%),P:1e-71	Tpos:366.0,Tstd:0.0,Bpos:133.0,Bstd:0.0,StrandBias:10.0,Multiplicity:1.00
0.001	0.001	0.997	0.001
0.001	0.001	0.997	0.001
0.997	0.001	0.001	0.001
0.001	0.997	0.001	0.001
0.001	0.001	0.001	0.997
0.001	0.001	0.001	0.997
0.001	0.001	0.530	0.468
0.001	0.001	0.959	0.039
>CTTCCCAT	8-CTTCCCAT	10.927759	-159.758025	0	T:65.0(95.59%),B:0.4(0.12%),P:1e-69	Tpos:60.9,Tstd:11.1,Bpos:63.0,Bstd:0.0,StrandBias:10.0,Multiplicity:1.03
0.001	0.868	0.130	0.001
0.001	0.001	0.001	0.997
0.001	0.001	0.001	0.997
0.001	0.997	0.001	0.001
0.001	0.997	0.001	0.001
0.001	0.997	0.001	0.001
0.997	0.001	0.001	0.001
0.001	0.001	0.001	0.997
>ATTGGATC	9-ATTGGATC	8.236954	-152.075823	0	T:65.0(95.59%),B:2.8(0.91%),P:1e-66	Tpos:87.0,Tstd:8.1,Bpos:113.0,Bstd:0.0,StrandBias:10.0,Multiplicity:1.00
0.700	0.100	0.100	0.100
0.100	0.100	0.100	0.700
0.100	0.100	0.100	0.700
0.100	0.100	0.700	0.100
0.100	0.100	0.700	0.100
0.700	0.100	0.100	0.100
0.100	0.100	0.100	0.700
0.100	0.700	0.100	0.100
>TTCSGGAC	10-TTCSGGAC	10.493069	-151.251791	0	T:63.0(92.65%),B:0.0(0.00%),P:1e-65	Tpos:171.0,Tstd:0.0,Bpos:0.0,Bstd:0.0,StrandBias:10.0,Multiplicity:1.00
0.001	0.001	0.001	0.997
0.001	0.001	0.001	0.997
0.001	0.997	0.001	0.001
0.001	0.562	0.436	0.001
0.001	0.001	0.997	0.001
0.001	0.001	0.997	0.001
0.997	0.001	0.001	0.001
0.001	0.997	0.001	0.001
>CCACACTA	11-CCACACTA	8.236954	-151.251791	0	T:63.0(92.65%),B:1.0(0.32%),P:1e-65	Tpos:204.0,Tstd:0.0,Bpos:122.4,Bstd:90.7,StrandBias:10.0,Multiplicity:1.00
0.100	0.700	0.100	0.100
0.100	0.700	0.100	0.100
0.700	0.100	0.100	0.100
0.100	0.700	0.100	0.100
0.700	0.100	0.100	0.100
0.100	0.700	0.100	0.100
0.100	0.100	0.100	0.700
0.700	0.100	0.100	0.100
>GCCATGAT	12-GCCATGAT	8.236954	-151.251791	0	T:63.0(92.65%),B:0.8(0.27%),P:1e-65	Tpos:317.0,Tstd:0.0,Bpos:290.6,Bstd:95.7,StrandBias:10.0,Multiplicity:1.00
0.100	0.100	0.700	0.100
0.100	0.700	0.100	0.100
0.100	0.700	0.100	0.100
0.700	0.100	0.100	0.100
0.100	0.100	0.100	0.700
0.100	0.100	0.700	0.100
0.700	0.100	0.100	0.100
0.100	0.100	0.100	0.700
>TGCGCCTA	13-TGCGCCTA	8.236954	-151.233161	0	T:64.0(94.12%),B:1.4(0.45%),P:1e-65	Tpos:393.0,Tstd:0.0,Bpos:203.3,Bstd:96.3,StrandBias:10.0,Multiplicity:1.00
0.100	0.100	0.100	0.700
0.100	0.100	0.700	0.100
0.100	0.700	0.100	0.100
0.100	0.100	0.700	0.100
0.100	0.700	0.100	0.100
0.100	0.700	0.100	0.100
0.100	0.100	0.100	0.700
0.700	0.100	0.100	0.100
>GWYSASAA	14-GWYSASAA	8.308973	-147.749316	0	T:64.0(94.12%),B:2.5(0.82%),P:1e-64	Tpos:29.1,Tstd:9.4,Bpos:415.0,Bstd:0.0,StrandBias:0.4,Multiplicity:1.75
0.002	0.001	0.996	0.001
0.480	0.001	0.037	0.482
0.001	0.467	0.008	0.524
0.001	0.466	0.532	0.001
0.993	0.004	0.001	0.002
0.008	0.469	0.522	0.001
0.997	0.001	0.001	0.001
0.997	0.001	0.001	0.001
>CTGAATCC	15-CTGAATCC	8.236954	-146.126235	0	T:65.0(95.59%),B:4.7(1.52%),P:1e-63	Tpos:132.0,Tstd:0.0,Bpos:41.0,Bstd:0.0,StrandBias:10.0,Multiplicity:1.00
0.100	0.700	0.100	0.100
0.100	0.100	0.100	0.700
0.100	0.100	0.700	0.100
0.700	0.100	0.100	0.100
0.700	0.100	0.100	0.100
0.100	0.100	0.100	0.700
0.100	0.700	0.100	0.100
0.100	0.700	0.100	0.100
>ACAGGCKG	16-ACAGGCKG	10.441963	-146.126235	0	T:65.0(95.59%),B:4.8(1.54%),P:1e-63	Tpos:467.0,Tstd:0.0,Bpos:395.2,Bstd:67.7,StrandBias:10.0,Multiplicity:1.00
0.997	0.001	0.001	0.001
0.001	0.997	0.001	0.001
0.997	0.001	0.001	0.001
0.001	0.001	0.997	0.001
0.001	0.001	0.997	0.001
0.001	0.997	0.001	0.001
0.001	0.001	0.464	0.534
0.001	0.001	0.997	0.001
>YTYCACCT	17-YTYCACCT	9.688115	-145.577031	0	T:66.0(97.06%),B:6.1(1.97%),P:1e-63	Tpos:280.0,Tstd:0.0,Bpos:290.5,Bstd:139.3,StrandBias:10.0,Multiplicity:1.00
0.001	0.530	0.001	0.468
0.001	0.006	0.001	0.992
0.001	0.460	0.001	0.538
0.001	0.997	0.001	0.001
0.997	0.001	0.001	0.001
0.001	0.997	0.001	0.001
0.001	0.997	0.001	0.001
0.001	0.001	0.001	0.997
>GACTACTC	18-GACTACTC	7.942835	-136.513092	0	T:65.0(95.59%),B:8.5(2.73%),P:1e-59	Tpos:160.0,Tstd:0.0,Bpos:238.2,Bstd:195.4,StrandBias:10.0,Multiplicity:1.00
0.001	0.001	0.997	0.001
0.972	0.001	0.026	0.001
0.001	0.997	0.001	0.001
0.001	0.001	0.001	0.997
0.953	0.001	0.045	0.001
0.001	0.997	0.001	0.001
0.001	0.001	0.001	0.997
0.001	0.997	0.001	0.001
>TGCHCGCB	19-TGCHCGCB	8.126770	-133.326203	0	T:68.0(100.00%),B:18.9(6.10%),P:1e-57	Tpos:194.8,Tstd:132.0,Bpos:220.4,Bstd:111.4,StrandBias:10.0,Multiplicity:1.88
0.001	0.001	0.001	0.997
0.001	0.001	0.969	0.029
0.001	0.997	0.001	0.001
0.296	0.346	0.001	0.356
0.001	0.678	0.320	0.001
0.325	0.001	0.673	0.001
0.001	0.997	0.001	0.001
0.001	0.331	0.321	0.346
>AMKCGWGC	20-AMKCGWGC	8.404960	-132.410841	0	T:65.0(95.59%),B:10.5(3.38%),P:1e-57	Tpos:6.0,Tstd:7.9,Bpos:237.0,Bstd:225.3,StrandBias:-10.0,Multiplicity:1.02
0.997	0.001	0.001	0.001
0.485	0.513	0.001	0.001
0.008	0.001	0.498	0.493
0.001	0.997	0.001	0.001
0.001	0.001	0.921	0.077
0.497	0.001	0.001	0.501
0.001	0.007	0.991	0.001
0.001	0.592	0.001	0.406
>CTCRCCTS	21-CTCRCCTS	7.020161	-132.297537	0	T:60.0(88.24%),B:3.0(0.96%),P:1e-57	Tpos:248.0,Tstd:0.0,Bpos:250.1,Bstd:112.4,StrandBias:10.0,Multiplicity:1.00
0.001	0.997	0.001	0.001
0.151	0.121	0.145	0.583
0.001	0.733	0.139	0.127
0.440	0.001	0.309	0.250
0.043	0.685	0.268	0.004
0.001	0.669	0.284	0.046
0.174	0.247	0.145	0.433
0.001	0.459	0.395	0.145
>GGAGGAGG	22-GGAGGAGG	10.647728	-131.023153	0	T:67.0(98.53%),B:16.7(5.37%),P:1e-56	Tpos:425.5,Tstd:1.5,Bpos:234.4,Bstd:70.4,StrandBias:10.0,Multiplicity:1.00
0.001	0.001	0.997	0.001
0.001	0.001	0.997	0.001
0.997	0.001	0.001	0.001
0.001	0.001	0.997	0.001
0.001	0.001	0.997	0.001
0.656	0.001	0.001	0.342
0.001	0.001	0.997	0.001
0.001	0.001	0.997	0.001
>GATTTGTG	23-GATTTGTG	7.894803	-126.373424	0	T:67.0(98.53%),B:19.8(6.36%),P:1e-54	Tpos:394.5,Tstd:21.7,Bpos:251.2,Bstd:178.6,StrandBias:10.0,Multiplicity:1.72
0.090	0.001	0.681	0.228
0.997	0.001	0.001	0.001
0.001	0.205	0.001	0.793
0.001	0.089	0.001	0.909
0.001	0.001	0.317	0.681
0.001	0.001	0.997	0.001
0.001	0.205	0.001	0.793
0.001	0.001	0.997	0.001
>KCWGCTGG	24-KCWGCTGG	9.723458	-112.617851	0	T:58.0(85.29%),B:7.4(2.39%),P:1e-48	Tpos:352.0,Tstd:0.0,Bpos:191.9,Bstd:118.6,StrandBias:10.0,Multiplicity:1.00
0.001	0.001	0.515	0.483
0.001	0.997	0.001	0.001
0.507	0.001	0.001	0.491
0.001	0.001	0.997	0.001
0.001	0.997	0.001	0.001
0.001	0.001	0.001	0.997
0.001	0.007	0.991	0.001
0.001	0.001	0.997	0.001
>GCTGAMTC	25-GCTGAMTC	6.517305	-97.627494	0	T:67.0(98.53%),B:44.8(14.42%),P:1e-42	Tpos:259.7,Tstd:29.4,Bpos:285.0,Bstd:147.7,StrandBias:7.0,Multiplicity:1.96
0.071	0.303	0.488	0.138
0.001	0.738	0.260	0.001
0.110	0.067	0.246	0.577
0.075	0.001	0.923	0.001
0.664	0.022	0.137	0.177
0.466	0.343	0.110	0.080
0.035	0.001	0.151	0.813
0.026	0.682	0.110	0.182
