>GTGTMCWTYG	1-GTGTMCWTYG	9.855840	-169.455472	0	T:67.0(98.53%),B:0.0(0.00%),P:1e-73	Tpos:189.8,Tstd:82.5,Bpos:0.0,Bstd:0.0,StrandBias:10.0,Multiplicity:1.97
0.001	0.006	0.992	0.001
0.001	0.255	0.092	0.652
0.092	0.001	0.826	0.081
0.007	0.075	0.331	0.587
0.551	0.429	0.007	0.013
0.226	0.772	0.001	0.001
0.302	0.001	0.248	0.449
0.001	0.144	0.019	0.836
0.104	0.476	0.089	0.331
0.001	0.006	0.980	0.013
>ATTTACACAT	2-ATTTACACAT	11.632557	-169.455472	0	T:67.0(98.53%),B:0.0(0.00%),P:1e-73	Tpos:446.1,Tstd:48.3,Bpos:0.0,Bstd:0.0,StrandBias:10.0,Multiplicity:1.01
0.997	0.001	0.001	0.001
0.001	0.001	0.001	0.997
0.001	0.001	0.367	0.631
0.001	0.001	0.001	0.997
0.997	0.001	0.001	0.001
0.001	0.997	0.001	0.001
0.997	0.001	0.001	0.001
0.001	0.631	0.001	0.367
0.997	0.001	0.001	0.001
0.183	0.001	0.001	0.815
>CTGCTCGSCT	3-CTGCTCGSCT	11.021483	-169.455472	0	T:67.0(98.53%),B:0.3(0.10%),P:1e-73	Tpos:113.5,Tstd:46.4,Bpos:368.0,Bstd:0.0,StrandBias:10.0,Multiplicity:1.85
0.001	0.997	0.001	0.001
0.001	0.001	0.001	0.997
0.120	0.001	0.870	0.009
0.001	0.997	0.001	0.001
0.001	0.001	0.001	0.997
0.001	0.997	0.001	0.001
0.001	0.001	0.997	0.001
0.001	0.482	0.516	0.001
0.028	0.970	0.001	0.001
0.009	0.001	0.001	0.989
>CATGGMGGCC	4-CATGGMGGCC	8.445012	-169.455472	0	T:67.0(98.53%),B:1.0(0.31%),P:1e-73	Tpos:310.4,Tstd:2.5,Bpos:225.2,Bstd:91.7,StrandBias:0.1,Multiplicity:1.94
0.001	0.997	0.001	0.001
0.997	0.001	0.001	0.001
0.001	0.001	0.001	0.997
0.001	0.001	0.997	0.001
0.001	0.001	0.997	0.001
0.509	0.489	0.001	0.001
0.009	0.001	0.989	0.001
0.009	0.001	0.989	0.001
0.001	0.997	0.001	0.001
0.001	0.997	0.001	0.001
>ATGGGAGGAG	5-ATGGGAGGAG	10.296193	-169.455472	0	T:67.0(98.53%),B:0.0(0.00%),P:1e-73	Tpos:422.0,Tstd:0.0,Bpos:0.0,Bstd:0.0,StrandBias:10.0,Multiplicity:1.00
0.700	0.100	0.100	0.100
0.100	0.100	0.100	0.700
0.100	0.100	0.700	0.100
0.100	0.100	0.700	0.100
0.100	0.100	0.700	0.100
0.700	0.100	0.100	0.100
0.100	0.100	0.700	0.100
0.100	0.100	0.700	0.100
0.700	0.100	0.100	0.100
0.100	0.100	0.700	0.100
>CGGCGTTGAC	6-CGGCGTTGAC	9.780701	-169.455472	0	T:67.0(98.53%),B:0.9(0.31%),P:1e-73	Tpos:18.0,Tstd:0.0,Bpos:167.8,Bstd:53.8,StrandBias:10.0,Multiplicity:1.00
0.001	0.980	0.001	0.018
0.001	0.001	0.997	0.001
0.001	0.001	0.997	0.001
0.001	0.997	0.001	0.001
0.001	0.001	0.997	0.001
0.001	0.001	0.001	0.997
0.001	0.001	0.038	0.960
0.001	0.001	0.997	0.001
0.997	0.001	0.001	0.001
0.001	0.997	0.001	0.001
>CTCWGAATCC	7-CTCWGAATCC	9.897039	-169.455472	0	T:67.0(98.53%),B:0.9(0.28%),P:1e-73	Tpos:177.3,Tstd:49.1,Bpos:417.0,Bstd:0.0,StrandBias:10.0,Multiplicity:1.88
0.001	0.820	0.001	0.178
0.001	0.001	0.192	0.806
0.001	0.997	0.001	0.001
0.387	0.001	0.221	0.391
0.001	0.001	0.997	0.001
0.970	0.028	0.001	0.001
0.570	0.013	0.001	0.416
0.001	0.001	0.001	0.997
0.001	0.997	0.001	0.001
0.001	0.997	0.001	0.001
>CTCGCGTTCT	8-CTCGCGTTCT	6.716720	-165.239137	0	T:67.0(98.53%),B:1.1(0.35%),P:1e-71	Tpos:8.0,Tstd:0.0,Bpos:195.4,Bstd:77.1,StrandBias:10.0,Multiplicity:1.00
0.001	0.997	0.001	0.001
0.001	0.001	0.018	0.980
0.001	0.997	0.001	0.001
0.001	0.001	0.997	0.001
0.001	0.997	0.001	0.001
0.001	0.001	0.997	0.001
0.001	0.001	0.001	0.997
0.001	0.001	0.001	0.997
0.191	0.807	0.001	0.001
0.001	0.001	0.001	0.997
>GGWCTSRYGC	9-GGWCTSRYGC	10.959537	-164.405616	0	T:66.0(97.06%),B:0.5(0.16%),P:1e-71	Tpos:358.5,Tstd:70.8,Bpos:306.0,Bstd:0.0,StrandBias:10.0,Multiplicity:1.77
0.012	0.001	0.986	0.001
0.001	0.001	0.997	0.001
0.495	0.081	0.001	0.423
0.001	0.997	0.001	0.001
0.001	0.001	0.009	0.989
0.010	0.495	0.495	0.001
0.517	0.001	0.481	0.001
0.001	0.530	0.001	0.468
0.009	0.001	0.989	0.001
0.001	0.997	0.001	0.001
>TGAGTCTCTA	10-TGAGTCTCTA	10.296193	-164.405616	0	T:66.0(97.06%),B:0.0(0.00%),P:1e-71	Tpos:221.0,Tstd:0.0,Bpos:0.0,Bstd:0.0,StrandBias:10.0,Multiplicity:1.00
0.100	0.100	0.100	0.700
0.100	0.100	0.700	0.100
0.700	0.100	0.100	0.100
0.100	0.100	0.700	0.100
0.100	0.100	0.100	0.700
0.100	0.700	0.100	0.100
0.100	0.100	0.100	0.700
0.100	0.700	0.100	0.100
0.100	0.100	0.100	0.700
0.700	0.100	0.100	0.100
>GTTCTCATCG	11-GTTCTCATCG	6.901897	-164.405616	0	T:66.0(97.06%),B:0.6(0.18%),P:1e-71	Tpos:41.0,Tstd:0.0,Bpos:29.0,Bstd:0.0,StrandBias:10.0,Multiplicity:1.00
0.001	0.001	0.997	0.001
0.001	0.001	0.001	0.997
0.001	0.001	0.001	0.997
0.001	0.997	0.001	0.001
0.001	0.001	0.001	0.997
0.001	0.997	0.001	0.001
0.984	0.001	0.014	0.001
0.001	0.001	0.014	0.984
0.001	0.997	0.001	0.001
0.001	0.001	0.997	0.001
>CCTTTCCGCC	12-CCTTTCCGCC	10.757526	-161.701361	0	T:67.0(98.53%),B:2.3(0.74%),P:1e-70	Tpos:287.7,Tstd:105.5,Bpos:354.9,Bstd:49.1,StrandBias:10.0,Multiplicity:1.94
0.357	0.641	0.001	0.001
0.001	0.706	0.292	0.001
0.001	0.001	0.001	0.997
0.001	0.001	0.001	0.997
0.001	0.001	0.001	0.997
0.001	0.641	0.357	0.001
0.001	0.706	0.292	0.001
0.282	0.001	0.716	0.001
0.001	0.997	0.001	0.001
0.001	0.997	0.001	0.001
>GTGCCCGCTT	13-GTGCCCGCTT	6.873363	-161.701361	0	T:67.0(98.53%),B:2.6(0.83%),P:1e-70	Tpos:270.1,Tstd:70.1,Bpos:86.2,Bstd:70.4,StrandBias:10.0,Multiplicity:1.81
0.001	0.001	0.997	0.001
0.001	0.001	0.001	0.997
0.001	0.001	0.777	0.221
0.001	0.777	0.221	0.001
0.001	0.997	0.001	0.001
0.001	0.997	0.001	0.001
0.001	0.001	0.997	0.001
0.001	0.777	0.001	0.221
0.001	0.001	0.001	0.997
0.001	0.002	0.001	0.996
>CACTTCCCAT	14-CACTTCCCAT	11.435969	-159.758025	0	T:65.0(95.59%),B:0.0(0.00%),P:1e-69	Tpos:58.0,Tstd:0.0,Bpos:0.0,Bstd:0.0,StrandBias:10.0,Multiplicity:1.00
0.001	0.674	0.001	0.324
0.997	0.001	0.001	0.001
0.335	0.663	0.001	0.001
0.001	0.001	0.330	0.668
0.001	0.001	0.001	0.997
0.001	0.997	0.001	0.001
0.001	0.670	0.328	0.001
0.001	0.997	0.001	0.001
0.674	0.001	0.001	0.324
0.001	0.001	0.335	0.663
>AATTGGATCC	15-AATTGGATCC	10.296193	-159.758025	0	T:65.0(95.59%),B:0.0(0.00%),P:1e-69	Tpos:87.0,Tstd:8.1,Bpos:0.0,Bstd:0.0,StrandBias:10.0,Multiplicity:1.00
0.700	0.100	0.100	0.100
0.700	0.100	0.100	0.100
0.100	0.100	0.100	0.700
0.100	0.100	0.100	0.700
0.100	0.100	0.700	0.100
0.100	0.100	0.700	0.100
0.700	0.100	0.100	0.100
0.100	0.100	0.100	0.700
0.100	0.700	0.100	0.100
0.100	0.700	0.100	0.100
>ACCCGCTGAC	16-ACCCGCTGAC	12.366226	-159.758025	0	T:65.0(95.59%),B:0.0(0.00%),P:1e-69	Tpos:495.0,Tstd:0.0,Bpos:0.0,Bstd:0.0,StrandBias:10.0,Multiplicity:1.00
0.997	0.001	0.001	0.001
0.001	0.997	0.001	0.001
0.001	0.768	0.001	0.230
0.001	0.997	0.001	0.001
0.001	0.001	0.997	0.001
0.001	0.997	0.001	0.001
0.001	0.001	0.001	0.997
0.001	0.001	0.997	0.001
0.997	0.001	0.001	0.001
0.001	0.997	0.001	0.001
>CGAATTGTGG	17-CGAATTGTGG	5.938952	-156.687252	0	T:66.0(97.06%),B:2.9(0.93%),P:1e-68	Tpos:380.0,Tstd:0.0,Bpos:278.0,Bstd:121.5,StrandBias:10.0,Multiplicity:1.00
0.017	0.624	0.001	0.358
0.001	0.001	0.997	0.001
0.997	0.001	0.001	0.001
0.557	0.394	0.001	0.048
0.179	0.181	0.187	0.453
0.001	0.001	0.001	0.997
0.001	0.001	0.997	0.001
0.001	0.001	0.001	0.997
0.001	0.001	0.997	0.001
0.001	0.001	0.997	0.001
>KCCWMSTCCC	18-KCCWMSTCCC	10.951983	-155.681490	0	T:67.0(98.53%),B:4.2(1.34%),P:1e-67	Tpos:365.0,Tstd:0.0,Bpos:388.5,Bstd:115.2,StrandBias:-10.0,Multiplicity:1.00
0.009	0.001	0.492	0.498
0.010	0.988	0.001	0.001
0.001	0.950	0.009	0.040
0.512	0.027	0.001	0.460
0.478	0.520	0.001	0.001
0.001	0.478	0.520	0.001
0.001	0.001	0.017	0.981
0.001	0.990	0.001	0.008
0.001	0.972	0.009	0.018
0.001	0.981	0.017	0.001
>ACGGGCCTTC	19-ACGGGCCTTC	7.865665	-155.681490	0	T:67.0(98.53%),B:4.8(1.55%),P:1e-67	Tpos:159.9,Tstd:54.1,Bpos:238.0,Bstd:126.0,StrandBias:1.8,Multiplicity:2.40
0.997	0.001	0.001	0.001
0.001	0.997	0.001	0.001
0.001	0.001	0.997	0.001
0.001	0.177	0.806	0.016
0.001	0.193	0.777	0.029
0.001	0.997	0.001	0.001
0.001	0.997	0.001	0.001
0.001	0.001	0.176	0.822
0.001	0.001	0.001	0.997
0.001	0.997	0.001	0.001
>RAAACCCWGC	20-RAAACCCWGC	9.222448	-155.577854	0	T:65.0(95.59%),B:1.9(0.60%),P:1e-67	Tpos:423.4,Tstd:63.8,Bpos:210.3,Bstd:43.7,StrandBias:0.2,Multiplicity:1.78
0.530	0.028	0.414	0.028
0.997	0.001	0.001	0.001
0.914	0.084	0.001	0.001
0.997	0.001	0.001	0.001
0.001	0.827	0.001	0.171
0.028	0.943	0.028	0.001
0.001	0.618	0.001	0.380
0.534	0.028	0.001	0.437
0.001	0.027	0.971	0.001
0.001	0.771	0.001	0.227
>TSSACYMRTR	21-TSSACYMRTR	9.739851	-155.394926	0	T:64.0(94.12%),B:0.0(0.00%),P:1e-67	Tpos:411.0,Tstd:0.0,Bpos:0.0,Bstd:0.0,StrandBias:-10.0,Multiplicity:1.00
0.001	0.001	0.001	0.997
0.001	0.504	0.494	0.001
0.001	0.504	0.494	0.001
0.997	0.001	0.001	0.001
0.001	0.997	0.001	0.001
0.001	0.504	0.001	0.494
0.504	0.489	0.001	0.006
0.504	0.001	0.494	0.001
0.001	0.001	0.001	0.997
0.504	0.001	0.494	0.001
>TACKGRCGCG	22-TACKGRCGCG	9.935016	-153.017475	0	T:67.0(98.53%),B:5.4(1.74%),P:1e-66	Tpos:229.1,Tstd:42.1,Bpos:251.7,Bstd:77.4,StrandBias:2.6,Multiplicity:1.30
0.001	0.001	0.001	0.997
0.535	0.001	0.147	0.317
0.001	0.915	0.001	0.083
0.001	0.001	0.533	0.465
0.001	0.001	0.997	0.001
0.470	0.001	0.528	0.001
0.001	0.997	0.001	0.001
0.055	0.001	0.943	0.001
0.317	0.627	0.028	0.028
0.001	0.001	0.997	0.001
>YTACGBACHT	23-YTACGBACHT	7.845985	-150.522000	0	T:67.0(98.53%),B:7.0(2.25%),P:1e-65	Tpos:473.0,Tstd:0.0,Bpos:298.2,Bstd:209.7,StrandBias:10.0,Multiplicity:1.00
0.006	0.405	0.078	0.511
0.006	0.047	0.121	0.826
0.422	0.199	0.240	0.139
0.042	0.584	0.147	0.227
0.098	0.042	0.709	0.151
0.001	0.315	0.342	0.342
0.821	0.142	0.034	0.003
0.044	0.954	0.001	0.001
0.358	0.281	0.048	0.313
0.021	0.146	0.003	0.830
>ACDATCGTRT	24-ACDATCGTRT	10.082650	-147.108657	0	T:63.0(92.65%),B:1.1(0.36%),P:1e-63	Tpos:29.4,Tstd:1.5,Bpos:312.0,Bstd:0.0,StrandBias:-0.2,Multiplicity:1.00
0.997	0.001	0.001	0.001
0.001	0.931	0.001	0.067
0.219	0.068	0.368	0.345
0.862	0.001	0.136	0.001
0.001	0.136	0.068	0.795
0.138	0.642	0.001	0.219
0.067	0.001	0.931	0.001
0.001	0.001	0.001	0.997
0.485	0.001	0.513	0.001
0.001	0.001	0.001	0.997
>TCACCACGCC	25-TCACCACGCC	9.805216	-143.802025	0	T:67.0(98.53%),B:9.6(3.11%),P:1e-62	Tpos:269.3,Tstd:16.3,Bpos:138.9,Bstd:69.6,StrandBias:10.0,Multiplicity:1.71
0.001	0.001	0.001	0.997
0.001	0.997	0.001	0.001
0.997	0.001	0.001	0.001
0.001	0.997	0.001	0.001
0.001	0.997	0.001	0.001
0.631	0.001	0.001	0.367
0.001	0.635	0.363	0.001
0.003	0.001	0.632	0.364
0.001	0.635	0.363	0.001
0.001	0.997	0.001	0.001
