>TGAATCCTGCGG	1-TGAATCCTGCGG,BestGuess:Zic1::Zic2/MA1628.2/Jaspar(0.593)	12.097640	-175.195264	0	T:68.0(100.00%),B:0.0(0.00%),P:1e-76
0.001	0.001	0.001	0.997
0.001	0.001	0.997	0.001
0.631	0.001	0.367	0.001
0.997	0.001	0.001	0.001
0.001	0.001	0.001	0.997
0.001	0.992	0.001	0.006
0.001	0.997	0.001	0.001
0.001	0.001	0.001	0.997
0.001	0.001	0.631	0.367
0.001	0.916	0.082	0.001
0.001	0.001	0.997	0.001
0.001	0.001	0.997	0.001
>GTGTMCWTYG	1-GTGTMCWTYG,BestGuess:HNF4G/MA0484.3/Jaspar(0.700)	9.855840	-169.455472	0	T:67.0(98.53%),B:0.0(0.00%),P:1e-73
0.001	0.006	0.992	0.001
0.001	0.255	0.092	0.652
0.092	0.001	0.826	0.081
0.007	0.075	0.331	0.587
0.551	0.429	0.007	0.013
0.226	0.772	0.001	0.001
0.302	0.001	0.248	0.449
0.001	0.144	0.019	0.836
0.104	0.476	0.089	0.331
0.001	0.006	0.980	0.013
>ATTTACACAT	2-ATTTACACAT,BestGuess:POU3F1/MA0786.2/Jaspar(0.763)	11.632557	-169.455472	0	T:67.0(98.53%),B:0.0(0.00%),P:1e-73
0.997	0.001	0.001	0.001
0.001	0.001	0.001	0.997
0.001	0.001	0.367	0.631
0.001	0.001	0.001	0.997
0.997	0.001	0.001	0.001
0.001	0.997	0.001	0.001
0.997	0.001	0.001	0.001
0.001	0.631	0.001	0.367
0.997	0.001	0.001	0.001
0.183	0.001	0.001	0.815
>CTGCTCGSCT	3-CTGCTCGSCT,BestGuess:PB0199.1_Zfp161_2/Jaspar(0.640)	11.021483	-169.455472	0	T:67.0(98.53%),B:0.3(0.10%),P:1e-73
0.001	0.997	0.001	0.001
0.001	0.001	0.001	0.997
0.120	0.001	0.870	0.009
0.001	0.997	0.001	0.001
0.001	0.001	0.001	0.997
0.001	0.997	0.001	0.001
0.001	0.001	0.997	0.001
0.001	0.482	0.516	0.001
0.028	0.970	0.001	0.001
0.009	0.001	0.001	0.989
>CATGGMGGCC	4-CATGGMGGCC,BestGuess:YY2/MA0748.3/Jaspar(0.774)	8.445012	-169.455472	0	T:67.0(98.53%),B:1.0(0.31%),P:1e-73
0.001	0.997	0.001	0.001
0.997	0.001	0.001	0.001
0.001	0.001	0.001	0.997
0.001	0.001	0.997	0.001
0.001	0.001	0.997	0.001
0.509	0.489	0.001	0.001
0.009	0.001	0.989	0.001
0.009	0.001	0.989	0.001
0.001	0.997	0.001	0.001
0.001	0.997	0.001	0.001
>ATGGGAGGAG	5-ATGGGAGGAG,BestGuess:ZNF263/MA0528.3/Jaspar(0.836)	10.296193	-169.455472	0	T:67.0(98.53%),B:0.0(0.00%),P:1e-73
0.700	0.100	0.100	0.100
0.100	0.100	0.100	0.700
0.100	0.100	0.700	0.100
0.100	0.100	0.700	0.100
0.100	0.100	0.700	0.100
0.700	0.100	0.100	0.100
0.100	0.100	0.700	0.100
0.100	0.100	0.700	0.100
0.700	0.100	0.100	0.100
0.100	0.100	0.700	0.100
>CGGCGTTGAC	6-CGGCGTTGAC,BestGuess:ZSCAN29/MA1602.2/Jaspar(0.718)	9.780701	-169.455472	0	T:67.0(98.53%),B:0.9(0.31%),P:1e-73
0.001	0.980	0.001	0.018
0.001	0.001	0.997	0.001
0.001	0.001	0.997	0.001
0.001	0.997	0.001	0.001
0.001	0.001	0.997	0.001
0.001	0.001	0.001	0.997
0.001	0.001	0.038	0.960
0.001	0.001	0.997	0.001
0.997	0.001	0.001	0.001
0.001	0.997	0.001	0.001
>CTCWGAATCC	7-CTCWGAATCC,BestGuess:TEAD4(TEA)/Tropoblast-Tead4-ChIP-Seq(GSE37350)/Homer(0.610)	9.897039	-169.455472	0	T:67.0(98.53%),B:0.9(0.28%),P:1e-73
0.001	0.820	0.001	0.178
0.001	0.001	0.192	0.806
0.001	0.997	0.001	0.001
0.387	0.001	0.221	0.391
0.001	0.001	0.997	0.001
0.970	0.028	0.001	0.001
0.570	0.013	0.001	0.416
0.001	0.001	0.001	0.997
0.001	0.997	0.001	0.001
0.001	0.997	0.001	0.001
>GCAGACGCTCCG	4-GCAGACGCTCCG,BestGuess:HINFP/MA0131.3/Jaspar(0.674)	10.086602	-169.455472	0	T:67.0(98.53%),B:0.0(0.00%),P:1e-73
0.001	0.001	0.997	0.001
0.284	0.714	0.001	0.001
0.631	0.001	0.367	0.001
0.001	0.001	0.997	0.001
0.997	0.001	0.001	0.001
0.081	0.917	0.001	0.001
0.001	0.001	0.631	0.367
0.001	0.713	0.285	0.001
0.001	0.367	0.001	0.631
0.001	0.713	0.001	0.285
0.001	0.997	0.001	0.001
0.001	0.001	0.997	0.001
>CCTGCKCTGCTR	5-CCTGCKCTGCTR,BestGuess:Zic2/MA1629.2/Jaspar(0.663)	10.652743	-169.455472	0	T:67.0(98.53%),B:0.8(0.25%),P:1e-73
0.005	0.978	0.016	0.001
0.005	0.665	0.252	0.078
0.001	0.220	0.200	0.579
0.005	0.310	0.684	0.001
0.257	0.741	0.001	0.001
0.011	0.022	0.511	0.456
0.162	0.552	0.038	0.248
0.001	0.001	0.194	0.804
0.001	0.055	0.943	0.001
0.017	0.772	0.005	0.206
0.001	0.254	0.273	0.473
0.499	0.001	0.499	0.001
>AVRCTTCGCACA	8-AVRCTTCGCACA,BestGuess:NFIC/MA0161.3/Jaspar(0.646)	9.152454	-169.455472	0	T:67.0(98.53%),B:0.0(0.00%),P:1e-73
0.782	0.076	0.041	0.101
0.259	0.371	0.330	0.041
0.350	0.189	0.336	0.126
0.035	0.807	0.076	0.082
0.024	0.242	0.109	0.625
0.012	0.084	0.306	0.598
0.001	0.538	0.220	0.241
0.111	0.351	0.521	0.017
0.083	0.715	0.113	0.089
0.618	0.251	0.119	0.012
0.136	0.632	0.096	0.136
0.537	0.280	0.112	0.071
>TCCAATCATGGC	9-TCCAATCATGGC,BestGuess:NFYC/MA1644.2/Jaspar(0.757)	12.150455	-169.455472	0	T:67.0(98.53%),B:0.0(0.00%),P:1e-73
0.001	0.001	0.017	0.981
0.001	0.997	0.001	0.001
0.001	0.997	0.001	0.001
0.997	0.001	0.001	0.001
0.879	0.065	0.055	0.001
0.001	0.065	0.001	0.933
0.064	0.934	0.001	0.001
0.997	0.001	0.001	0.001
0.001	0.001	0.001	0.997
0.064	0.001	0.934	0.001
0.054	0.001	0.944	0.001
0.001	0.997	0.001	0.001
>YTCCCATDGGTG	11-YTCCCATDGGTG,BestGuess:SNAI2/MA0745.3/Jaspar(0.693)	9.551901	-169.455472	0	T:67.0(98.53%),B:0.3(0.11%),P:1e-73
0.001	0.362	0.192	0.445
0.007	0.378	0.021	0.594
0.029	0.634	0.329	0.008
0.015	0.571	0.364	0.050
0.021	0.466	0.199	0.314
0.743	0.192	0.050	0.015
0.015	0.400	0.014	0.571
0.371	0.016	0.271	0.342
0.014	0.029	0.943	0.014
0.199	0.130	0.670	0.001
0.022	0.051	0.057	0.870
0.007	0.028	0.765	0.200
>CSATGCAT	1-CSATGCAT,BestGuess:Pit1(Homeobox)/GCrat-Pit1-ChIP-Seq(GSE58009)/Homer(0.719)	10.471485	-169.455472	0	T:67.0(98.53%),B:0.0(0.00%),P:1e-73
0.001	0.997	0.001	0.001
0.001	0.448	0.550	0.001
0.997	0.001	0.001	0.001
0.001	0.001	0.001	0.997
0.001	0.001	0.997	0.001
0.001	0.997	0.001	0.001
0.997	0.001	0.001	0.001
0.001	0.001	0.001	0.997
>GCACATAA	2-GCACATAA,BestGuess:PB0208.1_Zscan4_2/Jaspar(0.864)	8.236954	-169.455472	0	T:67.0(98.53%),B:0.0(0.00%),P:1e-73
0.100	0.100	0.700	0.100
0.100	0.700	0.100	0.100
0.700	0.100	0.100	0.100
0.100	0.700	0.100	0.100
0.700	0.100	0.100	0.100
0.100	0.100	0.100	0.700
0.700	0.100	0.100	0.100
0.700	0.100	0.100	0.100
>CTCGCGTTCT	8-CTCGCGTTCT,BestGuess:ZBTB33/MA0527.2/Jaspar(0.662)	6.716720	-165.239137	0	T:67.0(98.53%),B:1.1(0.35%),P:1e-71
0.001	0.997	0.001	0.001
0.001	0.001	0.018	0.980
0.001	0.997	0.001	0.001
0.001	0.001	0.997	0.001
0.001	0.997	0.001	0.001
0.001	0.001	0.997	0.001
0.001	0.001	0.001	0.997
0.001	0.001	0.001	0.997
0.191	0.807	0.001	0.001
0.001	0.001	0.001	0.997
>CCGTTGCCGTTC	13-CCGTTGCCGTTC,BestGuess:PB0033.1_Irf3_1/Jaspar(0.640)	8.196393	-165.239137	0	T:67.0(98.53%),B:1.4(0.44%),P:1e-71
0.001	0.797	0.001	0.201
0.001	0.997	0.001	0.001
0.001	0.001	0.997	0.001
0.001	0.149	0.001	0.849
0.001	0.166	0.202	0.631
0.001	0.202	0.647	0.150
0.001	0.997	0.001	0.001
0.001	0.997	0.001	0.001
0.001	0.001	0.997	0.001
0.001	0.201	0.001	0.797
0.001	0.001	0.001	0.997
0.001	0.849	0.149	0.001
>GYCTACGT	5-GYCTACGT,BestGuess:Gmeb1/MA0615.2/Jaspar(0.733)	10.440088	-165.239137	0	T:67.0(98.53%),B:1.9(0.61%),P:1e-71
0.001	0.001	0.997	0.001
0.001	0.465	0.001	0.533
0.001	0.997	0.001	0.001
0.001	0.001	0.001	0.997
0.997	0.001	0.001	0.001
0.001	0.997	0.001	0.001
0.001	0.001	0.997	0.001
0.001	0.001	0.001	0.997
>GGWCTSRYGC	9-GGWCTSRYGC,BestGuess:Hand1/MA2123.1/Jaspar(0.644)	10.959537	-164.405616	0	T:66.0(97.06%),B:0.5(0.16%),P:1e-71
0.012	0.001	0.986	0.001
0.001	0.001	0.997	0.001
0.495	0.081	0.001	0.423
0.001	0.997	0.001	0.001
0.001	0.001	0.009	0.989
0.010	0.495	0.495	0.001
0.517	0.001	0.481	0.001
0.001	0.530	0.001	0.468
0.009	0.001	0.989	0.001
0.001	0.997	0.001	0.001
>TGAGTCTCTA	10-TGAGTCTCTA,BestGuess:Prdm14/MA1998.2/Jaspar(0.758)	10.296193	-164.405616	0	T:66.0(97.06%),B:0.0(0.00%),P:1e-71
0.100	0.100	0.100	0.700
0.100	0.100	0.700	0.100
0.700	0.100	0.100	0.100
0.100	0.100	0.700	0.100
0.100	0.100	0.100	0.700
0.100	0.700	0.100	0.100
0.100	0.100	0.100	0.700
0.100	0.700	0.100	0.100
0.100	0.100	0.100	0.700
0.700	0.100	0.100	0.100
>GTTCTCATCG	11-GTTCTCATCG,BestGuess:PB0194.1_Zbtb12_2/Jaspar(0.645)	6.901897	-164.405616	0	T:66.0(97.06%),B:0.6(0.18%),P:1e-71
0.001	0.001	0.997	0.001
0.001	0.001	0.001	0.997
0.001	0.001	0.001	0.997
0.001	0.997	0.001	0.001
0.001	0.001	0.001	0.997
0.001	0.997	0.001	0.001
0.984	0.001	0.014	0.001
0.001	0.001	0.014	0.984
0.001	0.997	0.001	0.001
0.001	0.001	0.997	0.001
>GYTTCSGGACYT	14-GYTTCSGGACYT,BestGuess:ELK4/MA0076.3/Jaspar(0.629)	7.844718	-164.405616	0	T:66.0(97.06%),B:0.0(0.00%),P:1e-71
0.001	0.001	0.997	0.001
0.001	0.490	0.001	0.508
0.001	0.001	0.001	0.997
0.001	0.001	0.001	0.997
0.001	0.649	0.001	0.349
0.001	0.490	0.508	0.001
0.001	0.001	0.997	0.001
0.001	0.001	0.997	0.001
0.997	0.001	0.001	0.001
0.001	0.997	0.001	0.001
0.001	0.479	0.001	0.519
0.001	0.001	0.001	0.997
>CTGTCTCACCTC	16-CTGTCTCACCTC,BestGuess:ZKSCAN5/MA1652.2/Jaspar(0.728)	10.409522	-164.405616	0	T:66.0(97.06%),B:0.0(0.00%),P:1e-71
0.100	0.700	0.100	0.100
0.100	0.100	0.100	0.700
0.100	0.100	0.700	0.100
0.100	0.100	0.100	0.700
0.100	0.700	0.100	0.100
0.100	0.100	0.100	0.700
0.100	0.700	0.100	0.100
0.700	0.100	0.100	0.100
0.100	0.700	0.100	0.100
0.100	0.700	0.100	0.100
0.100	0.100	0.100	0.700
0.100	0.700	0.100	0.100
>CCTTTCCGCC	12-CCTTTCCGCC,BestGuess:E2F1(E2F)/Hela-E2F1-ChIP-Seq(GSE22478)/Homer(0.701)	10.757526	-161.701361	0	T:67.0(98.53%),B:2.3(0.74%),P:1e-70
0.357	0.641	0.001	0.001
0.001	0.706	0.292	0.001
0.001	0.001	0.001	0.997
0.001	0.001	0.001	0.997
0.001	0.001	0.001	0.997
0.001	0.641	0.357	0.001
0.001	0.706	0.292	0.001
0.282	0.001	0.716	0.001
0.001	0.997	0.001	0.001
0.001	0.997	0.001	0.001
>CACVTCCCCTGA	17-CACVTCCCCTGA,BestGuess:SP8/MA0747.2/Jaspar(0.664)	9.966926	-161.701361	0	T:67.0(98.53%),B:2.3(0.74%),P:1e-70
0.001	0.598	0.001	0.400
0.994	0.004	0.001	0.001
0.001	0.997	0.001	0.001
0.256	0.342	0.400	0.001
0.001	0.256	0.001	0.742
0.001	0.997	0.001	0.001
0.001	0.665	0.333	0.001
0.001	0.733	0.265	0.001
0.001	0.597	0.001	0.401
0.132	0.001	0.201	0.666
0.001	0.400	0.598	0.001
0.697	0.301	0.001	0.001
>AATTGGATCC	15-AATTGGATCC,BestGuess:ETV2::DRGX/MA1940.2/Jaspar(0.715)	10.296193	-159.758025	0	T:65.0(95.59%),B:0.0(0.00%),P:1e-69
0.700	0.100	0.100	0.100
0.700	0.100	0.100	0.100
0.100	0.100	0.100	0.700
0.100	0.100	0.100	0.700
0.100	0.100	0.700	0.100
0.100	0.100	0.700	0.100
0.700	0.100	0.100	0.100
0.100	0.100	0.100	0.700
0.100	0.700	0.100	0.100
0.100	0.700	0.100	0.100
>ACCCGCTGAC	16-ACCCGCTGAC,BestGuess:Mafb/MA0117.3/Jaspar(0.725)	12.366226	-159.758025	0	T:65.0(95.59%),B:0.0(0.00%),P:1e-69
0.997	0.001	0.001	0.001
0.001	0.997	0.001	0.001
0.001	0.768	0.001	0.230
0.001	0.997	0.001	0.001
0.001	0.001	0.997	0.001
0.001	0.997	0.001	0.001
0.001	0.001	0.001	0.997
0.001	0.001	0.997	0.001
0.997	0.001	0.001	0.001
0.001	0.997	0.001	0.001
>ATCGATTTACTC	18-ATCGATTTACTC,BestGuess:ZBTB17/MA2102.1/Jaspar(0.727)	10.409522	-159.758025	0	T:65.0(95.59%),B:0.0(0.00%),P:1e-69
0.700	0.100	0.100	0.100
0.100	0.100	0.100	0.700
0.100	0.700	0.100	0.100
0.100	0.100	0.700	0.100
0.700	0.100	0.100	0.100
0.100	0.100	0.100	0.700
0.100	0.100	0.100	0.700
0.100	0.100	0.100	0.700
0.700	0.100	0.100	0.100
0.100	0.700	0.100	0.100
0.100	0.100	0.100	0.700
0.100	0.700	0.100	0.100
>KMKCGTRTTSTC	19-KMKCGTRTTSTC,BestGuess:PB0106.1_Arid5a_2/Jaspar(0.649)	9.247844	-158.554672	0	T:67.0(98.53%),B:3.6(1.16%),P:1e-68
0.032	0.001	0.458	0.509
0.540	0.458	0.001	0.001
0.001	0.031	0.415	0.553
0.001	0.614	0.001	0.384
0.001	0.001	0.997	0.001
0.001	0.075	0.001	0.923
0.537	0.001	0.461	0.001
0.001	0.030	0.001	0.968
0.001	0.001	0.001	0.997
0.045	0.417	0.537	0.001
0.001	0.351	0.001	0.647
0.001	0.968	0.001	0.030
>CGAATTGTGG	17-CGAATTGTGG,BestGuess:RUNX2(Runt)/PCa-RUNX2-ChIP-Seq(GSE33889)/Homer(0.746)	5.938952	-156.687252	0	T:66.0(97.06%),B:2.9(0.93%),P:1e-68
0.017	0.624	0.001	0.358
0.001	0.001	0.997	0.001
0.997	0.001	0.001	0.001
0.557	0.394	0.001	0.048
0.179	0.181	0.187	0.453
0.001	0.001	0.001	0.997
0.001	0.001	0.997	0.001
0.001	0.001	0.001	0.997
0.001	0.001	0.997	0.001
0.001	0.001	0.997	0.001
>ACGGGCCTTC	19-ACGGGCCTTC,BestGuess:HES2/MA0616.3/Jaspar(0.617)	7.865665	-155.681490	0	T:67.0(98.53%),B:4.8(1.55%),P:1e-67
0.997	0.001	0.001	0.001
0.001	0.997	0.001	0.001
0.001	0.001	0.997	0.001
0.001	0.177	0.806	0.016
0.001	0.193	0.777	0.029
0.001	0.997	0.001	0.001
0.001	0.997	0.001	0.001
0.001	0.001	0.176	0.822
0.001	0.001	0.001	0.997
0.001	0.997	0.001	0.001
>RAAACCCWGC	20-RAAACCCWGC,BestGuess:ZNF766/MA2098.1/Jaspar(0.690)	9.222448	-155.577854	0	T:65.0(95.59%),B:1.9(0.60%),P:1e-67
0.530	0.028	0.414	0.028
0.997	0.001	0.001	0.001
0.914	0.084	0.001	0.001
0.997	0.001	0.001	0.001
0.001	0.827	0.001	0.171
0.028	0.943	0.028	0.001
0.001	0.618	0.001	0.380
0.534	0.028	0.001	0.437
0.001	0.027	0.971	0.001
0.001	0.771	0.001	0.227
>TACKGRCGCG	22-TACKGRCGCG,BestGuess:POL006.1_BREu/Jaspar(0.654)	9.935016	-153.017475	0	T:67.0(98.53%),B:5.4(1.74%),P:1e-66
0.001	0.001	0.001	0.997
0.535	0.001	0.147	0.317
0.001	0.915	0.001	0.083
0.001	0.001	0.533	0.465
0.001	0.001	0.997	0.001
0.470	0.001	0.528	0.001
0.001	0.997	0.001	0.001
0.055	0.001	0.943	0.001
0.317	0.627	0.028	0.028
0.001	0.001	0.997	0.001
>GGCAACAAGATT	20-GGCAACAAGATT,BestGuess:ETV5::FOXO1/MA1947.2/Jaspar(0.634)	9.561176	-151.251791	0	T:63.0(92.65%),B:0.9(0.29%),P:1e-65
0.001	0.001	0.997	0.001
0.001	0.103	0.793	0.103
0.001	0.997	0.001	0.001
0.680	0.318	0.001	0.001
0.887	0.001	0.104	0.008
0.001	0.997	0.001	0.001
0.837	0.059	0.001	0.103
0.643	0.246	0.008	0.103
0.001	0.001	0.689	0.309
0.896	0.102	0.001	0.001
0.038	0.319	0.001	0.642
0.038	0.006	0.210	0.746
>TGCGCCTA	13-TGCGCCTA,BestGuess:E2F2/MA0864.3/Jaspar(0.666)	8.236954	-151.233161	0	T:64.0(94.12%),B:1.4(0.45%),P:1e-65
0.100	0.100	0.100	0.700
0.100	0.100	0.700	0.100
0.100	0.700	0.100	0.100
0.100	0.100	0.700	0.100
0.100	0.700	0.100	0.100
0.100	0.700	0.100	0.100
0.100	0.100	0.100	0.700
0.700	0.100	0.100	0.100
>GACACACVCGCB	24-GACACACVCGCB,BestGuess:TCFL5/MA0632.3/Jaspar(0.761)	10.691125	-146.126235	0	T:65.0(95.59%),B:4.9(1.58%),P:1e-63
0.019	0.035	0.677	0.269
0.690	0.019	0.277	0.014
0.038	0.576	0.326	0.060
0.612	0.007	0.016	0.365
0.001	0.961	0.025	0.013
0.661	0.001	0.014	0.324
0.006	0.974	0.019	0.001
0.371	0.269	0.354	0.006
0.013	0.972	0.001	0.014
0.006	0.021	0.960	0.013
0.034	0.819	0.013	0.134
0.019	0.372	0.327	0.282
>ACAGGCKG	16-ACAGGCKG,BestGuess:FEZF2/MA2341.1/Jaspar(0.740)	10.441963	-146.126235	0	T:65.0(95.59%),B:4.8(1.54%),P:1e-63
0.997	0.001	0.001	0.001
0.001	0.997	0.001	0.001
0.997	0.001	0.001	0.001
0.001	0.001	0.997	0.001
0.001	0.001	0.997	0.001
0.001	0.997	0.001	0.001
0.001	0.001	0.464	0.534
0.001	0.001	0.997	0.001
>YTYCACCT	17-YTYCACCT,BestGuess:ZEB1/MA0103.4/Jaspar(0.792)	9.688115	-145.577031	0	T:66.0(97.06%),B:6.1(1.97%),P:1e-63
0.001	0.530	0.001	0.468
0.001	0.006	0.001	0.992
0.001	0.460	0.001	0.538
0.001	0.997	0.001	0.001
0.997	0.001	0.001	0.001
0.001	0.997	0.001	0.001
0.001	0.997	0.001	0.001
0.001	0.001	0.001	0.997
>GACTACTC	18-GACTACTC,BestGuess:PB0203.1_Zfp691_2/Jaspar(0.706)	7.942835	-136.513092	0	T:65.0(95.59%),B:8.5(2.73%),P:1e-59
0.001	0.001	0.997	0.001
0.972	0.001	0.026	0.001
0.001	0.997	0.001	0.001
0.001	0.001	0.001	0.997
0.953	0.001	0.045	0.001
0.001	0.997	0.001	0.001
0.001	0.001	0.001	0.997
0.001	0.997	0.001	0.001
