>CGCASHGCTYTT	14-CGCASHGCTYTT	7.349593	-24.469375	0	T:11.0(100.00%),B:1.7(3.22%),P:1e-10
0.232	0.577	0.038	0.153
0.197	0.001	0.764	0.038
0.115	0.768	0.116	0.001
0.765	0.077	0.043	0.115
0.077	0.359	0.365	0.200
0.291	0.309	0.038	0.362
0.038	0.038	0.923	0.001
0.077	0.561	0.165	0.197
0.270	0.038	0.038	0.654
0.115	0.359	0.168	0.359
0.236	0.077	0.203	0.484
0.038	0.153	0.129	0.680
