>AAGCCCCCAWGM	5-KCWTGGGGGCTT	12.098770	-26.954281	0	T:11.0(100.00%),B:0.0(0.00%),P:1e-11
0.716	0.239	0.044	0.001
0.859	0.001	0.139	0.001
0.156	0.001	0.842	0.001
0.185	0.533	0.237	0.045
0.001	0.954	0.001	0.044
0.001	0.815	0.044	0.140
0.044	0.911	0.044	0.001
0.001	0.954	0.001	0.044
0.815	0.001	0.044	0.140
0.367	0.192	0.045	0.396
0.291	0.185	0.523	0.001
0.439	0.367	0.193	0.001
