>RGGCAKAAATAG	13-RGGCAKAAATAG	7.733972	-26.954281	0	T:11.0(100.00%),B:0.7(1.27%),P:1e-11
0.364	0.086	0.463	0.086
0.086	0.001	0.827	0.086
0.259	0.086	0.654	0.001
0.204	0.450	0.173	0.173
0.827	0.086	0.001	0.086
0.173	0.086	0.377	0.364
0.741	0.001	0.172	0.086
0.741	0.086	0.172	0.001
0.623	0.086	0.118	0.173
0.173	0.259	0.086	0.482
0.482	0.086	0.259	0.173
0.172	0.001	0.568	0.259
