>YTCCATCCCTWC	7-YTCCATCCCTWC,BestGuess:ZNF684/MA1600.2/Jaspar(0.619)	10.783629	-26.954281	0	T:11.0(100.00%),B:0.0(0.00%),P:1e-11
0.049	0.415	0.049	0.486
0.001	0.049	0.049	0.901
0.203	0.795	0.001	0.001
0.098	0.835	0.049	0.018
0.459	0.261	0.049	0.231
0.207	0.279	0.049	0.465
0.049	0.641	0.049	0.261
0.197	0.591	0.211	0.001
0.049	0.804	0.049	0.098
0.001	0.048	0.001	0.950
0.486	0.098	0.049	0.366
0.049	0.901	0.049	0.001
