>CTTCATCTTTGT	1-CTTCATCTTTGT	12.580198	-26.954281	0	T:11.0(100.00%),B:0.0(0.00%),P:1e-11	Tpos:335.1,Tstd:116.0,Bpos:0.0,Bstd:0.0,StrandBias:10.0,Multiplicity:1.73
0.069	0.750	0.001	0.180
0.001	0.001	0.001	0.997
0.001	0.001	0.001	0.997
0.001	0.997	0.001	0.001
0.997	0.001	0.001	0.001
0.001	0.365	0.001	0.633
0.001	0.997	0.001	0.001
0.001	0.001	0.001	0.997
0.001	0.001	0.001	0.997
0.001	0.001	0.001	0.997
0.001	0.001	0.997	0.001
0.001	0.271	0.094	0.634
>AATGTAAACAAC	2-AATGTAAACAAC	11.671364	-26.954281	0	T:11.0(100.00%),B:0.0(0.00%),P:1e-11	Tpos:344.3,Tstd:27.0,Bpos:0.0,Bstd:0.0,StrandBias:3.6,Multiplicity:1.18
0.611	0.387	0.001	0.001
0.997	0.001	0.001	0.001
0.387	0.001	0.001	0.611
0.387	0.001	0.611	0.001
0.001	0.141	0.001	0.857
0.611	0.387	0.001	0.001
0.611	0.387	0.001	0.001
0.997	0.001	0.001	0.001
0.001	0.587	0.388	0.024
0.997	0.001	0.001	0.001
0.997	0.001	0.001	0.001
0.001	0.833	0.001	0.165
>CTTCGCCGCGGA	3-CTTCGCCGCGGA	11.381421	-26.954281	0	T:11.0(100.00%),B:0.0(0.00%),P:1e-11	Tpos:68.3,Tstd:9.6,Bpos:0.0,Bstd:0.0,StrandBias:10.0,Multiplicity:1.09
0.001	0.863	0.135	0.001
0.365	0.001	0.001	0.633
0.365	0.001	0.001	0.633
0.001	0.997	0.001	0.001
0.001	0.365	0.633	0.001
0.001	0.997	0.001	0.001
0.001	0.813	0.185	0.001
0.001	0.001	0.997	0.001
0.001	0.997	0.001	0.001
0.001	0.001	0.997	0.001
0.001	0.001	0.997	0.001
0.997	0.001	0.001	0.001
>TATTTGACTTGG	4-TATTTGACTTGG	9.801284	-26.954281	0	T:11.0(100.00%),B:0.0(0.00%),P:1e-11	Tpos:185.6,Tstd:168.4,Bpos:0.0,Bstd:0.0,StrandBias:2.6,Multiplicity:1.91
0.001	0.001	0.001	0.997
0.877	0.001	0.001	0.121
0.001	0.001	0.308	0.690
0.001	0.001	0.255	0.743
0.001	0.001	0.374	0.624
0.186	0.001	0.812	0.001
0.812	0.186	0.001	0.001
0.374	0.624	0.001	0.001
0.001	0.247	0.256	0.496
0.001	0.001	0.001	0.997
0.001	0.001	0.997	0.001
0.001	0.308	0.690	0.001
>KCWTGGGGGCTT	5-KCWTGGGGGCTT	12.098770	-26.954281	0	T:11.0(100.00%),B:0.0(0.00%),P:1e-11	Tpos:470.0,Tstd:0.0,Bpos:0.0,Bstd:0.0,StrandBias:-10.0,Multiplicity:1.00
0.001	0.193	0.367	0.439
0.001	0.523	0.185	0.291
0.396	0.045	0.192	0.367
0.140	0.044	0.001	0.815
0.044	0.001	0.954	0.001
0.001	0.044	0.911	0.044
0.140	0.044	0.815	0.001
0.044	0.001	0.954	0.001
0.045	0.237	0.533	0.185
0.001	0.842	0.001	0.156
0.001	0.139	0.001	0.859
0.001	0.044	0.239	0.716
>GAGGKRGKCKGY	6-GAGGKRGKCKGY	8.985563	-26.954281	0	T:11.0(100.00%),B:0.3(0.60%),P:1e-11	Tpos:229.1,Tstd:140.6,Bpos:301.0,Bstd:0.0,StrandBias:-0.2,Multiplicity:2.18
0.241	0.001	0.537	0.221
0.561	0.001	0.219	0.219
0.236	0.001	0.462	0.301
0.219	0.001	0.561	0.219
0.001	0.001	0.478	0.520
0.322	0.001	0.457	0.220
0.001	0.001	0.997	0.001
0.001	0.001	0.559	0.439
0.001	0.977	0.021	0.001
0.258	0.001	0.300	0.441
0.001	0.015	0.983	0.001
0.001	0.557	0.001	0.441
>YTCCATCCCTWC	7-YTCCATCCCTWC	10.783629	-26.954281	0	T:11.0(100.00%),B:0.0(0.00%),P:1e-11	Tpos:357.3,Tstd:136.7,Bpos:0.0,Bstd:0.0,StrandBias:10.0,Multiplicity:1.36
0.049	0.415	0.049	0.486
0.001	0.049	0.049	0.901
0.203	0.795	0.001	0.001
0.098	0.835	0.049	0.018
0.459	0.261	0.049	0.231
0.207	0.279	0.049	0.465
0.049	0.641	0.049	0.261
0.197	0.591	0.211	0.001
0.049	0.804	0.049	0.098
0.001	0.048	0.001	0.950
0.486	0.098	0.049	0.366
0.049	0.901	0.049	0.001
>WGTGSCTTKAGG	8-WGTGSCTTKAGG	11.533799	-26.954281	0	T:11.0(100.00%),B:0.0(0.00%),P:1e-11	Tpos:492.0,Tstd:0.0,Bpos:0.0,Bstd:0.0,StrandBias:10.0,Multiplicity:1.00
0.388	0.203	0.001	0.407
0.001	0.001	0.952	0.046
0.001	0.094	0.094	0.811
0.001	0.001	0.997	0.001
0.095	0.469	0.389	0.047
0.144	0.808	0.001	0.047
0.141	0.001	0.001	0.857
0.047	0.191	0.203	0.559
0.001	0.096	0.515	0.388
0.904	0.001	0.001	0.094
0.001	0.094	0.560	0.345
0.001	0.047	0.689	0.263
>YTTGGTWSATGT	9-YTTGGTWSATGT	11.759124	-26.954281	0	T:11.0(100.00%),B:0.0(0.00%),P:1e-11	Tpos:319.0,Tstd:18.4,Bpos:0.0,Bstd:0.0,StrandBias:0.8,Multiplicity:1.00
0.063	0.536	0.001	0.400
0.001	0.036	0.001	0.962
0.001	0.001	0.001	0.997
0.001	0.001	0.607	0.391
0.001	0.001	0.997	0.001
0.001	0.001	0.001	0.997
0.535	0.001	0.001	0.463
0.072	0.535	0.392	0.001
0.997	0.001	0.001	0.001
0.001	0.001	0.001	0.997
0.001	0.001	0.997	0.001
0.001	0.001	0.001	0.997
>ATCCYGCSACGG	10-ATCCYGCSACGG	8.100458	-26.954281	0	T:11.0(100.00%),B:0.7(1.38%),P:1e-11	Tpos:135.4,Tstd:88.7,Bpos:242.1,Bstd:80.7,StrandBias:1.6,Multiplicity:2.18
0.664	0.092	0.198	0.046
0.001	0.208	0.198	0.593
0.001	0.953	0.045	0.001
0.001	0.997	0.001	0.001
0.198	0.344	0.094	0.364
0.095	0.001	0.706	0.198
0.003	0.636	0.360	0.001
0.001	0.537	0.416	0.046
0.407	0.256	0.139	0.198
0.001	0.801	0.197	0.001
0.091	0.001	0.907	0.001
0.198	0.001	0.603	0.198
>CGCTTCVTCTGC	11-CGCTTCVTCTGC	11.633579	-26.954281	0	T:11.0(100.00%),B:0.0(0.00%),P:1e-11	Tpos:152.1,Tstd:115.5,Bpos:0.0,Bstd:0.0,StrandBias:0.4,Multiplicity:1.27
0.001	0.658	0.001	0.340
0.385	0.001	0.613	0.001
0.001	0.638	0.360	0.001
0.001	0.372	0.001	0.626
0.001	0.001	0.001	0.997
0.001	0.997	0.001	0.001
0.258	0.353	0.388	0.001
0.032	0.258	0.001	0.709
0.001	0.997	0.001	0.001
0.001	0.001	0.001	0.997
0.273	0.001	0.725	0.001
0.001	0.997	0.001	0.001
>TGGTTTATCCAG	12-TGGTTTATCCAG	9.765136	-26.954281	0	T:11.0(100.00%),B:0.0(0.00%),P:1e-11	Tpos:318.2,Tstd:64.9,Bpos:0.0,Bstd:0.0,StrandBias:0.7,Multiplicity:1.30
0.001	0.148	0.001	0.850
0.001	0.001	0.850	0.148
0.001	0.001	0.850	0.148
0.001	0.001	0.148	0.850
0.001	0.001	0.001	0.997
0.235	0.149	0.149	0.468
0.850	0.001	0.001	0.148
0.001	0.001	0.001	0.997
0.001	0.616	0.382	0.001
0.001	0.616	0.001	0.382
0.665	0.001	0.185	0.149
0.001	0.011	0.617	0.371
>RGGCAKAAATAG	13-RGGCAKAAATAG	7.733972	-26.954281	0	T:11.0(100.00%),B:0.7(1.27%),P:1e-11	Tpos:351.3,Tstd:102.2,Bpos:239.8,Bstd:33.3,StrandBias:2.6,Multiplicity:1.00
0.364	0.086	0.463	0.086
0.086	0.001	0.827	0.086
0.259	0.086	0.654	0.001
0.204	0.450	0.173	0.173
0.827	0.086	0.001	0.086
0.173	0.086	0.377	0.364
0.741	0.001	0.172	0.086
0.741	0.086	0.172	0.001
0.623	0.086	0.118	0.173
0.173	0.259	0.086	0.482
0.482	0.086	0.259	0.173
0.172	0.001	0.568	0.259
>CGCASHGCTYTT	14-CGCASHGCTYTT	7.349593	-24.469375	0	T:11.0(100.00%),B:1.7(3.22%),P:1e-10	Tpos:247.6,Tstd:111.8,Bpos:416.6,Bstd:108.7,StrandBias:2.6,Multiplicity:1.91
0.232	0.577	0.038	0.153
0.197	0.001	0.764	0.038
0.115	0.768	0.116	0.001
0.765	0.077	0.043	0.115
0.077	0.359	0.365	0.200
0.291	0.309	0.038	0.362
0.038	0.038	0.923	0.001
0.077	0.561	0.165	0.197
0.270	0.038	0.038	0.654
0.115	0.359	0.168	0.359
0.236	0.077	0.203	0.484
0.038	0.153	0.129	0.680
>TCGHCTGCAGGC	15-TCGHCTGCAGGC	11.614991	-23.003038	0	T:10.0(90.91%),B:0.0(0.00%),P:1e-9	Tpos:185.1,Tstd:1.0,Bpos:0.0,Bstd:0.0,StrandBias:10.0,Multiplicity:1.00
0.001	0.001	0.128	0.870
0.088	0.611	0.300	0.001
0.001	0.001	0.724	0.274
0.358	0.297	0.001	0.343
0.001	0.993	0.005	0.001
0.001	0.001	0.022	0.976
0.001	0.001	0.997	0.001
0.001	0.997	0.001	0.001
0.564	0.353	0.001	0.082
0.001	0.082	0.656	0.261
0.349	0.001	0.628	0.022
0.258	0.736	0.005	0.001
>GTGCCCCCTTCT	16-GTGCCCCCTTCT	6.704314	-23.003038	0	T:10.0(90.91%),B:0.6(1.26%),P:1e-9	Tpos:140.1,Tstd:111.0,Bpos:162.0,Bstd:0.0,StrandBias:0.6,Multiplicity:1.00
0.001	0.001	0.997	0.001
0.001	0.001	0.001	0.997
0.211	0.001	0.787	0.001
0.001	0.997	0.001	0.001
0.001	0.787	0.211	0.001
0.077	0.921	0.001	0.001
0.001	0.665	0.001	0.333
0.001	0.787	0.001	0.211
0.001	0.333	0.001	0.665
0.092	0.001	0.242	0.665
0.122	0.665	0.001	0.212
0.001	0.001	0.001	0.997
>VAVCTGAGACAG	17-VAVCTGAGACAG	10.007910	-23.003038	0	T:10.0(90.91%),B:0.0(0.00%),P:1e-9	Tpos:135.0,Tstd:84.9,Bpos:0.0,Bstd:0.0,StrandBias:1.3,Multiplicity:1.40
0.297	0.297	0.406	0.001
0.702	0.001	0.001	0.296
0.406	0.297	0.297	0.001
0.001	0.997	0.001	0.001
0.001	0.296	0.001	0.702
0.001	0.001	0.997	0.001
0.593	0.001	0.405	0.001
0.001	0.001	0.997	0.001
0.702	0.296	0.001	0.001
0.001	0.997	0.001	0.001
0.702	0.001	0.296	0.001
0.405	0.001	0.593	0.001
>GTGGGGCCTTCG	18-GTGGGGCCTTCG	4.903414	-17.400919	0	T:10.0(90.91%),B:3.6(6.95%),P:1e-7	Tpos:142.5,Tstd:58.4,Bpos:216.1,Bstd:64.1,StrandBias:10.0,Multiplicity:2.10
0.001	0.001	0.997	0.001
0.040	0.001	0.001	0.958
0.001	0.001	0.662	0.336
0.001	0.001	0.620	0.378
0.001	0.336	0.662	0.001
0.041	0.001	0.620	0.338
0.001	0.997	0.001	0.001
0.001	0.703	0.295	0.001
0.001	0.295	0.001	0.703
0.001	0.295	0.001	0.703
0.001	0.662	0.001	0.336
0.001	0.009	0.989	0.001
>GAGCGGCCCGCG	19-GAGCGGCCCGCG	5.553462	-14.214482	0	T:7.0(63.64%),B:0.7(1.36%),P:1e-6	Tpos:108.7,Tstd:11.8,Bpos:218.0,Bstd:30.5,StrandBias:0.3,Multiplicity:1.00
0.001	0.001	0.731	0.267
0.731	0.267	0.001	0.001
0.001	0.001	0.997	0.001
0.001	0.997	0.001	0.001
0.001	0.001	0.997	0.001
0.001	0.001	0.829	0.169
0.170	0.731	0.098	0.001
0.001	0.829	0.169	0.001
0.001	0.997	0.001	0.001
0.001	0.001	0.829	0.169
0.001	0.997	0.001	0.001
0.001	0.001	0.731	0.267
>TTDGGACATGAC	20-TTDGGACATGAC	9.815106	-14.214482	0	T:7.0(63.64%),B:0.3(0.50%),P:1e-6	Tpos:340.9,Tstd:34.5,Bpos:257.0,Bstd:0.0,StrandBias:2.8,Multiplicity:1.14
0.279	0.001	0.001	0.719
0.001	0.001	0.001	0.997
0.361	0.001	0.359	0.279
0.001	0.001	0.719	0.279
0.001	0.001	0.719	0.279
0.997	0.001	0.001	0.001
0.001	0.719	0.001	0.279
0.997	0.001	0.001	0.001
0.001	0.279	0.279	0.440
0.279	0.279	0.440	0.001
0.719	0.001	0.001	0.279
0.001	0.680	0.001	0.318
>CTCCTGTGCTGC	21-CTCCTGTGCTGC	9.836990	-11.798568	0	T:6.0(54.55%),B:0.0(0.00%),P:1e-5	Tpos:187.8,Tstd:39.0,Bpos:0.0,Bstd:0.0,StrandBias:2.3,Multiplicity:1.00
0.001	0.997	0.001	0.001
0.001	0.098	0.001	0.900
0.001	0.997	0.001	0.001
0.001	0.997	0.001	0.001
0.001	0.154	0.001	0.844
0.001	0.154	0.844	0.001
0.001	0.001	0.001	0.997
0.001	0.056	0.942	0.001
0.001	0.997	0.001	0.001
0.001	0.001	0.001	0.997
0.001	0.001	0.997	0.001
0.001	0.953	0.001	0.045
>GAAGTGCACACG	22-GAAGTGCACACG	9.224041	-9.547277	0	T:5.0(45.45%),B:0.3(0.57%),P:1e-4	Tpos:230.7,Tstd:30.6,Bpos:211.0,Bstd:0.0,StrandBias:1.3,Multiplicity:1.40
0.279	0.001	0.656	0.064
0.647	0.001	0.342	0.010
0.667	0.001	0.002	0.330
0.353	0.001	0.645	0.001
0.001	0.127	0.001	0.871
0.001	0.063	0.935	0.001
0.063	0.935	0.001	0.001
0.989	0.001	0.001	0.009
0.010	0.633	0.356	0.001
0.923	0.002	0.001	0.074
0.201	0.796	0.002	0.001
0.074	0.276	0.649	0.001
>GTGCAGATTCAC	23-GTGCAGATTCAC	10.030965	-9.547277	0	T:5.0(45.45%),B:0.0(0.00%),P:1e-4	Tpos:151.3,Tstd:27.4,Bpos:0.0,Bstd:0.0,StrandBias:10.0,Multiplicity:1.40
0.101	0.001	0.897	0.001
0.232	0.134	0.001	0.633
0.001	0.001	0.997	0.001
0.001	0.997	0.001	0.001
0.997	0.001	0.001	0.001
0.001	0.001	0.997	0.001
0.997	0.001	0.001	0.001
0.001	0.365	0.001	0.633
0.001	0.001	0.001	0.997
0.001	0.997	0.001	0.001
0.633	0.365	0.001	0.001
0.001	0.767	0.231	0.001
>TCTGTGAACTYT	24-TCTGTGAACTYT	8.187932	-9.547277	0	T:5.0(45.45%),B:0.0(0.00%),P:1e-4	Tpos:244.6,Tstd:17.2,Bpos:0.0,Bstd:0.0,StrandBias:10.0,Multiplicity:2.00
0.130	0.204	0.130	0.536
0.001	0.869	0.001	0.129
0.001	0.415	0.001	0.583
0.286	0.047	0.537	0.130
0.129	0.001	0.001	0.869
0.001	0.129	0.869	0.001
0.693	0.177	0.001	0.129
0.997	0.001	0.001	0.001
0.258	0.740	0.001	0.001
0.258	0.001	0.001	0.740
0.001	0.463	0.129	0.407
0.006	0.001	0.001	0.992
