>CACCTTTG	1-CACCTTTG	10.778217	-26.954281	0	T:11.0(100.00%),B:0.7(1.35%),P:1e-11	Tpos:322.9,Tstd:110.7,Bpos:320.0,Bstd:0.0,StrandBias:10.0,Multiplicity:2.00
0.001	0.997	0.001	0.001
0.997	0.001	0.001	0.001
0.001	0.797	0.001	0.201
0.001	0.997	0.001	0.001
0.001	0.001	0.001	0.997
0.001	0.001	0.001	0.997
0.001	0.001	0.001	0.997
0.001	0.063	0.935	0.001
>TGGGGGCT	2-TGGGGGCT	10.710981	-26.954281	0	T:11.0(100.00%),B:0.0(0.00%),P:1e-11	Tpos:425.3,Tstd:43.7,Bpos:0.0,Bstd:0.0,StrandBias:0.0,Multiplicity:2.00
0.001	0.001	0.001	0.997
0.001	0.001	0.997	0.001
0.001	0.001	0.997	0.001
0.001	0.001	0.997	0.001
0.001	0.001	0.997	0.001
0.001	0.256	0.742	0.001
0.001	0.939	0.001	0.059
0.001	0.001	0.001	0.997
>ATWSSWCT	3-ATWSSWCT	8.462750	-26.954281	0	T:11.0(100.00%),B:1.0(1.94%),P:1e-11	Tpos:314.5,Tstd:0.7,Bpos:304.8,Bstd:57.6,StrandBias:10.0,Multiplicity:1.00
0.910	0.001	0.001	0.088
0.001	0.001	0.001	0.997
0.437	0.001	0.001	0.561
0.001	0.437	0.561	0.001
0.001	0.447	0.551	0.001
0.462	0.001	0.001	0.536
0.001	0.997	0.001	0.001
0.001	0.001	0.001	0.997
>TGGTTAAT	4-TGGTTAAT	10.743592	-26.954281	0	T:11.0(100.00%),B:0.0(0.00%),P:1e-11	Tpos:367.5,Tstd:0.7,Bpos:0.0,Bstd:0.0,StrandBias:10.0,Multiplicity:1.00
0.001	0.001	0.001	0.997
0.001	0.001	0.997	0.001
0.001	0.001	0.997	0.001
0.001	0.001	0.001	0.997
0.001	0.001	0.001	0.997
0.722	0.001	0.001	0.276
0.997	0.001	0.001	0.001
0.001	0.001	0.001	0.997
>GTAKGCAT	5-GTAKGCAT	8.605934	-26.954281	0	T:11.0(100.00%),B:0.0(0.00%),P:1e-11	Tpos:389.5,Tstd:0.7,Bpos:0.0,Bstd:0.0,StrandBias:10.0,Multiplicity:1.00
0.001	0.071	0.927	0.001
0.086	0.001	0.035	0.878
0.886	0.112	0.001	0.001
0.036	0.073	0.509	0.382
0.001	0.001	0.997	0.001
0.035	0.634	0.330	0.001
0.558	0.002	0.123	0.317
0.001	0.035	0.320	0.644
>ACCCTAGA	6-ACCCTAGA	9.508340	-26.954281	0	T:11.0(100.00%),B:0.9(1.82%),P:1e-11	Tpos:477.5,Tstd:58.0,Bpos:67.8,Bstd:23.6,StrandBias:-3.5,Multiplicity:1.09
0.997	0.001	0.001	0.001
0.001	0.997	0.001	0.001
0.001	0.997	0.001	0.001
0.001	0.997	0.001	0.001
0.001	0.001	0.001	0.997
0.997	0.001	0.001	0.001
0.299	0.066	0.634	0.001
0.700	0.001	0.232	0.067
>CCCTACTT	7-CCCTACTT	8.236954	-26.954281	0	T:11.0(100.00%),B:0.0(0.00%),P:1e-11	Tpos:458.0,Tstd:0.0,Bpos:0.0,Bstd:0.0,StrandBias:10.0,Multiplicity:1.00
0.100	0.700	0.100	0.100
0.100	0.700	0.100	0.100
0.100	0.700	0.100	0.100
0.100	0.100	0.100	0.700
0.700	0.100	0.100	0.100
0.100	0.700	0.100	0.100
0.100	0.100	0.100	0.700
0.100	0.100	0.100	0.700
>AGCTGTGC	8-AGCTGTGC	10.592108	-26.954281	0	T:11.0(100.00%),B:0.7(1.38%),P:1e-11	Tpos:478.0,Tstd:0.0,Bpos:313.0,Bstd:0.0,StrandBias:10.0,Multiplicity:1.00
0.894	0.001	0.001	0.104
0.001	0.306	0.692	0.001
0.001	0.997	0.001	0.001
0.001	0.001	0.001	0.997
0.001	0.001	0.997	0.001
0.001	0.001	0.001	0.997
0.001	0.001	0.997	0.001
0.001	0.997	0.001	0.001
>CTTGAGTG	9-CTTGAGTG	8.236954	-26.954281	0	T:11.0(100.00%),B:0.0(0.00%),P:1e-11	Tpos:486.0,Tstd:0.0,Bpos:0.0,Bstd:0.0,StrandBias:10.0,Multiplicity:1.00
0.100	0.700	0.100	0.100
0.100	0.100	0.100	0.700
0.100	0.100	0.100	0.700
0.100	0.100	0.700	0.100
0.700	0.100	0.100	0.100
0.100	0.100	0.700	0.100
0.100	0.100	0.100	0.700
0.100	0.100	0.700	0.100
>TGTTATGT	10-TGTTATGT	8.494139	-26.954281	0	T:11.0(100.00%),B:0.9(1.78%),P:1e-11	Tpos:168.7,Tstd:160.3,Bpos:389.7,Bstd:104.8,StrandBias:10.0,Multiplicity:1.71
0.001	0.001	0.001	0.997
0.001	0.001	0.997	0.001
0.001	0.091	0.001	0.907
0.001	0.001	0.001	0.997
0.907	0.091	0.001	0.001
0.001	0.001	0.001	0.997
0.092	0.001	0.815	0.092
0.001	0.001	0.001	0.997
>GCAGACTC	11-GCAGACTC	9.416923	-26.954281	0	T:11.0(100.00%),B:0.0(0.00%),P:1e-11	Tpos:110.3,Tstd:40.4,Bpos:0.0,Bstd:0.0,StrandBias:10.0,Multiplicity:1.67
0.001	0.001	0.997	0.001
0.001	0.997	0.001	0.001
0.729	0.001	0.269	0.001
0.001	0.001	0.997	0.001
0.997	0.001	0.001	0.001
0.001	0.958	0.001	0.040
0.001	0.197	0.063	0.739
0.001	0.997	0.001	0.001
>GTATTTTT	12-GTATTTTT	9.746374	-26.954281	0	T:11.0(100.00%),B:0.0(0.00%),P:1e-11	Tpos:385.1,Tstd:48.9,Bpos:0.0,Bstd:0.0,StrandBias:10.0,Multiplicity:1.00
0.105	0.001	0.893	0.001
0.001	0.001	0.001	0.997
0.997	0.001	0.001	0.001
0.001	0.332	0.001	0.666
0.105	0.001	0.001	0.893
0.001	0.001	0.001	0.997
0.001	0.001	0.001	0.997
0.001	0.001	0.001	0.997
>ACGGGTRC	13-ACGGGTRC	10.374173	-26.954281	0	T:11.0(100.00%),B:0.0(0.00%),P:1e-11	Tpos:30.5,Tstd:1.2,Bpos:0.0,Bstd:0.0,StrandBias:10.0,Multiplicity:1.00
0.997	0.001	0.001	0.001
0.001	0.997	0.001	0.001
0.001	0.001	0.997	0.001
0.001	0.001	0.997	0.001
0.001	0.001	0.997	0.001
0.001	0.001	0.001	0.997
0.499	0.001	0.499	0.001
0.001	0.997	0.001	0.001
>TTTACATT	14-TTTACATT	8.233598	-24.469375	0	T:11.0(100.00%),B:1.5(2.85%),P:1e-10	Tpos:275.4,Tstd:136.6,Bpos:223.6,Bstd:85.4,StrandBias:-0.5,Multiplicity:1.73
0.001	0.001	0.001	0.997
0.001	0.001	0.001	0.997
0.001	0.001	0.001	0.997
0.920	0.001	0.078	0.001
0.001	0.997	0.001	0.001
0.997	0.001	0.001	0.001
0.001	0.001	0.001	0.997
0.001	0.248	0.001	0.750
>TTCCTCTG	15-TTCCTCTG	8.969199	-24.469375	0	T:11.0(100.00%),B:1.8(3.45%),P:1e-10	Tpos:230.5,Tstd:104.9,Bpos:322.7,Bstd:125.5,StrandBias:-0.3,Multiplicity:1.00
0.134	0.001	0.001	0.864
0.087	0.001	0.001	0.911
0.001	0.997	0.001	0.001
0.001	0.997	0.001	0.001
0.001	0.001	0.001	0.997
0.001	0.997	0.001	0.001
0.001	0.001	0.001	0.997
0.001	0.001	0.997	0.001
>TAAACAAA	16-TAAACAAA	5.181188	-24.469375	0	T:11.0(100.00%),B:1.8(3.59%),P:1e-10	Tpos:261.9,Tstd:99.1,Bpos:226.6,Bstd:57.0,StrandBias:1.6,Multiplicity:1.20
0.001	0.001	0.001	0.997
0.775	0.223	0.001	0.001
0.611	0.001	0.387	0.001
0.997	0.001	0.001	0.001
0.001	0.997	0.001	0.001
0.611	0.001	0.387	0.001
0.997	0.001	0.001	0.001
0.965	0.033	0.001	0.001
>CTGGTACA	17-CTGGTACA	8.324296	-24.469375	0	T:11.0(100.00%),B:1.9(3.78%),P:1e-10	Tpos:368.6,Tstd:89.9,Bpos:242.0,Bstd:117.6,StrandBias:-10.0,Multiplicity:1.00
0.001	0.840	0.001	0.158
0.001	0.001	0.001	0.997
0.004	0.001	0.994	0.001
0.001	0.001	0.997	0.001
0.412	0.001	0.023	0.564
0.997	0.001	0.001	0.001
0.014	0.984	0.001	0.001
0.997	0.001	0.001	0.001
>GGACCSTG	18-GGACCSTG	7.739298	-21.057127	0	T:11.0(100.00%),B:3.2(6.24%),P:1e-9	Tpos:80.3,Tstd:76.6,Bpos:123.9,Bstd:90.4,StrandBias:10.0,Multiplicity:1.45
0.001	0.127	0.745	0.127
0.001	0.001	0.997	0.001
0.952	0.001	0.046	0.001
0.127	0.673	0.013	0.187
0.001	0.685	0.127	0.187
0.001	0.453	0.545	0.001
0.001	0.001	0.001	0.997
0.001	0.001	0.872	0.126
>CCCYCCTG	19-CCCYCCTG	8.313941	-21.057127	0	T:11.0(100.00%),B:3.0(5.89%),P:1e-9	Tpos:170.1,Tstd:40.5,Bpos:166.6,Bstd:154.1,StrandBias:3.0,Multiplicity:1.55
0.001	0.997	0.001	0.001
0.001	0.997	0.001	0.001
0.001	0.832	0.001	0.166
0.001	0.449	0.001	0.549
0.001	0.707	0.291	0.001
0.001	0.997	0.001	0.001
0.001	0.001	0.001	0.997
0.001	0.020	0.978	0.001
>ATGTAGGC	20-ATGTAGGC	8.428092	-18.848974	0	T:10.0(90.91%),B:2.7(5.25%),P:1e-8	Tpos:235.1,Tstd:126.7,Bpos:264.3,Bstd:129.2,StrandBias:-1.3,Multiplicity:1.40
0.997	0.001	0.001	0.001
0.374	0.001	0.001	0.624
0.145	0.001	0.853	0.001
0.001	0.145	0.001	0.853
0.997	0.001	0.001	0.001
0.001	0.001	0.633	0.365
0.145	0.145	0.709	0.001
0.001	0.997	0.001	0.001
>MTGCATCC	21-MTGCATCC	6.580936	-16.586305	0	T:11.0(100.00%),B:7.7(15.02%),P:1e-7	Tpos:147.9,Tstd:78.4,Bpos:266.5,Bstd:174.2,StrandBias:1.4,Multiplicity:1.80
0.472	0.467	0.060	0.001
0.005	0.001	0.001	0.993
0.233	0.001	0.765	0.001
0.001	0.903	0.048	0.048
0.631	0.001	0.367	0.001
0.319	0.001	0.018	0.662
0.073	0.925	0.001	0.001
0.001	0.692	0.074	0.233
>AYCTCAAC	22-AYCTCAAC	8.635667	-14.214482	0	T:7.0(63.64%),B:0.4(0.82%),P:1e-6	Tpos:59.7,Tstd:0.7,Bpos:142.0,Bstd:0.0,StrandBias:10.0,Multiplicity:1.00
0.618	0.001	0.154	0.227
0.211	0.329	0.001	0.459
0.118	0.670	0.211	0.001
0.001	0.001	0.001	0.997
0.154	0.765	0.080	0.001
0.739	0.049	0.211	0.001
0.844	0.001	0.001	0.154
0.001	0.950	0.001	0.048
>TTCACAGA	23-TTCACAGA	7.625481	-13.295504	0	T:9.0(81.82%),B:4.6(8.87%),P:1e-5	Tpos:261.1,Tstd:130.4,Bpos:190.3,Bstd:51.4,StrandBias:-1.2,Multiplicity:1.44
0.001	0.006	0.110	0.883
0.110	0.001	0.365	0.524
0.001	0.932	0.001	0.066
0.517	0.210	0.272	0.001
0.001	0.834	0.098	0.067
0.956	0.001	0.001	0.042
0.375	0.001	0.557	0.067
0.862	0.136	0.001	0.001
>CTACGTGC	24-CTACGTGC	8.236954	-9.932276	0	T:6.0(54.55%),B:1.9(3.79%),P:1e-4	Tpos:168.2,Tstd:111.5,Bpos:112.0,Bstd:0.0,StrandBias:-0.3,Multiplicity:1.83
0.100	0.700	0.100	0.100
0.100	0.100	0.100	0.700
0.700	0.100	0.100	0.100
0.100	0.700	0.100	0.100
0.100	0.100	0.700	0.100
0.100	0.100	0.100	0.700
0.100	0.100	0.700	0.100
0.100	0.700	0.100	0.100
>CCGGGCCG	25-CCGGGCCG	8.426109	-9.932276	0	T:6.0(54.55%),B:1.5(2.83%),P:1e-4	Tpos:117.9,Tstd:14.4,Bpos:208.6,Bstd:104.2,StrandBias:0.3,Multiplicity:1.50
0.235	0.461	0.304	0.001
0.001	0.773	0.001	0.225
0.001	0.001	0.997	0.001
0.054	0.155	0.790	0.001
0.055	0.251	0.484	0.210
0.001	0.827	0.001	0.171
0.001	0.997	0.001	0.001
0.002	0.001	0.943	0.054
