>CAGGSTTTGTTC	1-CAGGSTTTGTTC	11.635565	-168.103710	0	T:68.0(100.00%),B:0.0(0.00%),P:1e-73	Tpos:104.2,Tstd:89.6,Bpos:0.0,Bstd:0.0,StrandBias:-0.1,Multiplicity:1.94
0.001	0.616	0.001	0.382
0.986	0.001	0.012	0.001
0.001	0.001	0.997	0.001
0.001	0.001	0.779	0.219
0.001	0.397	0.382	0.220
0.001	0.382	0.001	0.616
0.001	0.001	0.001	0.997
0.001	0.001	0.001	0.997
0.001	0.001	0.616	0.382
0.001	0.001	0.001	0.997
0.001	0.382	0.001	0.616
0.001	0.997	0.001	0.001
>RYWGGGGCCCCW	2-RYWGGGGCCCCW	13.998584	-168.103710	0	T:68.0(100.00%),B:0.0(0.00%),P:1e-73	Tpos:486.0,Tstd:0.0,Bpos:0.0,Bstd:0.0,StrandBias:-10.0,Multiplicity:1.00
0.456	0.001	0.542	0.001
0.001	0.549	0.001	0.449
0.542	0.001	0.001	0.456
0.001	0.001	0.997	0.001
0.001	0.001	0.994	0.004
0.001	0.001	0.997	0.001
0.001	0.001	0.997	0.001
0.001	0.997	0.001	0.001
0.001	0.997	0.001	0.001
0.001	0.997	0.001	0.001
0.001	0.997	0.001	0.001
0.542	0.001	0.001	0.456
>CCCCAGGCACCA	3-CCCCAGGCACCA	11.861206	-168.103710	0	T:68.0(100.00%),B:0.0(0.00%),P:1e-73	Tpos:182.9,Tstd:0.5,Bpos:0.0,Bstd:0.0,StrandBias:-10.0,Multiplicity:1.00
0.352	0.646	0.001	0.001
0.314	0.647	0.001	0.038
0.001	0.997	0.001	0.001
0.001	0.997	0.001	0.001
0.997	0.001	0.001	0.001
0.314	0.001	0.684	0.001
0.001	0.038	0.647	0.314
0.001	0.997	0.001	0.001
0.873	0.001	0.125	0.001
0.188	0.810	0.001	0.001
0.001	0.997	0.001	0.001
0.997	0.001	0.001	0.001
>YCAASRATCCTY	4-YCAASRATCCTY	10.431512	-168.103710	0	T:68.0(100.00%),B:0.0(0.00%),P:1e-73	Tpos:154.2,Tstd:27.9,Bpos:0.0,Bstd:0.0,StrandBias:-2.5,Multiplicity:1.06
0.001	0.457	0.001	0.541
0.001	0.997	0.001	0.001
0.997	0.001	0.001	0.001
0.644	0.001	0.354	0.001
0.003	0.536	0.460	0.001
0.535	0.001	0.463	0.001
0.819	0.001	0.179	0.001
0.001	0.001	0.001	0.997
0.001	0.997	0.001	0.001
0.001	0.720	0.001	0.278
0.001	0.003	0.001	0.995
0.001	0.535	0.001	0.463
>ACTGCTGCTCCT	5-ACTGCTGCTCCT	10.421149	-168.103710	0	T:68.0(100.00%),B:0.0(0.00%),P:1e-73	Tpos:422.4,Tstd:18.0,Bpos:0.0,Bstd:0.0,StrandBias:10.0,Multiplicity:1.96
0.997	0.001	0.001	0.001
0.001	0.997	0.001	0.001
0.001	0.001	0.277	0.721
0.001	0.001	0.997	0.001
0.001	0.631	0.001	0.367
0.001	0.001	0.088	0.910
0.001	0.001	0.997	0.001
0.001	0.997	0.001	0.001
0.081	0.088	0.001	0.830
0.001	0.997	0.001	0.001
0.001	0.997	0.001	0.001
0.001	0.001	0.001	0.997
>GCAACCCATGGG	6-GCAACCCATGGG	11.063668	-168.103710	0	T:68.0(100.00%),B:0.0(0.00%),P:1e-73	Tpos:37.0,Tstd:25.2,Bpos:0.0,Bstd:0.0,StrandBias:10.0,Multiplicity:1.01
0.001	0.001	0.618	0.380
0.001	0.618	0.001	0.380
0.927	0.001	0.071	0.001
0.997	0.001	0.001	0.001
0.001	0.618	0.380	0.001
0.001	0.997	0.001	0.001
0.001	0.997	0.001	0.001
0.997	0.001	0.001	0.001
0.001	0.001	0.001	0.997
0.001	0.001	0.997	0.001
0.001	0.001	0.997	0.001
0.001	0.001	0.997	0.001
>CCAATCCAACCA	7-CCAATCCAACCA	9.207933	-168.103710	0	T:68.0(100.00%),B:0.6(0.22%),P:1e-73	Tpos:49.6,Tstd:13.8,Bpos:212.0,Bstd:0.0,StrandBias:10.0,Multiplicity:1.01
0.001	0.997	0.001	0.001
0.001	0.997	0.001	0.001
0.997	0.001	0.001	0.001
0.997	0.001	0.001	0.001
0.001	0.001	0.001	0.997
0.001	0.997	0.001	0.001
0.380	0.618	0.001	0.001
0.703	0.007	0.289	0.001
0.997	0.001	0.001	0.001
0.001	0.618	0.380	0.001
0.001	0.992	0.001	0.006
0.997	0.001	0.001	0.001
>CTCGCAAAAAGG	8-CTCGCAAAAAGG	7.299686	-168.103710	0	T:68.0(100.00%),B:0.8(0.28%),P:1e-73	Tpos:288.1,Tstd:0.4,Bpos:30.0,Bstd:0.0,StrandBias:10.0,Multiplicity:1.00
0.001	0.997	0.001	0.001
0.001	0.001	0.356	0.642
0.001	0.997	0.001	0.001
0.356	0.001	0.642	0.001
0.356	0.642	0.001	0.001
0.997	0.001	0.001	0.001
0.997	0.001	0.001	0.001
0.821	0.001	0.177	0.001
0.997	0.001	0.001	0.001
0.642	0.001	0.356	0.001
0.356	0.001	0.642	0.001
0.001	0.001	0.997	0.001
>CWKCCTCAARYR	9-CWKCCTCAARYR	12.570743	-168.103710	0	T:68.0(100.00%),B:0.0(0.00%),P:1e-73	Tpos:397.5,Tstd:56.0,Bpos:0.0,Bstd:0.0,StrandBias:10.0,Multiplicity:1.81
0.001	0.997	0.001	0.001
0.574	0.001	0.001	0.424
0.001	0.001	0.556	0.442
0.001	0.997	0.001	0.001
0.001	0.997	0.001	0.001
0.131	0.018	0.001	0.850
0.001	0.997	0.001	0.001
0.868	0.130	0.001	0.001
0.997	0.001	0.001	0.001
0.442	0.001	0.556	0.001
0.001	0.424	0.001	0.574
0.425	0.131	0.443	0.001
>GCGAAGTAGGTC	10-GCGAAGTAGGTC	9.248684	-168.103710	0	T:68.0(100.00%),B:0.0(0.00%),P:1e-73	Tpos:416.0,Tstd:0.0,Bpos:0.0,Bstd:0.0,StrandBias:-10.0,Multiplicity:1.00
0.001	0.018	0.944	0.037
0.001	0.973	0.001	0.025
0.025	0.041	0.933	0.001
0.973	0.025	0.001	0.001
0.997	0.001	0.001	0.001
0.001	0.001	0.980	0.018
0.001	0.029	0.001	0.969
0.944	0.018	0.037	0.001
0.001	0.037	0.961	0.001
0.001	0.001	0.913	0.085
0.001	0.001	0.001	0.997
0.001	0.913	0.085	0.001
>CAAATCCGTTGG	11-CAAATCCGTTGG	8.562045	-168.103710	0	T:68.0(100.00%),B:0.0(0.00%),P:1e-73	Tpos:347.6,Tstd:48.8,Bpos:0.0,Bstd:0.0,StrandBias:10.0,Multiplicity:1.03
0.006	0.992	0.001	0.001
0.625	0.373	0.001	0.001
0.997	0.001	0.001	0.001
0.997	0.001	0.001	0.001
0.001	0.001	0.380	0.618
0.001	0.997	0.001	0.001
0.380	0.618	0.001	0.001
0.001	0.013	0.985	0.001
0.001	0.001	0.001	0.997
0.001	0.001	0.001	0.997
0.001	0.001	0.997	0.001
0.001	0.001	0.997	0.001
>AGCCACCAGTCC	12-AGCCACCAGTCC	5.249177	-168.103710	0	T:68.0(100.00%),B:0.9(0.33%),P:1e-73	Tpos:265.9,Tstd:99.0,Bpos:132.5,Bstd:18.6,StrandBias:10.0,Multiplicity:1.91
0.997	0.001	0.001	0.001
0.001	0.001	0.997	0.001
0.098	0.900	0.001	0.001
0.001	0.937	0.001	0.061
0.997	0.001	0.001	0.001
0.061	0.901	0.037	0.001
0.037	0.961	0.001	0.001
0.938	0.060	0.001	0.001
0.001	0.001	0.997	0.001
0.001	0.001	0.001	0.997
0.098	0.900	0.001	0.001
0.001	0.997	0.001	0.001
>GTTCGCRTTACC	13-GTTCGCRTTACC	8.628440	-168.103710	0	T:68.0(100.00%),B:0.4(0.16%),P:1e-73	Tpos:329.0,Tstd:0.0,Bpos:384.0,Bstd:0.0,StrandBias:10.0,Multiplicity:1.00
0.001	0.001	0.997	0.001
0.001	0.001	0.001	0.997
0.001	0.018	0.001	0.980
0.001	0.997	0.001	0.001
0.001	0.001	0.997	0.001
0.382	0.560	0.039	0.019
0.520	0.001	0.478	0.001
0.001	0.001	0.001	0.997
0.001	0.001	0.018	0.980
0.997	0.001	0.001	0.001
0.001	0.997	0.001	0.001
0.019	0.765	0.197	0.019
>TTTTYTCCTCST	14-TTTTYTCCTCST	7.612136	-163.869604	0	T:68.0(100.00%),B:1.5(0.54%),P:1e-71	Tpos:384.0,Tstd:75.1,Bpos:92.1,Bstd:62.3,StrandBias:10.0,Multiplicity:2.96
0.001	0.004	0.001	0.994
0.001	0.187	0.001	0.811
0.281	0.001	0.182	0.536
0.022	0.021	0.001	0.956
0.001	0.463	0.001	0.535
0.001	0.001	0.001	0.997
0.001	0.768	0.001	0.230
0.001	0.997	0.001	0.001
0.001	0.001	0.177	0.821
0.001	0.735	0.001	0.263
0.001	0.458	0.540	0.001
0.001	0.005	0.177	0.817
>CVGTCACCAHCC	15-CVGTCACCAHCC	10.320014	-163.869604	0	T:68.0(100.00%),B:1.1(0.41%),P:1e-71	Tpos:156.8,Tstd:70.5,Bpos:253.9,Bstd:31.2,StrandBias:1.2,Multiplicity:2.74
0.001	0.624	0.001	0.374
0.329	0.350	0.314	0.007
0.347	0.007	0.645	0.001
0.310	0.001	0.007	0.682
0.001	0.997	0.001	0.001
0.968	0.014	0.017	0.001
0.024	0.974	0.001	0.001
0.388	0.610	0.001	0.001
0.985	0.001	0.013	0.001
0.300	0.310	0.001	0.389
0.001	0.685	0.088	0.226
0.001	0.642	0.001	0.356
>AGTTWCGCAACC	16-AGTTWCGCAACC	6.971611	-163.869604	0	T:68.0(100.00%),B:1.4(0.50%),P:1e-71	Tpos:275.4,Tstd:44.0,Bpos:288.7,Bstd:59.2,StrandBias:0.8,Multiplicity:1.69
0.585	0.413	0.001	0.001
0.001	0.001	0.997	0.001
0.001	0.001	0.001	0.997
0.419	0.001	0.001	0.579
0.426	0.001	0.001	0.572
0.001	0.997	0.001	0.001
0.001	0.001	0.997	0.001
0.001	0.997	0.001	0.001
0.579	0.001	0.419	0.001
0.993	0.004	0.001	0.002
0.419	0.579	0.001	0.001
0.001	0.997	0.001	0.001
>TTTGGGGYTTTY	17-TTTGGGGYTTTY	10.020480	-162.479693	0	T:67.0(98.53%),B:0.7(0.26%),P:1e-70	Tpos:123.3,Tstd:68.7,Bpos:233.9,Bstd:24.0,StrandBias:10.0,Multiplicity:2.34
0.294	0.007	0.065	0.634
0.001	0.006	0.001	0.992
0.007	0.001	0.367	0.625
0.001	0.007	0.942	0.050
0.007	0.001	0.978	0.014
0.014	0.344	0.641	0.001
0.001	0.007	0.639	0.353
0.042	0.401	0.193	0.363
0.192	0.001	0.001	0.806
0.001	0.401	0.028	0.570
0.007	0.007	0.007	0.979
0.001	0.409	0.035	0.555
>AGGGGATTGTGG	18-AGGGGATTGTGG	10.292956	-162.479693	0	T:67.0(98.53%),B:0.2(0.07%),P:1e-70	Tpos:232.5,Tstd:43.6,Bpos:240.0,Bstd:0.0,StrandBias:2.3,Multiplicity:1.00
0.997	0.001	0.001	0.001
0.001	0.001	0.997	0.001
0.001	0.001	0.997	0.001
0.001	0.001	0.997	0.001
0.001	0.001	0.997	0.001
0.618	0.001	0.380	0.001
0.001	0.286	0.001	0.712
0.001	0.001	0.380	0.618
0.001	0.001	0.997	0.001
0.001	0.001	0.001	0.997
0.001	0.046	0.952	0.001
0.001	0.001	0.618	0.380
>MCCYRRRGGWCY	19-MCCYRRRGGWCY	8.777772	-158.263748	0	T:67.0(98.53%),B:1.1(0.41%),P:1e-68	Tpos:135.6,Tstd:50.0,Bpos:188.7,Bstd:36.1,StrandBias:1.7,Multiplicity:1.82
0.454	0.349	0.093	0.104
0.001	0.947	0.051	0.001
0.398	0.562	0.039	0.001
0.026	0.414	0.052	0.508
0.375	0.105	0.507	0.013
0.532	0.031	0.411	0.026
0.412	0.171	0.390	0.027
0.013	0.014	0.972	0.001
0.013	0.066	0.572	0.349
0.510	0.026	0.079	0.385
0.052	0.814	0.117	0.017
0.052	0.459	0.065	0.424
>GACGGACCCCGC	20-GACGGACCCCGC	8.259940	-157.545219	0	T:66.0(97.06%),B:0.3(0.10%),P:1e-68	Tpos:185.5,Tstd:97.6,Bpos:38.0,Bstd:0.0,StrandBias:10.0,Multiplicity:1.00
0.001	0.001	0.997	0.001
0.997	0.001	0.001	0.001
0.001	0.618	0.380	0.001
0.001	0.001	0.997	0.001
0.001	0.001	0.997	0.001
0.997	0.001	0.001	0.001
0.001	0.997	0.001	0.001
0.001	0.997	0.001	0.001
0.001	0.997	0.001	0.001
0.380	0.618	0.001	0.001
0.380	0.001	0.618	0.001
0.001	0.997	0.001	0.001
>CCCAATGGATTT	21-CCCAATGGATTT	8.836762	-153.347638	0	T:66.0(97.06%),B:1.6(0.57%),P:1e-66	Tpos:106.5,Tstd:25.1,Bpos:369.9,Bstd:46.5,StrandBias:1.6,Multiplicity:1.09
0.236	0.701	0.062	0.001
0.001	0.638	0.001	0.360
0.001	0.618	0.001	0.380
0.638	0.001	0.360	0.001
0.618	0.001	0.380	0.001
0.001	0.001	0.360	0.638
0.001	0.001	0.997	0.001
0.001	0.001	0.997	0.001
0.997	0.001	0.001	0.001
0.001	0.001	0.001	0.997
0.001	0.001	0.001	0.997
0.001	0.001	0.001	0.997
>GTTGGACCCCTC	22-GTTGGACCCCTC	6.438294	-149.066489	0	T:68.0(100.00%),B:6.1(2.21%),P:1e-64	Tpos:142.2,Tstd:146.6,Bpos:256.0,Bstd:92.6,StrandBias:0.2,Multiplicity:1.81
0.155	0.001	0.843	0.001
0.145	0.006	0.001	0.848
0.001	0.001	0.001	0.997
0.017	0.139	0.843	0.001
0.027	0.001	0.823	0.149
0.997	0.001	0.001	0.001
0.001	0.860	0.138	0.001
0.138	0.860	0.001	0.001
0.001	0.997	0.001	0.001
0.001	0.993	0.005	0.001
0.001	0.012	0.001	0.986
0.001	0.816	0.156	0.027
>CATCCAATCACC	23-CATCCAATCACC	9.937156	-148.764124	0	T:64.0(94.12%),B:0.3(0.12%),P:1e-64	Tpos:268.9,Tstd:0.6,Bpos:464.0,Bstd:0.0,StrandBias:10.0,Multiplicity:1.00
0.107	0.640	0.036	0.217
0.569	0.358	0.036	0.037
0.233	0.250	0.071	0.445
0.037	0.856	0.071	0.036
0.036	0.819	0.144	0.001
0.820	0.144	0.035	0.001
0.857	0.071	0.071	0.001
0.179	0.071	0.001	0.749
0.035	0.857	0.001	0.107
0.497	0.323	0.144	0.036
0.178	0.571	0.001	0.250
0.107	0.679	0.107	0.107
>CGCCTCACGGGG	24-CGCCTCACGGGG	12.629934	-61.335267	0	T:33.0(48.53%),B:0.0(0.00%),P:1e-26	Tpos:210.0,Tstd:0.0,Bpos:0.0,Bstd:0.0,StrandBias:10.0,Multiplicity:1.00
0.001	0.997	0.001	0.001
0.001	0.001	0.618	0.380
0.001	0.997	0.001	0.001
0.001	0.997	0.001	0.001
0.001	0.001	0.380	0.618
0.001	0.997	0.001	0.001
0.997	0.001	0.001	0.001
0.001	0.658	0.001	0.340
0.001	0.001	0.997	0.001
0.001	0.001	0.997	0.001
0.380	0.001	0.618	0.001
0.001	0.001	0.997	0.001
