>TGTGCGAAGYBT	8-AVRCTTCGCACA	9.152454	-169.455472	0	T:67.0(98.53%),B:0.0(0.00%),P:1e-73
0.071	0.112	0.280	0.537
0.136	0.096	0.632	0.136
0.012	0.119	0.251	0.618
0.089	0.113	0.715	0.083
0.017	0.521	0.351	0.111
0.241	0.220	0.538	0.001
0.598	0.306	0.084	0.012
0.625	0.109	0.242	0.024
0.082	0.076	0.807	0.035
0.126	0.336	0.189	0.350
0.041	0.330	0.371	0.259
0.101	0.041	0.076	0.782
