>YAGCAGMGCAGG	5-CCTGCKCTGCTR	10.652743	-169.455472	0	T:67.0(98.53%),B:0.8(0.25%),P:1e-73
0.001	0.499	0.001	0.499
0.473	0.273	0.254	0.001
0.206	0.005	0.772	0.017
0.001	0.943	0.055	0.001
0.804	0.194	0.001	0.001
0.248	0.038	0.552	0.162
0.456	0.511	0.022	0.011
0.001	0.001	0.741	0.257
0.001	0.684	0.310	0.005
0.579	0.200	0.220	0.001
0.078	0.252	0.665	0.005
0.001	0.016	0.978	0.005
