>VGCGBGTGTGTC	24-GACACACVCGCB	10.691125	-146.126235	0	T:65.0(95.59%),B:4.9(1.58%),P:1e-63
0.282	0.327	0.372	0.019
0.134	0.013	0.819	0.034
0.013	0.960	0.021	0.006
0.014	0.001	0.972	0.013
0.006	0.354	0.269	0.371
0.001	0.019	0.974	0.006
0.324	0.014	0.001	0.661
0.013	0.025	0.961	0.001
0.365	0.016	0.007	0.612
0.060	0.326	0.576	0.038
0.014	0.277	0.019	0.690
0.269	0.677	0.035	0.019
