>YTCCCATDGGTG	11-YTCCCATDGGTG,BestGuess:SNAI2/MA0745.3/Jaspar(0.693)	9.551901	-169.455472	0	T:67.0(98.53%),B:0.3(0.11%),P:1e-73
0.001	0.362	0.192	0.445
0.007	0.378	0.021	0.594
0.029	0.634	0.329	0.008
0.015	0.571	0.364	0.050
0.021	0.466	0.199	0.314
0.743	0.192	0.050	0.015
0.015	0.400	0.014	0.571
0.371	0.016	0.271	0.342
0.014	0.029	0.943	0.014
0.199	0.130	0.670	0.001
0.022	0.051	0.057	0.870
0.007	0.028	0.765	0.200
