>CAAWAYTSCC	1-CAAWAYTSCC	9.520566	-24.586645	0	T:11.0(100.00%),B:0.0(0.00%),P:1e-10	Tpos:376.2,Tstd:124.7,Bpos:0.0,Bstd:0.0,StrandBias:0.0,Multiplicity:1.27
0.001	0.984	0.014	0.001
0.997	0.001	0.001	0.001
0.527	0.001	0.095	0.377
0.471	0.001	0.001	0.527
0.936	0.001	0.001	0.062
0.001	0.496	0.001	0.502
0.001	0.001	0.001	0.997
0.001	0.424	0.574	0.001
0.001	0.621	0.001	0.377
0.001	0.997	0.001	0.001
>CCACCTCAAC	2-CCACCTCAAC	8.479309	-24.586645	0	T:11.0(100.00%),B:0.0(0.00%),P:1e-10	Tpos:237.2,Tstd:43.9,Bpos:0.0,Bstd:0.0,StrandBias:10.0,Multiplicity:1.09
0.001	0.946	0.001	0.052
0.054	0.752	0.081	0.113
0.775	0.145	0.079	0.001
0.001	0.663	0.335	0.001
0.107	0.637	0.004	0.252
0.027	0.276	0.081	0.616
0.001	0.864	0.134	0.001
0.527	0.110	0.168	0.195
0.536	0.248	0.135	0.081
0.110	0.701	0.162	0.027
>GTGGGAACAG	3-GTGGGAACAG	7.764709	-24.586645	0	T:11.0(100.00%),B:0.6(1.41%),P:1e-10	Tpos:160.8,Tstd:147.9,Bpos:410.9,Bstd:27.2,StrandBias:1.2,Multiplicity:2.09
0.001	0.177	0.579	0.243
0.001	0.001	0.242	0.756
0.001	0.001	0.997	0.001
0.001	0.001	0.997	0.001
0.001	0.001	0.997	0.001
0.735	0.001	0.243	0.021
0.578	0.420	0.001	0.001
0.055	0.943	0.001	0.001
0.821	0.177	0.001	0.001
0.270	0.001	0.486	0.243
>GGAGATTGCC	4-GGAGATTGCC	6.841874	-24.586645	0	T:11.0(100.00%),B:0.6(1.49%),P:1e-10	Tpos:336.1,Tstd:125.4,Bpos:147.3,Bstd:12.2,StrandBias:-0.4,Multiplicity:2.09
0.087	0.028	0.738	0.147
0.231	0.001	0.741	0.027
0.859	0.056	0.001	0.084
0.001	0.001	0.997	0.001
0.624	0.028	0.144	0.204
0.235	0.112	0.012	0.641
0.001	0.011	0.231	0.757
0.176	0.147	0.537	0.140
0.001	0.562	0.293	0.144
0.233	0.569	0.170	0.028
>ACTCTCCCAG	5-ACTCTCCCAG	5.146102	-24.586645	0	T:11.0(100.00%),B:0.5(1.23%),P:1e-10	Tpos:358.1,Tstd:90.7,Bpos:305.9,Bstd:49.3,StrandBias:1.9,Multiplicity:2.00
0.407	0.244	0.099	0.249
0.170	0.455	0.200	0.174
0.122	0.250	0.094	0.534
0.085	0.592	0.150	0.173
0.147	0.257	0.113	0.483
0.082	0.609	0.148	0.161
0.100	0.597	0.110	0.193
0.211	0.540	0.124	0.125
0.416	0.177	0.157	0.250
0.216	0.211	0.370	0.203
>YTGKGTCCCC	6-YTGKGTCCCC	8.564793	-24.586645	0	T:11.0(100.00%),B:0.0(0.00%),P:1e-10	Tpos:365.1,Tstd:155.8,Bpos:0.0,Bstd:0.0,StrandBias:-3.3,Multiplicity:1.00
0.001	0.572	0.001	0.426
0.232	0.233	0.054	0.482
0.001	0.341	0.539	0.119
0.001	0.002	0.549	0.448
0.001	0.002	0.989	0.008
0.121	0.054	0.287	0.538
0.285	0.661	0.053	0.001
0.001	0.997	0.001	0.001
0.001	0.978	0.001	0.020
0.240	0.652	0.001	0.107
>GGTGGARTCC	7-GGTGGARTCC	11.651055	-20.873073	0	T:10.0(90.91%),B:0.0(0.00%),P:1e-9	Tpos:199.0,Tstd:69.4,Bpos:0.0,Bstd:0.0,StrandBias:-10.0,Multiplicity:1.40
0.114	0.001	0.884	0.001
0.001	0.133	0.865	0.001
0.309	0.001	0.001	0.689
0.001	0.001	0.997	0.001
0.001	0.001	0.997	0.001
0.997	0.001	0.001	0.001
0.371	0.115	0.513	0.001
0.001	0.001	0.001	0.997
0.001	0.997	0.001	0.001
0.001	0.917	0.001	0.081
>TTYTTCCAAG	8-TTYTTCCAAG	9.084428	-20.873073	0	T:10.0(90.91%),B:0.0(0.00%),P:1e-9	Tpos:277.7,Tstd:129.2,Bpos:0.0,Bstd:0.0,StrandBias:0.3,Multiplicity:1.80
0.001	0.001	0.329	0.669
0.001	0.001	0.138	0.860
0.001	0.460	0.001	0.538
0.001	0.001	0.001	0.997
0.204	0.001	0.001	0.794
0.001	0.684	0.314	0.001
0.314	0.684	0.001	0.001
0.997	0.001	0.001	0.001
0.584	0.001	0.414	0.001
0.001	0.001	0.997	0.001
>GCATCCAGCC	9-GCATCCAGCC	7.005447	-20.873073	0	T:10.0(90.91%),B:0.3(0.73%),P:1e-9	Tpos:172.6,Tstd:102.0,Bpos:345.0,Bstd:0.0,StrandBias:1.8,Multiplicity:1.80
0.112	0.073	0.706	0.109
0.330	0.634	0.001	0.035
0.567	0.106	0.144	0.183
0.193	0.038	0.038	0.731
0.035	0.858	0.071	0.036
0.035	0.929	0.035	0.001
0.815	0.002	0.001	0.182
0.147	0.112	0.668	0.073
0.185	0.565	0.071	0.179
0.255	0.552	0.114	0.079
>AGGGTCCAAA	10-AGGGTCCAAA	11.109193	-20.873073	0	T:10.0(90.91%),B:0.0(0.00%),P:1e-9	Tpos:266.9,Tstd:65.0,Bpos:0.0,Bstd:0.0,StrandBias:0.8,Multiplicity:1.10
0.605	0.001	0.001	0.393
0.001	0.001	0.997	0.001
0.001	0.001	0.997	0.001
0.001	0.001	0.997	0.001
0.001	0.001	0.001	0.997
0.228	0.605	0.001	0.166
0.001	0.997	0.001	0.001
0.997	0.001	0.001	0.001
0.997	0.001	0.001	0.001
0.997	0.001	0.001	0.001
>GAGAGAGMGA	11-GAGAGAGMGA	8.174794	-17.828551	0	T:9.0(81.82%),B:0.6(1.49%),P:1e-7	Tpos:316.8,Tstd:115.8,Bpos:84.0,Bstd:0.0,StrandBias:10.0,Multiplicity:1.00
0.129	0.009	0.861	0.001
0.550	0.320	0.129	0.001
0.258	0.001	0.740	0.001
0.580	0.265	0.154	0.001
0.128	0.001	0.870	0.001
0.706	0.002	0.291	0.001
0.022	0.001	0.976	0.001
0.399	0.393	0.207	0.001
0.131	0.001	0.867	0.001
0.734	0.001	0.264	0.001
>AGGGGAGATC	12-AGGGGAGATC	6.810562	-12.768067	0	T:7.0(63.64%),B:0.0(0.00%),P:1e-5	Tpos:374.7,Tstd:54.7,Bpos:0.0,Bstd:0.0,StrandBias:0.4,Multiplicity:2.33
0.887	0.001	0.111	0.001
0.111	0.001	0.887	0.001
0.001	0.001	0.887	0.111
0.001	0.001	0.997	0.001
0.001	0.001	0.997	0.001
0.647	0.001	0.351	0.001
0.001	0.351	0.647	0.001
0.703	0.001	0.001	0.295
0.001	0.001	0.001	0.997
0.351	0.647	0.001	0.001
>CAAGTCCATC	13-CAAGTCCATC	8.538736	-12.768067	0	T:7.0(63.64%),B:0.4(1.09%),P:1e-5	Tpos:220.7,Tstd:202.9,Bpos:238.0,Bstd:0.0,StrandBias:-0.4,Multiplicity:1.00
0.001	0.997	0.001	0.001
0.997	0.001	0.001	0.001
0.734	0.001	0.264	0.001
0.129	0.264	0.606	0.001
0.001	0.129	0.239	0.631
0.001	0.997	0.001	0.001
0.001	0.997	0.001	0.001
0.997	0.001	0.001	0.001
0.146	0.001	0.001	0.852
0.132	0.844	0.023	0.001
>AATACTGCCTCA	1-AATACTGCCTCA	9.622628	-24.586645	0	T:11.0(100.00%),B:0.0(0.00%),P:1e-10	Tpos:446.0,Tstd:0.0,Bpos:0.0,Bstd:0.0,StrandBias:10.0,Multiplicity:1.00
0.671	0.111	0.217	0.001
0.514	0.190	0.151	0.145
0.111	0.151	0.001	0.737
0.633	0.190	0.035	0.142
0.145	0.746	0.001	0.108
0.217	0.186	0.001	0.596
0.151	0.150	0.443	0.256
0.001	0.819	0.035	0.145
0.076	0.918	0.001	0.005
0.001	0.286	0.001	0.712
0.107	0.748	0.035	0.110
0.490	0.295	0.110	0.105
>ACAGAACWYCAC	2-ACAGAACWYCAC	8.835657	-24.586645	0	T:11.0(100.00%),B:0.0(0.00%),P:1e-10	Tpos:228.7,Tstd:86.1,Bpos:0.0,Bstd:0.0,StrandBias:10.0,Multiplicity:1.64
0.693	0.235	0.001	0.071
0.001	0.632	0.296	0.071
0.857	0.071	0.001	0.071
0.296	0.001	0.460	0.242
0.925	0.001	0.073	0.001
0.764	0.071	0.001	0.164
0.367	0.631	0.001	0.001
0.460	0.071	0.001	0.468
0.001	0.414	0.071	0.514
0.001	0.702	0.296	0.001
0.605	0.026	0.001	0.368
0.001	0.904	0.071	0.024
>RGGGRGGADACC	3-RGGGRGGADACC	9.495393	-22.101738	0	T:11.0(100.00%),B:1.4(3.57%),P:1e-9	Tpos:233.1,Tstd:127.4,Bpos:273.6,Bstd:62.0,StrandBias:-0.4,Multiplicity:2.91
0.391	0.001	0.425	0.183
0.245	0.001	0.753	0.001
0.058	0.001	0.882	0.059
0.001	0.182	0.816	0.001
0.449	0.001	0.487	0.063
0.001	0.001	0.997	0.001
0.240	0.001	0.758	0.001
0.997	0.001	0.001	0.001
0.370	0.001	0.327	0.302
0.611	0.058	0.001	0.330
0.057	0.941	0.001	0.001
0.001	0.631	0.001	0.367
>GSGGAGWTYCMC	4-GSGGAGWTYCMC	9.684463	-20.873073	0	T:10.0(90.91%),B:0.0(0.00%),P:1e-9	Tpos:228.6,Tstd:192.1,Bpos:0.0,Bstd:0.0,StrandBias:0.8,Multiplicity:2.20
0.001	0.001	0.997	0.001
0.001	0.551	0.447	0.001
0.001	0.001	0.600	0.398
0.398	0.001	0.600	0.001
0.924	0.001	0.001	0.074
0.001	0.371	0.627	0.001
0.480	0.042	0.001	0.477
0.001	0.041	0.001	0.957
0.001	0.482	0.001	0.516
0.001	0.557	0.367	0.075
0.324	0.399	0.076	0.201
0.001	0.997	0.001	0.001
>GCCACTGGRGCA	5-GCCACTGGRGCA	8.159289	-20.873073	0	T:10.0(90.91%),B:0.5(1.23%),P:1e-9	Tpos:109.3,Tstd:50.2,Bpos:117.2,Bstd:41.1,StrandBias:1.3,Multiplicity:1.00
0.111	0.001	0.887	0.001
0.001	0.997	0.001	0.001
0.230	0.763	0.001	0.006
0.769	0.229	0.001	0.001
0.229	0.769	0.001	0.001
0.230	0.120	0.065	0.585
0.001	0.112	0.657	0.230
0.001	0.112	0.584	0.303
0.417	0.001	0.352	0.230
0.001	0.001	0.887	0.111
0.353	0.645	0.001	0.001
0.935	0.063	0.001	0.001
>TGGGGWCCMDGT	6-TGGGGWCCMDGT	8.985722	-20.229936	0	T:11.0(100.00%),B:2.1(5.24%),P:1e-8	Tpos:267.5,Tstd:183.0,Bpos:133.0,Bstd:0.0,StrandBias:-0.5,Multiplicity:1.55
0.002	0.206	0.201	0.591
0.001	0.001	0.852	0.146
0.001	0.001	0.900	0.098
0.001	0.046	0.948	0.005
0.194	0.001	0.568	0.237
0.437	0.256	0.008	0.299
0.161	0.837	0.001	0.001
0.001	0.953	0.001	0.045
0.448	0.405	0.001	0.146
0.356	0.001	0.391	0.253
0.148	0.001	0.504	0.347
0.146	0.104	0.093	0.657
>GACTGGGA	1-GACTGGGA	10.480898	-24.586645	0	T:11.0(100.00%),B:0.0(0.00%),P:1e-10	Tpos:299.2,Tstd:133.5,Bpos:0.0,Bstd:0.0,StrandBias:-0.3,Multiplicity:1.00
0.254	0.001	0.744	0.001
0.997	0.001	0.001	0.001
0.001	0.997	0.001	0.001
0.001	0.001	0.001	0.997
0.001	0.001	0.997	0.001
0.001	0.001	0.997	0.001
0.001	0.001	0.997	0.001
0.744	0.001	0.254	0.001
>AGGAAGCC	2-AGGAAGCC	8.129462	-24.586645	0	T:11.0(100.00%),B:0.6(1.39%),P:1e-10	Tpos:202.1,Tstd:100.8,Bpos:162.0,Bstd:0.0,StrandBias:0.2,Multiplicity:1.36
0.633	0.001	0.001	0.365
0.001	0.001	0.997	0.001
0.001	0.001	0.997	0.001
0.997	0.001	0.001	0.001
0.935	0.001	0.001	0.063
0.001	0.001	0.844	0.154
0.001	0.997	0.001	0.001
0.001	0.997	0.001	0.001
>TCATCCAG	3-TCATCCAG	7.104051	-24.586645	0	T:11.0(100.00%),B:0.3(0.65%),P:1e-10	Tpos:205.1,Tstd:121.5,Bpos:164.0,Bstd:0.0,StrandBias:0.8,Multiplicity:2.00
0.256	0.001	0.138	0.605
0.001	0.997	0.001	0.001
0.997	0.001	0.001	0.001
0.001	0.001	0.137	0.861
0.001	0.997	0.001	0.001
0.001	0.997	0.001	0.001
0.997	0.001	0.001	0.001
0.001	0.001	0.997	0.001
>ACAKAACT	4-ACAKAACT	9.307124	-24.586645	0	T:11.0(100.00%),B:0.4(0.89%),P:1e-10	Tpos:291.2,Tstd:51.7,Bpos:355.0,Bstd:0.0,StrandBias:10.0,Multiplicity:1.36
0.997	0.001	0.001	0.001
0.001	0.997	0.001	0.001
0.997	0.001	0.001	0.001
0.001	0.001	0.563	0.435
0.694	0.001	0.304	0.001
0.997	0.001	0.001	0.001
0.001	0.997	0.001	0.001
0.001	0.001	0.001	0.997
>TTTGAACC	5-TTTGAACC	7.132384	-24.586645	0	T:11.0(100.00%),B:0.9(2.23%),P:1e-10	Tpos:243.4,Tstd:79.9,Bpos:301.0,Bstd:104.4,StrandBias:-0.5,Multiplicity:1.55
0.001	0.001	0.001	0.997
0.001	0.176	0.001	0.822
0.001	0.001	0.001	0.997
0.001	0.001	0.997	0.001
0.626	0.001	0.001	0.372
0.822	0.176	0.001	0.001
0.001	0.997	0.001	0.001
0.001	0.997	0.001	0.001
>ACTTGAGG	6-ACTTGAGG	7.302559	-22.101738	0	T:11.0(100.00%),B:1.9(4.62%),P:1e-9	Tpos:202.4,Tstd:189.0,Bpos:286.9,Bstd:86.8,StrandBias:-0.2,Multiplicity:1.36
0.997	0.001	0.001	0.001
0.136	0.619	0.006	0.239
0.001	0.134	0.001	0.864
0.001	0.001	0.001	0.997
0.381	0.001	0.617	0.001
0.606	0.148	0.001	0.245
0.238	0.001	0.760	0.001
0.001	0.001	0.994	0.004
>TTGAGCYG	7-TTGAGCYG	7.764073	-22.101738	0	T:11.0(100.00%),B:1.2(2.94%),P:1e-9	Tpos:179.4,Tstd:99.5,Bpos:182.2,Bstd:37.1,StrandBias:-1.9,Multiplicity:1.73
0.001	0.001	0.001	0.997
0.001	0.001	0.182	0.816
0.001	0.001	0.997	0.001
0.997	0.001	0.001	0.001
0.111	0.001	0.777	0.111
0.001	0.772	0.226	0.001
0.001	0.478	0.001	0.520
0.001	0.001	0.997	0.001
>TTATKGGA	8-TTATKGGA	7.736159	-22.101738	0	T:11.0(100.00%),B:1.0(2.57%),P:1e-9	Tpos:69.6,Tstd:55.1,Bpos:95.0,Bstd:0.0,StrandBias:2.9,Multiplicity:1.55
0.001	0.001	0.001	0.997
0.001	0.001	0.001	0.997
0.915	0.001	0.001	0.083
0.001	0.001	0.001	0.997
0.001	0.001	0.467	0.531
0.001	0.001	0.997	0.001
0.001	0.001	0.997	0.001
0.915	0.001	0.083	0.001
>GAGATTGG	9-GAGATTGG	10.463046	-20.873073	0	T:10.0(90.91%),B:0.0(0.00%),P:1e-9	Tpos:352.5,Tstd:124.5,Bpos:0.0,Bstd:0.0,StrandBias:0.0,Multiplicity:1.00
0.300	0.001	0.698	0.001
0.997	0.001	0.001	0.001
0.001	0.001	0.997	0.001
0.997	0.001	0.001	0.001
0.001	0.001	0.001	0.997
0.001	0.001	0.001	0.997
0.001	0.001	0.997	0.001
0.001	0.219	0.779	0.001
>CCCCACCA	10-CCCCACCA	9.720550	-20.873073	0	T:10.0(90.91%),B:0.6(1.41%),P:1e-9	Tpos:286.9,Tstd:105.3,Bpos:238.0,Bstd:0.0,StrandBias:0.2,Multiplicity:1.30
0.001	0.997	0.001	0.001
0.001	0.997	0.001	0.001
0.001	0.997	0.001	0.001
0.001	0.997	0.001	0.001
0.908	0.001	0.001	0.090
0.001	0.713	0.285	0.001
0.001	0.997	0.001	0.001
0.997	0.001	0.001	0.001
>ACATCCTC	11-ACATCCTC	8.108879	-18.689491	0	T:11.0(100.00%),B:3.1(7.70%),P:1e-8	Tpos:233.8,Tstd:158.5,Bpos:202.3,Bstd:78.4,StrandBias:4.6,Multiplicity:2.36
0.620	0.378	0.001	0.001
0.367	0.631	0.001	0.001
0.997	0.001	0.001	0.001
0.001	0.346	0.001	0.652
0.001	0.997	0.001	0.001
0.001	0.652	0.001	0.346
0.001	0.001	0.001	0.997
0.001	0.997	0.001	0.001
>TCTCCCAG	12-TCTCCCAG	8.236954	-17.828551	0	T:9.0(81.82%),B:0.2(0.61%),P:1e-7	Tpos:375.6,Tstd:39.8,Bpos:207.0,Bstd:0.0,StrandBias:10.0,Multiplicity:1.00
0.100	0.100	0.100	0.700
0.100	0.700	0.100	0.100
0.100	0.100	0.100	0.700
0.100	0.700	0.100	0.100
0.100	0.700	0.100	0.100
0.100	0.700	0.100	0.100
0.700	0.100	0.100	0.100
0.100	0.100	0.700	0.100
>GGCAACAT	13-GGCAACAT	7.008551	-16.728777	0	T:10.0(90.91%),B:2.2(5.41%),P:1e-7	Tpos:202.4,Tstd:183.3,Bpos:253.5,Bstd:89.1,StrandBias:2.0,Multiplicity:2.50
0.054	0.001	0.780	0.165
0.001	0.019	0.979	0.001
0.001	0.712	0.233	0.054
0.775	0.054	0.001	0.170
0.763	0.012	0.054	0.171
0.054	0.578	0.054	0.314
0.967	0.031	0.001	0.001
0.287	0.001	0.001	0.711
>CTTCCAAG	14-CTTCCAAG	9.589022	-12.768067	0	T:7.0(63.64%),B:0.0(0.00%),P:1e-5	Tpos:188.2,Tstd:119.4,Bpos:0.0,Bstd:0.0,StrandBias:10.0,Multiplicity:1.14
0.001	0.624	0.001	0.374
0.086	0.001	0.001	0.912
0.001	0.001	0.001	0.997
0.001	0.997	0.001	0.001
0.273	0.725	0.001	0.001
0.912	0.086	0.001	0.001
0.997	0.001	0.001	0.001
0.001	0.001	0.997	0.001
>CCGGGTAC	15-CCGGGTAC	6.463323	-10.771514	0	T:7.0(63.64%),B:1.7(4.22%),P:1e-4	Tpos:404.1,Tstd:94.3,Bpos:265.7,Bstd:95.0,StrandBias:-0.3,Multiplicity:1.57
0.001	0.997	0.001	0.001
0.175	0.817	0.007	0.001
0.001	0.001	0.997	0.001
0.240	0.001	0.758	0.001
0.003	0.128	0.868	0.001
0.001	0.001	0.001	0.997
0.886	0.086	0.001	0.027
0.001	0.997	0.001	0.001
