>GACTGGGA	1-GACTGGGA	10.480898	-24.586645	0	T:11.0(100.00%),B:0.0(0.00%),P:1e-10	Tpos:299.2,Tstd:133.5,Bpos:0.0,Bstd:0.0,StrandBias:-0.3,Multiplicity:1.00
0.254	0.001	0.744	0.001
0.997	0.001	0.001	0.001
0.001	0.997	0.001	0.001
0.001	0.001	0.001	0.997
0.001	0.001	0.997	0.001
0.001	0.001	0.997	0.001
0.001	0.001	0.997	0.001
0.744	0.001	0.254	0.001
>AGGAAGCC	2-AGGAAGCC	8.129462	-24.586645	0	T:11.0(100.00%),B:0.6(1.39%),P:1e-10	Tpos:202.1,Tstd:100.8,Bpos:162.0,Bstd:0.0,StrandBias:0.2,Multiplicity:1.36
0.633	0.001	0.001	0.365
0.001	0.001	0.997	0.001
0.001	0.001	0.997	0.001
0.997	0.001	0.001	0.001
0.935	0.001	0.001	0.063
0.001	0.001	0.844	0.154
0.001	0.997	0.001	0.001
0.001	0.997	0.001	0.001
>TCATCCAG	3-TCATCCAG	7.104051	-24.586645	0	T:11.0(100.00%),B:0.3(0.65%),P:1e-10	Tpos:205.1,Tstd:121.5,Bpos:164.0,Bstd:0.0,StrandBias:0.8,Multiplicity:2.00
0.256	0.001	0.138	0.605
0.001	0.997	0.001	0.001
0.997	0.001	0.001	0.001
0.001	0.001	0.137	0.861
0.001	0.997	0.001	0.001
0.001	0.997	0.001	0.001
0.997	0.001	0.001	0.001
0.001	0.001	0.997	0.001
>ACAKAACT	4-ACAKAACT	9.307124	-24.586645	0	T:11.0(100.00%),B:0.4(0.89%),P:1e-10	Tpos:291.2,Tstd:51.7,Bpos:355.0,Bstd:0.0,StrandBias:10.0,Multiplicity:1.36
0.997	0.001	0.001	0.001
0.001	0.997	0.001	0.001
0.997	0.001	0.001	0.001
0.001	0.001	0.563	0.435
0.694	0.001	0.304	0.001
0.997	0.001	0.001	0.001
0.001	0.997	0.001	0.001
0.001	0.001	0.001	0.997
>TTTGAACC	5-TTTGAACC	7.132384	-24.586645	0	T:11.0(100.00%),B:0.9(2.23%),P:1e-10	Tpos:243.4,Tstd:79.9,Bpos:301.0,Bstd:104.4,StrandBias:-0.5,Multiplicity:1.55
0.001	0.001	0.001	0.997
0.001	0.176	0.001	0.822
0.001	0.001	0.001	0.997
0.001	0.001	0.997	0.001
0.626	0.001	0.001	0.372
0.822	0.176	0.001	0.001
0.001	0.997	0.001	0.001
0.001	0.997	0.001	0.001
>ACTTGAGG	6-ACTTGAGG	7.302559	-22.101738	0	T:11.0(100.00%),B:1.9(4.62%),P:1e-9	Tpos:202.4,Tstd:189.0,Bpos:286.9,Bstd:86.8,StrandBias:-0.2,Multiplicity:1.36
0.997	0.001	0.001	0.001
0.136	0.619	0.006	0.239
0.001	0.134	0.001	0.864
0.001	0.001	0.001	0.997
0.381	0.001	0.617	0.001
0.606	0.148	0.001	0.245
0.238	0.001	0.760	0.001
0.001	0.001	0.994	0.004
>TTGAGCYG	7-TTGAGCYG	7.764073	-22.101738	0	T:11.0(100.00%),B:1.2(2.94%),P:1e-9	Tpos:179.4,Tstd:99.5,Bpos:182.2,Bstd:37.1,StrandBias:-1.9,Multiplicity:1.73
0.001	0.001	0.001	0.997
0.001	0.001	0.182	0.816
0.001	0.001	0.997	0.001
0.997	0.001	0.001	0.001
0.111	0.001	0.777	0.111
0.001	0.772	0.226	0.001
0.001	0.478	0.001	0.520
0.001	0.001	0.997	0.001
>TTATKGGA	8-TTATKGGA	7.736159	-22.101738	0	T:11.0(100.00%),B:1.0(2.57%),P:1e-9	Tpos:69.6,Tstd:55.1,Bpos:95.0,Bstd:0.0,StrandBias:2.9,Multiplicity:1.55
0.001	0.001	0.001	0.997
0.001	0.001	0.001	0.997
0.915	0.001	0.001	0.083
0.001	0.001	0.001	0.997
0.001	0.001	0.467	0.531
0.001	0.001	0.997	0.001
0.001	0.001	0.997	0.001
0.915	0.001	0.083	0.001
>GAGATTGG	9-GAGATTGG	10.463046	-20.873073	0	T:10.0(90.91%),B:0.0(0.00%),P:1e-9	Tpos:352.5,Tstd:124.5,Bpos:0.0,Bstd:0.0,StrandBias:0.0,Multiplicity:1.00
0.300	0.001	0.698	0.001
0.997	0.001	0.001	0.001
0.001	0.001	0.997	0.001
0.997	0.001	0.001	0.001
0.001	0.001	0.001	0.997
0.001	0.001	0.001	0.997
0.001	0.001	0.997	0.001
0.001	0.219	0.779	0.001
>CCCCACCA	10-CCCCACCA	9.720550	-20.873073	0	T:10.0(90.91%),B:0.6(1.41%),P:1e-9	Tpos:286.9,Tstd:105.3,Bpos:238.0,Bstd:0.0,StrandBias:0.2,Multiplicity:1.30
0.001	0.997	0.001	0.001
0.001	0.997	0.001	0.001
0.001	0.997	0.001	0.001
0.001	0.997	0.001	0.001
0.908	0.001	0.001	0.090
0.001	0.713	0.285	0.001
0.001	0.997	0.001	0.001
0.997	0.001	0.001	0.001
>ACATCCTC	11-ACATCCTC	8.108879	-18.689491	0	T:11.0(100.00%),B:3.1(7.70%),P:1e-8	Tpos:233.8,Tstd:158.5,Bpos:202.3,Bstd:78.4,StrandBias:4.6,Multiplicity:2.36
0.620	0.378	0.001	0.001
0.367	0.631	0.001	0.001
0.997	0.001	0.001	0.001
0.001	0.346	0.001	0.652
0.001	0.997	0.001	0.001
0.001	0.652	0.001	0.346
0.001	0.001	0.001	0.997
0.001	0.997	0.001	0.001
>TCTCCCAG	12-TCTCCCAG	8.236954	-17.828551	0	T:9.0(81.82%),B:0.2(0.61%),P:1e-7	Tpos:375.6,Tstd:39.8,Bpos:207.0,Bstd:0.0,StrandBias:10.0,Multiplicity:1.00
0.100	0.100	0.100	0.700
0.100	0.700	0.100	0.100
0.100	0.100	0.100	0.700
0.100	0.700	0.100	0.100
0.100	0.700	0.100	0.100
0.100	0.700	0.100	0.100
0.700	0.100	0.100	0.100
0.100	0.100	0.700	0.100
>GGCAACAT	13-GGCAACAT	7.008551	-16.728777	0	T:10.0(90.91%),B:2.2(5.41%),P:1e-7	Tpos:202.4,Tstd:183.3,Bpos:253.5,Bstd:89.1,StrandBias:2.0,Multiplicity:2.50
0.054	0.001	0.780	0.165
0.001	0.019	0.979	0.001
0.001	0.712	0.233	0.054
0.775	0.054	0.001	0.170
0.763	0.012	0.054	0.171
0.054	0.578	0.054	0.314
0.967	0.031	0.001	0.001
0.287	0.001	0.001	0.711
>CTTCCAAG	14-CTTCCAAG	9.589022	-12.768067	0	T:7.0(63.64%),B:0.0(0.00%),P:1e-5	Tpos:188.2,Tstd:119.4,Bpos:0.0,Bstd:0.0,StrandBias:10.0,Multiplicity:1.14
0.001	0.624	0.001	0.374
0.086	0.001	0.001	0.912
0.001	0.001	0.001	0.997
0.001	0.997	0.001	0.001
0.273	0.725	0.001	0.001
0.912	0.086	0.001	0.001
0.997	0.001	0.001	0.001
0.001	0.001	0.997	0.001
>CCGGGTAC	15-CCGGGTAC	6.463323	-10.771514	0	T:7.0(63.64%),B:1.7(4.22%),P:1e-4	Tpos:404.1,Tstd:94.3,Bpos:265.7,Bstd:95.0,StrandBias:-0.3,Multiplicity:1.57
0.001	0.997	0.001	0.001
0.175	0.817	0.007	0.001
0.001	0.001	0.997	0.001
0.240	0.001	0.758	0.001
0.003	0.128	0.868	0.001
0.001	0.001	0.001	0.997
0.886	0.086	0.001	0.027
0.001	0.997	0.001	0.001
