>CAAWAYTSCC	1-CAAWAYTSCC,BestGuess:ZSCAN31/MA1722.2/Jaspar(0.658)	9.520566	-24.586645	0	T:11.0(100.00%),B:0.0(0.00%),P:1e-10
0.001	0.984	0.014	0.001
0.997	0.001	0.001	0.001
0.527	0.001	0.095	0.377
0.471	0.001	0.001	0.527
0.936	0.001	0.001	0.062
0.001	0.496	0.001	0.502
0.001	0.001	0.001	0.997
0.001	0.424	0.574	0.001
0.001	0.621	0.001	0.377
0.001	0.997	0.001	0.001
>CCACCTCAAC	2-CCACCTCAAC,BestGuess:CREB3L1/MA0839.2/Jaspar(0.667)	8.479309	-24.586645	0	T:11.0(100.00%),B:0.0(0.00%),P:1e-10
0.001	0.946	0.001	0.052
0.054	0.752	0.081	0.113
0.775	0.145	0.079	0.001
0.001	0.663	0.335	0.001
0.107	0.637	0.004	0.252
0.027	0.276	0.081	0.616
0.001	0.864	0.134	0.001
0.527	0.110	0.168	0.195
0.536	0.248	0.135	0.081
0.110	0.701	0.162	0.027
>GTGGGAACAG	3-GTGGGAACAG,BestGuess:Plagl1/MA1615.2/Jaspar(0.785)	7.764709	-24.586645	0	T:11.0(100.00%),B:0.6(1.41%),P:1e-10
0.001	0.177	0.579	0.243
0.001	0.001	0.242	0.756
0.001	0.001	0.997	0.001
0.001	0.001	0.997	0.001
0.001	0.001	0.997	0.001
0.735	0.001	0.243	0.021
0.578	0.420	0.001	0.001
0.055	0.943	0.001	0.001
0.821	0.177	0.001	0.001
0.270	0.001	0.486	0.243
>GGAGATTGCC	4-GGAGATTGCC,BestGuess:ZNF85/MA1720.2/Jaspar(0.658)	6.841874	-24.586645	0	T:11.0(100.00%),B:0.6(1.49%),P:1e-10
0.087	0.028	0.738	0.147
0.231	0.001	0.741	0.027
0.859	0.056	0.001	0.084
0.001	0.001	0.997	0.001
0.624	0.028	0.144	0.204
0.235	0.112	0.012	0.641
0.001	0.011	0.231	0.757
0.176	0.147	0.537	0.140
0.001	0.562	0.293	0.144
0.233	0.569	0.170	0.028
>ACAGAACWYCAC	2-ACAGAACWYCAC,BestGuess:PB0141.1_Isgf3g_2/Jaspar(0.628)	8.835657	-24.586645	0	T:11.0(100.00%),B:0.0(0.00%),P:1e-10
0.693	0.235	0.001	0.071
0.001	0.632	0.296	0.071
0.857	0.071	0.001	0.071
0.296	0.001	0.460	0.242
0.925	0.001	0.073	0.001
0.764	0.071	0.001	0.164
0.367	0.631	0.001	0.001
0.460	0.071	0.001	0.468
0.001	0.414	0.071	0.514
0.001	0.702	0.296	0.001
0.605	0.026	0.001	0.368
0.001	0.904	0.071	0.024
>AGGAAGCC	2-AGGAAGCC,BestGuess:IKZF2/MA2326.1/Jaspar(0.813)	8.129462	-24.586645	0	T:11.0(100.00%),B:0.6(1.39%),P:1e-10
0.633	0.001	0.001	0.365
0.001	0.001	0.997	0.001
0.001	0.001	0.997	0.001
0.997	0.001	0.001	0.001
0.935	0.001	0.001	0.063
0.001	0.001	0.844	0.154
0.001	0.997	0.001	0.001
0.001	0.997	0.001	0.001
>TCATCCAG	3-TCATCCAG,BestGuess:ZBTB26/MA1579.2/Jaspar(0.692)	7.104051	-24.586645	0	T:11.0(100.00%),B:0.3(0.65%),P:1e-10
0.256	0.001	0.138	0.605
0.001	0.997	0.001	0.001
0.997	0.001	0.001	0.001
0.001	0.001	0.137	0.861
0.001	0.997	0.001	0.001
0.001	0.997	0.001	0.001
0.997	0.001	0.001	0.001
0.001	0.001	0.997	0.001
>TTTGAACC	5-TTTGAACC,BestGuess:CHR(?)/Hela-CellCycle-Expression/Homer(0.741)	7.132384	-24.586645	0	T:11.0(100.00%),B:0.9(2.23%),P:1e-10
0.001	0.001	0.001	0.997
0.001	0.176	0.001	0.822
0.001	0.001	0.001	0.997
0.001	0.001	0.997	0.001
0.626	0.001	0.001	0.372
0.822	0.176	0.001	0.001
0.001	0.997	0.001	0.001
0.001	0.997	0.001	0.001
>ACTTGAGG	6-ACTTGAGG,BestGuess:Nkx2-1/MA1994.2/Jaspar(0.722)	7.302559	-22.101738	0	T:11.0(100.00%),B:1.9(4.62%),P:1e-9
0.997	0.001	0.001	0.001
0.136	0.619	0.006	0.239
0.001	0.134	0.001	0.864
0.001	0.001	0.001	0.997
0.381	0.001	0.617	0.001
0.606	0.148	0.001	0.245
0.238	0.001	0.760	0.001
0.001	0.001	0.994	0.004
>TTATKGGA	8-TTATKGGA,BestGuess:Hoxa13/MA0650.4/Jaspar(0.828)	7.736159	-22.101738	0	T:11.0(100.00%),B:1.0(2.57%),P:1e-9
0.001	0.001	0.001	0.997
0.001	0.001	0.001	0.997
0.915	0.001	0.001	0.083
0.001	0.001	0.001	0.997
0.001	0.001	0.467	0.531
0.001	0.001	0.997	0.001
0.001	0.001	0.997	0.001
0.915	0.001	0.083	0.001
>TTYTTCCAAG	8-TTYTTCCAAG,BestGuess:Nfatc1/MA0624.3/Jaspar(0.698)	9.084428	-20.873073	0	T:10.0(90.91%),B:0.0(0.00%),P:1e-9
0.001	0.001	0.329	0.669
0.001	0.001	0.138	0.860
0.001	0.460	0.001	0.538
0.001	0.001	0.001	0.997
0.204	0.001	0.001	0.794
0.001	0.684	0.314	0.001
0.314	0.684	0.001	0.001
0.997	0.001	0.001	0.001
0.584	0.001	0.414	0.001
0.001	0.001	0.997	0.001
>GCCACTGGRGCA	5-GCCACTGGRGCA,BestGuess:ZBTB9(Zf)/HEK293T-ZBTB9-ChIP-Seq(GSE251687)/Homer(0.674)	8.159289	-20.873073	0	T:10.0(90.91%),B:0.5(1.23%),P:1e-9
0.111	0.001	0.887	0.001
0.001	0.997	0.001	0.001
0.230	0.763	0.001	0.006
0.769	0.229	0.001	0.001
0.229	0.769	0.001	0.001
0.230	0.120	0.065	0.585
0.001	0.112	0.657	0.230
0.001	0.112	0.584	0.303
0.417	0.001	0.352	0.230
0.001	0.001	0.887	0.111
0.353	0.645	0.001	0.001
0.935	0.063	0.001	0.001
>CCCCACCA	10-CCCCACCA,BestGuess:KLF4/MA0039.5/Jaspar(0.795)	9.720550	-20.873073	0	T:10.0(90.91%),B:0.6(1.41%),P:1e-9
0.001	0.997	0.001	0.001
0.001	0.997	0.001	0.001
0.001	0.997	0.001	0.001
0.001	0.997	0.001	0.001
0.908	0.001	0.001	0.090
0.001	0.713	0.285	0.001
0.001	0.997	0.001	0.001
0.997	0.001	0.001	0.001
>ACATCCTC	11-ACATCCTC,BestGuess:PB0181.1_Spdef_2/Jaspar(0.659)	8.108879	-18.689491	0	T:11.0(100.00%),B:3.1(7.70%),P:1e-8
0.620	0.378	0.001	0.001
0.367	0.631	0.001	0.001
0.997	0.001	0.001	0.001
0.001	0.346	0.001	0.652
0.001	0.997	0.001	0.001
0.001	0.652	0.001	0.346
0.001	0.001	0.001	0.997
0.001	0.997	0.001	0.001
>GAGAGAGMGA	11-GAGAGAGMGA,BestGuess:PB0010.1_Egr1_1/Jaspar(0.645)	8.174794	-17.828551	0	T:9.0(81.82%),B:0.6(1.49%),P:1e-7
0.129	0.009	0.861	0.001
0.550	0.320	0.129	0.001
0.258	0.001	0.740	0.001
0.580	0.265	0.154	0.001
0.128	0.001	0.870	0.001
0.706	0.002	0.291	0.001
0.022	0.001	0.976	0.001
0.399	0.393	0.207	0.001
0.131	0.001	0.867	0.001
0.734	0.001	0.264	0.001
>AGGGGAGATC	12-AGGGGAGATC,BestGuess:VEZF1/MA1578.2/Jaspar(0.691)	6.810562	-12.768067	0	T:7.0(63.64%),B:0.0(0.00%),P:1e-5
0.887	0.001	0.111	0.001
0.111	0.001	0.887	0.001
0.001	0.001	0.887	0.111
0.001	0.001	0.997	0.001
0.001	0.001	0.997	0.001
0.647	0.001	0.351	0.001
0.001	0.351	0.647	0.001
0.703	0.001	0.001	0.295
0.001	0.001	0.001	0.997
0.351	0.647	0.001	0.001
>CAAGTCCATC	13-CAAGTCCATC,BestGuess:SF1(NR)/H295R-Nr5a1-ChIP-Seq(GSE44220)/Homer(0.681)	8.538736	-12.768067	0	T:7.0(63.64%),B:0.4(1.09%),P:1e-5
0.001	0.997	0.001	0.001
0.997	0.001	0.001	0.001
0.734	0.001	0.264	0.001
0.129	0.264	0.606	0.001
0.001	0.129	0.239	0.631
0.001	0.997	0.001	0.001
0.001	0.997	0.001	0.001
0.997	0.001	0.001	0.001
0.146	0.001	0.001	0.852
0.132	0.844	0.023	0.001
>CCGGGTAC	15-CCGGGTAC,BestGuess:PB0152.1_Nkx3-1_2/Jaspar(0.707)	6.463323	-10.771514	0	T:7.0(63.64%),B:1.7(4.22%),P:1e-4
0.001	0.997	0.001	0.001
0.175	0.817	0.007	0.001
0.001	0.001	0.997	0.001
0.240	0.001	0.758	0.001
0.003	0.128	0.868	0.001
0.001	0.001	0.001	0.997
0.886	0.086	0.001	0.027
0.001	0.997	0.001	0.001
