>TGAATCCTGCGG	1-TGAATCCTGCGG	12.097640	-175.195264	0	T:68.0(100.00%),B:0.0(0.00%),P:1e-76	Tpos:92.3,Tstd:10.9,Bpos:0.0,Bstd:0.0,StrandBias:10.0,Multiplicity:1.00
0.001	0.001	0.001	0.997
0.001	0.001	0.997	0.001
0.631	0.001	0.367	0.001
0.997	0.001	0.001	0.001
0.001	0.001	0.001	0.997
0.001	0.992	0.001	0.006
0.001	0.997	0.001	0.001
0.001	0.001	0.001	0.997
0.001	0.001	0.631	0.367
0.001	0.916	0.082	0.001
0.001	0.001	0.997	0.001
0.001	0.001	0.997	0.001
>GTTATGTACATA	2-GTTATGTACATA	13.371788	-169.455472	0	T:67.0(98.53%),B:0.0(0.00%),P:1e-73	Tpos:450.0,Tstd:0.0,Bpos:0.0,Bstd:0.0,StrandBias:10.0,Multiplicity:1.00
0.001	0.001	0.666	0.332
0.001	0.332	0.001	0.666
0.001	0.001	0.001	0.997
0.666	0.001	0.332	0.001
0.001	0.332	0.001	0.666
0.001	0.001	0.997	0.001
0.001	0.332	0.001	0.666
0.666	0.001	0.332	0.001
0.001	0.997	0.001	0.001
0.666	0.001	0.332	0.001
0.001	0.332	0.001	0.666
0.997	0.001	0.001	0.001
>GTGTCCTTCGTT	3-GTGTCCTTCGTT	10.409522	-169.455472	0	T:67.0(98.53%),B:0.0(0.00%),P:1e-73	Tpos:190.8,Tstd:82.5,Bpos:0.0,Bstd:0.0,StrandBias:10.0,Multiplicity:1.97
0.100	0.100	0.700	0.100
0.100	0.100	0.100	0.700
0.100	0.100	0.700	0.100
0.100	0.100	0.100	0.700
0.100	0.700	0.100	0.100
0.100	0.700	0.100	0.100
0.100	0.100	0.100	0.700
0.100	0.100	0.100	0.700
0.100	0.700	0.100	0.100
0.100	0.100	0.700	0.100
0.100	0.100	0.100	0.700
0.100	0.100	0.100	0.700
>GCAGACGCTCCG	4-GCAGACGCTCCG	10.086602	-169.455472	0	T:67.0(98.53%),B:0.0(0.00%),P:1e-73	Tpos:197.7,Tstd:38.5,Bpos:0.0,Bstd:0.0,StrandBias:10.0,Multiplicity:1.85
0.001	0.001	0.997	0.001
0.284	0.714	0.001	0.001
0.631	0.001	0.367	0.001
0.001	0.001	0.997	0.001
0.997	0.001	0.001	0.001
0.081	0.917	0.001	0.001
0.001	0.001	0.631	0.367
0.001	0.713	0.285	0.001
0.001	0.367	0.001	0.631
0.001	0.713	0.001	0.285
0.001	0.997	0.001	0.001
0.001	0.001	0.997	0.001
>CCTGCKCTGCTR	5-CCTGCKCTGCTR	10.652743	-169.455472	0	T:67.0(98.53%),B:0.8(0.25%),P:1e-73	Tpos:190.3,Tstd:128.4,Bpos:51.0,Bstd:0.0,StrandBias:10.0,Multiplicity:1.69
0.005	0.978	0.016	0.001
0.005	0.665	0.252	0.078
0.001	0.220	0.200	0.579
0.005	0.310	0.684	0.001
0.257	0.741	0.001	0.001
0.011	0.022	0.511	0.456
0.162	0.552	0.038	0.248
0.001	0.001	0.194	0.804
0.001	0.055	0.943	0.001
0.017	0.772	0.005	0.206
0.001	0.254	0.273	0.473
0.499	0.001	0.499	0.001
>SGMMMWKTCCAC	6-SGMMMWKTCCAC	12.607470	-169.455472	0	T:67.0(98.53%),B:0.0(0.00%),P:1e-73	Tpos:386.0,Tstd:0.0,Bpos:0.0,Bstd:0.0,StrandBias:-10.0,Multiplicity:1.00
0.052	0.528	0.419	0.001
0.001	0.001	0.938	0.060
0.481	0.515	0.001	0.003
0.525	0.434	0.040	0.001
0.505	0.483	0.010	0.002
0.555	0.015	0.001	0.429
0.020	0.001	0.556	0.423
0.020	0.022	0.010	0.948
0.001	0.927	0.010	0.062
0.001	0.977	0.021	0.001
0.997	0.001	0.001	0.001
0.001	0.997	0.001	0.001
>CMCKCSTCCMAT	7-CMCKCSTCCMAT	11.441471	-169.455472	0	T:67.0(98.53%),B:0.0(0.00%),P:1e-73	Tpos:422.0,Tstd:0.0,Bpos:0.0,Bstd:0.0,StrandBias:-10.0,Multiplicity:1.00
0.001	0.575	0.009	0.415
0.508	0.432	0.001	0.059
0.001	0.997	0.001	0.001
0.175	0.034	0.367	0.423
0.379	0.570	0.050	0.001
0.001	0.440	0.387	0.172
0.129	0.001	0.008	0.862
0.001	0.957	0.041	0.001
0.001	0.853	0.145	0.001
0.379	0.499	0.121	0.001
0.958	0.033	0.001	0.008
0.001	0.121	0.008	0.870
>AVRCTTCGCACA	8-AVRCTTCGCACA	9.152454	-169.455472	0	T:67.0(98.53%),B:0.0(0.00%),P:1e-73	Tpos:471.0,Tstd:0.0,Bpos:0.0,Bstd:0.0,StrandBias:10.0,Multiplicity:1.00
0.782	0.076	0.041	0.101
0.259	0.371	0.330	0.041
0.350	0.189	0.336	0.126
0.035	0.807	0.076	0.082
0.024	0.242	0.109	0.625
0.012	0.084	0.306	0.598
0.001	0.538	0.220	0.241
0.111	0.351	0.521	0.017
0.083	0.715	0.113	0.089
0.618	0.251	0.119	0.012
0.136	0.632	0.096	0.136
0.537	0.280	0.112	0.071
>TCCAATCATGGC	9-TCCAATCATGGC	12.150455	-169.455472	0	T:67.0(98.53%),B:0.0(0.00%),P:1e-73	Tpos:318.0,Tstd:0.0,Bpos:0.0,Bstd:0.0,StrandBias:-10.0,Multiplicity:1.00
0.001	0.001	0.017	0.981
0.001	0.997	0.001	0.001
0.001	0.997	0.001	0.001
0.997	0.001	0.001	0.001
0.879	0.065	0.055	0.001
0.001	0.065	0.001	0.933
0.064	0.934	0.001	0.001
0.997	0.001	0.001	0.001
0.001	0.001	0.001	0.997
0.064	0.001	0.934	0.001
0.054	0.001	0.944	0.001
0.001	0.997	0.001	0.001
>GCSYCSATGCAT	10-GCSYCSATGCAT	9.845428	-169.455472	0	T:67.0(98.53%),B:0.0(0.00%),P:1e-73	Tpos:302.5,Tstd:2.5,Bpos:0.0,Bstd:0.0,StrandBias:-0.0,Multiplicity:1.00
0.001	0.001	0.997	0.001
0.001	0.989	0.001	0.009
0.001	0.504	0.494	0.001
0.001	0.494	0.001	0.504
0.001	0.997	0.001	0.001
0.001	0.504	0.494	0.001
0.997	0.001	0.001	0.001
0.001	0.001	0.001	0.997
0.001	0.001	0.997	0.001
0.001	0.997	0.001	0.001
0.997	0.001	0.001	0.001
0.001	0.001	0.001	0.997
>YTCCCATDGGTG	11-YTCCCATDGGTG	9.551901	-169.455472	0	T:67.0(98.53%),B:0.3(0.11%),P:1e-73	Tpos:291.0,Tstd:28.8,Bpos:235.0,Bstd:0.0,StrandBias:-4.1,Multiplicity:1.06
0.001	0.362	0.192	0.445
0.007	0.378	0.021	0.594
0.029	0.634	0.329	0.008
0.015	0.571	0.364	0.050
0.021	0.466	0.199	0.314
0.743	0.192	0.050	0.015
0.015	0.400	0.014	0.571
0.371	0.016	0.271	0.342
0.014	0.029	0.943	0.014
0.199	0.130	0.670	0.001
0.022	0.051	0.057	0.870
0.007	0.028	0.765	0.200
>TGCTATTGGTGG	12-TGCTATTGGTGG	10.409522	-169.455472	0	T:67.0(98.53%),B:0.0(0.00%),P:1e-73	Tpos:410.0,Tstd:0.0,Bpos:0.0,Bstd:0.0,StrandBias:10.0,Multiplicity:1.00
0.100	0.100	0.100	0.700
0.100	0.100	0.700	0.100
0.100	0.700	0.100	0.100
0.100	0.100	0.100	0.700
0.700	0.100	0.100	0.100
0.100	0.100	0.100	0.700
0.100	0.100	0.100	0.700
0.100	0.100	0.700	0.100
0.100	0.100	0.700	0.100
0.100	0.100	0.100	0.700
0.100	0.100	0.700	0.100
0.100	0.100	0.700	0.100
>CCGTTGCCGTTC	13-CCGTTGCCGTTC	8.196393	-165.239137	0	T:67.0(98.53%),B:1.4(0.44%),P:1e-71	Tpos:236.6,Tstd:67.5,Bpos:176.0,Bstd:33.8,StrandBias:10.0,Multiplicity:1.35
0.001	0.797	0.001	0.201
0.001	0.997	0.001	0.001
0.001	0.001	0.997	0.001
0.001	0.149	0.001	0.849
0.001	0.166	0.202	0.631
0.001	0.202	0.647	0.150
0.001	0.997	0.001	0.001
0.001	0.997	0.001	0.001
0.001	0.001	0.997	0.001
0.001	0.201	0.001	0.797
0.001	0.001	0.001	0.997
0.001	0.849	0.149	0.001
>GYTTCSGGACYT	14-GYTTCSGGACYT	7.844718	-164.405616	0	T:66.0(97.06%),B:0.0(0.00%),P:1e-71	Tpos:262.3,Tstd:95.4,Bpos:0.0,Bstd:0.0,StrandBias:10.0,Multiplicity:1.71
0.001	0.001	0.997	0.001
0.001	0.490	0.001	0.508
0.001	0.001	0.001	0.997
0.001	0.001	0.001	0.997
0.001	0.649	0.001	0.349
0.001	0.490	0.508	0.001
0.001	0.001	0.997	0.001
0.001	0.001	0.997	0.001
0.997	0.001	0.001	0.001
0.001	0.997	0.001	0.001
0.001	0.479	0.001	0.519
0.001	0.001	0.001	0.997
>GCACGGCAGCTG	15-GCACGGCAGCTG	8.767833	-164.405616	0	T:66.0(97.06%),B:0.0(0.00%),P:1e-71	Tpos:422.9,Tstd:71.5,Bpos:0.0,Bstd:0.0,StrandBias:10.0,Multiplicity:1.82
0.001	0.001	0.997	0.001
0.001	0.890	0.001	0.108
0.997	0.001	0.001	0.001
0.001	0.997	0.001	0.001
0.160	0.001	0.838	0.001
0.001	0.160	0.838	0.001
0.001	0.884	0.001	0.114
0.838	0.160	0.001	0.001
0.001	0.001	0.997	0.001
0.001	0.997	0.001	0.001
0.001	0.001	0.001	0.997
0.001	0.001	0.997	0.001
>CTGTCTCACCTC	16-CTGTCTCACCTC	10.409522	-164.405616	0	T:66.0(97.06%),B:0.0(0.00%),P:1e-71	Tpos:246.0,Tstd:0.0,Bpos:0.0,Bstd:0.0,StrandBias:10.0,Multiplicity:1.00
0.100	0.700	0.100	0.100
0.100	0.100	0.100	0.700
0.100	0.100	0.700	0.100
0.100	0.100	0.100	0.700
0.100	0.700	0.100	0.100
0.100	0.100	0.100	0.700
0.100	0.700	0.100	0.100
0.700	0.100	0.100	0.100
0.100	0.700	0.100	0.100
0.100	0.700	0.100	0.100
0.100	0.100	0.100	0.700
0.100	0.700	0.100	0.100
>CACVTCCCCTGA	17-CACVTCCCCTGA	9.966926	-161.701361	0	T:67.0(98.53%),B:2.3(0.74%),P:1e-70	Tpos:172.6,Tstd:52.8,Bpos:173.5,Bstd:75.4,StrandBias:10.0,Multiplicity:2.21
0.001	0.598	0.001	0.400
0.994	0.004	0.001	0.001
0.001	0.997	0.001	0.001
0.256	0.342	0.400	0.001
0.001	0.256	0.001	0.742
0.001	0.997	0.001	0.001
0.001	0.665	0.333	0.001
0.001	0.733	0.265	0.001
0.001	0.597	0.001	0.401
0.132	0.001	0.201	0.666
0.001	0.400	0.598	0.001
0.697	0.301	0.001	0.001
>ATCGATTTACTC	18-ATCGATTTACTC	10.409522	-159.758025	0	T:65.0(95.59%),B:0.0(0.00%),P:1e-69	Tpos:48.0,Tstd:0.0,Bpos:0.0,Bstd:0.0,StrandBias:10.0,Multiplicity:1.00
0.700	0.100	0.100	0.100
0.100	0.100	0.100	0.700
0.100	0.700	0.100	0.100
0.100	0.100	0.700	0.100
0.700	0.100	0.100	0.100
0.100	0.100	0.100	0.700
0.100	0.100	0.100	0.700
0.100	0.100	0.100	0.700
0.700	0.100	0.100	0.100
0.100	0.700	0.100	0.100
0.100	0.100	0.100	0.700
0.100	0.700	0.100	0.100
>KMKCGTRTTSTC	19-KMKCGTRTTSTC	9.247844	-158.554672	0	T:67.0(98.53%),B:3.6(1.16%),P:1e-68	Tpos:23.7,Tstd:11.2,Bpos:141.1,Bstd:108.9,StrandBias:0.8,Multiplicity:2.70
0.032	0.001	0.458	0.509
0.540	0.458	0.001	0.001
0.001	0.031	0.415	0.553
0.001	0.614	0.001	0.384
0.001	0.001	0.997	0.001
0.001	0.075	0.001	0.923
0.537	0.001	0.461	0.001
0.001	0.030	0.001	0.968
0.001	0.001	0.001	0.997
0.045	0.417	0.537	0.001
0.001	0.351	0.001	0.647
0.001	0.968	0.001	0.030
>GGCAACAAGATT	20-GGCAACAAGATT	9.561176	-151.251791	0	T:63.0(92.65%),B:0.9(0.29%),P:1e-65	Tpos:268.2,Tstd:82.4,Bpos:40.0,Bstd:0.0,StrandBias:10.0,Multiplicity:1.56
0.001	0.001	0.997	0.001
0.001	0.103	0.793	0.103
0.001	0.997	0.001	0.001
0.680	0.318	0.001	0.001
0.887	0.001	0.104	0.008
0.001	0.997	0.001	0.001
0.837	0.059	0.001	0.103
0.643	0.246	0.008	0.103
0.001	0.001	0.689	0.309
0.896	0.102	0.001	0.001
0.038	0.319	0.001	0.642
0.038	0.006	0.210	0.746
>GGGCGTCAGGCC	21-GGGCGTCAGGCC	12.148973	-151.251791	0	T:63.0(92.65%),B:0.0(0.00%),P:1e-65	Tpos:435.0,Tstd:0.0,Bpos:0.0,Bstd:0.0,StrandBias:-10.0,Multiplicity:1.00
0.001	0.001	0.997	0.001
0.067	0.001	0.865	0.067
0.001	0.001	0.931	0.067
0.092	0.760	0.001	0.147
0.025	0.352	0.622	0.001
0.001	0.001	0.134	0.864
0.001	0.555	0.377	0.067
0.796	0.068	0.068	0.068
0.001	0.241	0.757	0.001
0.202	0.001	0.796	0.001
0.067	0.865	0.001	0.067
0.001	0.865	0.067	0.067
>CWGAAGGCCCGT	22-CWGAAGGCCCGT	9.596022	-151.251791	0	T:63.0(92.65%),B:0.0(0.00%),P:1e-65	Tpos:260.0,Tstd:0.0,Bpos:0.0,Bstd:0.0,StrandBias:10.0,Multiplicity:1.00
0.001	0.997	0.001	0.001
0.539	0.001	0.023	0.437
0.001	0.001	0.997	0.001
0.781	0.217	0.001	0.001
0.716	0.218	0.065	0.001
0.001	0.001	0.997	0.001
0.001	0.001	0.997	0.001
0.001	0.769	0.001	0.229
0.001	0.997	0.001	0.001
0.001	0.997	0.001	0.001
0.001	0.001	0.997	0.001
0.001	0.001	0.001	0.997
>TCCGCTGGATTC	23-TCCGCTGGATTC	8.623397	-150.522000	0	T:67.0(98.53%),B:6.2(2.01%),P:1e-65	Tpos:95.5,Tstd:35.8,Bpos:246.4,Bstd:130.8,StrandBias:0.3,Multiplicity:1.82
0.032	0.001	0.001	0.966
0.001	0.966	0.032	0.001
0.032	0.935	0.032	0.001
0.032	0.149	0.818	0.001
0.181	0.817	0.001	0.001
0.001	0.097	0.001	0.901
0.032	0.065	0.902	0.001
0.001	0.001	0.997	0.001
0.849	0.149	0.001	0.001
0.065	0.065	0.001	0.869
0.001	0.001	0.149	0.849
0.001	0.901	0.001	0.097
>GACACACVCGCB	24-GACACACVCGCB	10.691125	-146.126235	0	T:65.0(95.59%),B:4.9(1.58%),P:1e-63	Tpos:216.2,Tstd:1.0,Bpos:234.1,Bstd:218.1,StrandBias:-10.0,Multiplicity:1.00
0.019	0.035	0.677	0.269
0.690	0.019	0.277	0.014
0.038	0.576	0.326	0.060
0.612	0.007	0.016	0.365
0.001	0.961	0.025	0.013
0.661	0.001	0.014	0.324
0.006	0.974	0.019	0.001
0.371	0.269	0.354	0.006
0.013	0.972	0.001	0.014
0.006	0.021	0.960	0.013
0.034	0.819	0.013	0.134
0.019	0.372	0.327	0.282
>GCAGCCCGATTT	25-GCAGCCCGATTT	9.319482	-122.882611	0	T:55.0(80.88%),B:0.8(0.27%),P:1e-53	Tpos:375.0,Tstd:0.0,Bpos:21.0,Bstd:0.0,StrandBias:10.0,Multiplicity:1.00
0.001	0.001	0.997	0.001
0.001	0.997	0.001	0.001
0.997	0.001	0.001	0.001
0.315	0.001	0.683	0.001
0.130	0.739	0.001	0.130
0.001	0.997	0.001	0.001
0.001	0.868	0.001	0.130
0.001	0.001	0.997	0.001
0.997	0.001	0.001	0.001
0.140	0.152	0.001	0.707
0.001	0.042	0.024	0.933
0.001	0.001	0.001	0.997
