>MCMCCTGVCYRG	18-CYRGBCAGGKGK	8.718071	-155.973202	0	T:67.0(98.53%),B:3.5(1.17%),P:1e-67
0.317	0.415	0.242	0.025
0.029	0.689	0.227	0.055
0.462	0.441	0.046	0.051
0.064	0.881	0.043	0.012
0.218	0.736	0.021	0.025
0.009	0.184	0.033	0.774
0.017	0.017	0.729	0.237
0.360	0.240	0.354	0.046
0.234	0.748	0.001	0.017
0.115	0.372	0.017	0.497
0.492	0.029	0.449	0.030
0.038	0.025	0.705	0.232
