>GCRGAAMWGATT	20-GCRGAAMWGATT,BestGuess:Gfi1b(Zf)/HPC7-Gfi1b-ChIP-Seq(GSE22178)/Homer(0.686)	9.189850	-153.081360	0	T:65.0(95.59%),B:1.1(0.37%),P:1e-66
0.290	0.012	0.482	0.216
0.057	0.597	0.056	0.290
0.403	0.019	0.350	0.229
0.006	0.013	0.826	0.155
0.578	0.359	0.038	0.025
0.890	0.012	0.092	0.006
0.333	0.414	0.246	0.006
0.443	0.031	0.025	0.501
0.006	0.236	0.542	0.216
0.675	0.012	0.282	0.031
0.006	0.167	0.327	0.499
0.001	0.006	0.037	0.956
