>WCACCBCTTCYC	10-WCACCBCTTCYC,BestGuess:POL008.1_DCE_S_I/Jaspar(0.628)	9.244458	-168.336571	0	T:68.0(100.00%),B:1.8(0.60%),P:1e-73
0.436	0.046	0.008	0.510
0.312	0.657	0.023	0.008
0.576	0.355	0.023	0.046
0.046	0.577	0.001	0.376
0.139	0.796	0.001	0.064
0.023	0.292	0.358	0.327
0.106	0.708	0.117	0.069
0.155	0.038	0.023	0.784
0.008	0.053	0.034	0.905
0.309	0.554	0.016	0.121
0.099	0.453	0.140	0.309
0.282	0.492	0.038	0.189
