>GRGAAGVGGTGW	10-WCACCBCTTCYC	9.244458	-168.336571	0	T:68.0(100.00%),B:1.8(0.60%),P:1e-73
0.189	0.038	0.492	0.282
0.309	0.140	0.453	0.099
0.121	0.016	0.554	0.309
0.905	0.034	0.053	0.008
0.784	0.023	0.038	0.155
0.069	0.117	0.708	0.106
0.327	0.358	0.292	0.023
0.064	0.001	0.796	0.139
0.376	0.001	0.577	0.046
0.046	0.023	0.355	0.576
0.008	0.023	0.657	0.312
0.510	0.008	0.046	0.436
