>CYRGBCAGGKGK	18-CYRGBCAGGKGK,BestGuess:E2A(bHLH),near_PU.1/Bcell-PU.1-ChIP-Seq(GSE21512)/Homer(0.735)	8.718071	-155.973202	0	T:67.0(98.53%),B:3.5(1.17%),P:1e-67
0.232	0.705	0.025	0.038
0.030	0.449	0.029	0.492
0.497	0.017	0.372	0.115
0.017	0.001	0.748	0.234
0.046	0.354	0.240	0.360
0.237	0.729	0.017	0.017
0.774	0.033	0.184	0.009
0.025	0.021	0.736	0.218
0.012	0.043	0.881	0.064
0.051	0.046	0.441	0.462
0.055	0.227	0.689	0.029
0.025	0.242	0.415	0.317
