>TATKGGGGTACC	17-GGTACCCCMATA	8.789901	-161.617155	0	T:68.0(100.00%),B:3.4(1.13%),P:1e-70
0.255	0.031	0.158	0.556
0.514	0.095	0.296	0.095
0.095	0.125	0.075	0.705
0.085	0.010	0.380	0.525
0.086	0.043	0.819	0.052
0.044	0.001	0.870	0.085
0.041	0.094	0.792	0.073
0.041	0.106	0.759	0.094
0.105	0.084	0.114	0.697
0.504	0.073	0.199	0.224
0.105	0.527	0.347	0.021
0.041	0.864	0.084	0.011
