>RBARGTGTGTGW	3-RBARGTGTGTGW	10.167450	-172.570677	0	T:68.0(100.00%),B:0.0(0.00%),P:1e-74
0.306	0.200	0.386	0.109
0.171	0.369	0.237	0.222
0.817	0.045	0.131	0.007
0.399	0.204	0.352	0.045
0.255	0.015	0.569	0.161
0.196	0.041	0.011	0.752
0.018	0.041	0.784	0.157
0.037	0.011	0.060	0.892
0.030	0.007	0.603	0.360
0.048	0.124	0.045	0.783
0.145	0.112	0.728	0.015
0.379	0.203	0.007	0.410
