>MCKGMCAGGTCT	12-MCKGMCAGGTCT,BestGuess:PH0140.1_Pknox1/Jaspar(0.620)	6.860111	-25.402086	0	T:12.0(100.00%),B:1.5(3.05%),P:1e-11
0.491	0.416	0.001	0.092
0.282	0.626	0.046	0.046
0.185	0.093	0.432	0.291
0.281	0.001	0.717	0.001
0.389	0.426	0.093	0.093
0.185	0.533	0.001	0.281
0.667	0.185	0.051	0.097
0.297	0.046	0.611	0.046
0.046	0.147	0.565	0.242
0.046	0.147	0.093	0.714
0.138	0.765	0.001	0.096
0.046	0.185	0.282	0.487
