>HGTATGTCHACG	16-HGTATGTCHACG,BestGuess:FOXA1/MA0148.5/Jaspar(0.637)	8.264327	-20.856339	0	T:10.0(83.33%),B:0.0(0.00%),P:1e-9
0.300	0.221	0.125	0.354
0.167	0.189	0.517	0.127
0.167	0.084	0.125	0.624
0.778	0.211	0.010	0.001
0.001	0.083	0.167	0.749
0.167	0.042	0.656	0.135
0.125	0.001	0.220	0.654
0.042	0.707	0.042	0.209
0.225	0.356	0.169	0.251
0.529	0.042	0.302	0.127
0.264	0.734	0.001	0.001
0.135	0.127	0.571	0.167
