>TGGMAAGRAHGT	13-ACDTYCTTKCCA	9.611151	-24.075215	0	T:11.0(91.67%),B:0.0(0.00%),P:1e-10
0.001	0.001	0.152	0.846
0.207	0.051	0.531	0.211
0.001	0.051	0.846	0.102
0.477	0.346	0.017	0.160
0.602	0.001	0.396	0.001
0.788	0.051	0.001	0.160
0.001	0.051	0.947	0.001
0.397	0.211	0.378	0.013
0.731	0.212	0.056	0.001
0.346	0.263	0.063	0.328
0.102	0.001	0.742	0.155
0.102	0.051	0.001	0.846
