>CGTDGACATACD	16-HGTATGTCHACG	8.264327	-20.856339	0	T:10.0(83.33%),B:0.0(0.00%),P:1e-9
0.167	0.571	0.127	0.135
0.001	0.001	0.734	0.264
0.127	0.302	0.042	0.529
0.251	0.169	0.356	0.225
0.209	0.042	0.707	0.042
0.654	0.220	0.001	0.125
0.135	0.656	0.042	0.167
0.749	0.167	0.083	0.001
0.001	0.010	0.211	0.778
0.624	0.125	0.084	0.167
0.127	0.517	0.189	0.167
0.354	0.125	0.221	0.300
