>AGACCTGKCMGK	12-MCKGMCAGGTCT	6.860111	-25.402086	0	T:12.0(100.00%),B:1.5(3.05%),P:1e-11
0.487	0.282	0.185	0.046
0.096	0.001	0.765	0.138
0.714	0.093	0.147	0.046
0.242	0.565	0.147	0.046
0.046	0.611	0.046	0.297
0.097	0.051	0.185	0.667
0.281	0.001	0.533	0.185
0.093	0.093	0.426	0.389
0.001	0.717	0.001	0.281
0.291	0.432	0.093	0.185
0.046	0.046	0.626	0.282
0.092	0.001	0.416	0.491
