>CGCATGCGMGSA	1-CGCATGCGMGSA	7.959772	-27.967035	0	T:12.0(100.00%),B:0.2(0.40%),P:1e-12
0.001	0.795	0.102	0.102
0.103	0.103	0.691	0.103
0.001	0.575	0.423	0.001
0.473	0.321	0.001	0.205
0.102	0.001	0.001	0.896
0.001	0.001	0.794	0.204
0.102	0.795	0.102	0.001
0.001	0.205	0.692	0.102
0.424	0.463	0.103	0.011
0.001	0.001	0.743	0.255
0.001	0.424	0.473	0.102
0.755	0.103	0.039	0.103
