>ACDTYCTTKCCA	13-ACDTYCTTKCCA,BestGuess:Elf5/MA0136.4/Jaspar(0.684)	9.611151	-24.075215	0	T:11.0(91.67%),B:0.0(0.00%),P:1e-10
0.846	0.001	0.051	0.102
0.155	0.742	0.001	0.102
0.328	0.063	0.263	0.346
0.001	0.056	0.212	0.731
0.013	0.378	0.211	0.397
0.001	0.947	0.051	0.001
0.160	0.001	0.051	0.788
0.001	0.396	0.001	0.602
0.160	0.017	0.346	0.477
0.102	0.846	0.051	0.001
0.211	0.531	0.051	0.207
0.846	0.152	0.001	0.001
