>CTTCTCATCTGC	1-CTTCTCATCTGC	7.879798	-30.864658	0	T:13.0(100.00%),B:0.0(0.00%),P:1e-13	Tpos:255.3,Tstd:123.7,Bpos:0.0,Bstd:0.0,StrandBias:3.4,Multiplicity:2.62
0.001	0.964	0.001	0.034
0.001	0.001	0.001	0.997
0.001	0.001	0.001	0.997
0.001	0.997	0.001	0.001
0.069	0.001	0.001	0.929
0.001	0.997	0.001	0.001
0.929	0.069	0.001	0.001
0.001	0.001	0.001	0.997
0.001	0.997	0.001	0.001
0.001	0.001	0.001	0.997
0.001	0.001	0.997	0.001
0.001	0.997	0.001	0.001
>TTAAAGACKRGG	2-TTAAAGACKRGG	9.231588	-30.864658	0	T:13.0(100.00%),B:0.3(0.59%),P:1e-13	Tpos:333.4,Tstd:114.7,Bpos:266.0,Bstd:0.0,StrandBias:0.2,Multiplicity:1.42
0.071	0.001	0.237	0.691
0.089	0.072	0.143	0.696
0.561	0.001	0.367	0.071
0.599	0.240	0.001	0.160
0.840	0.001	0.088	0.071
0.005	0.295	0.520	0.180
0.834	0.001	0.022	0.143
0.257	0.447	0.295	0.001
0.001	0.001	0.471	0.527
0.480	0.001	0.518	0.001
0.072	0.017	0.888	0.023
0.071	0.017	0.911	0.001
>CAAGAGTCCGCT	3-CAAGAGTCCGCT	5.809412	-30.864658	0	T:13.0(100.00%),B:0.6(1.12%),P:1e-13	Tpos:314.5,Tstd:121.9,Bpos:233.0,Bstd:0.0,StrandBias:-1.0,Multiplicity:1.77
0.001	0.997	0.001	0.001
0.997	0.001	0.001	0.001
0.708	0.001	0.001	0.290
0.290	0.001	0.708	0.001
0.915	0.001	0.083	0.001
0.001	0.083	0.915	0.001
0.140	0.234	0.001	0.625
0.001	0.708	0.290	0.001
0.083	0.625	0.291	0.001
0.290	0.001	0.708	0.001
0.001	0.997	0.001	0.001
0.001	0.001	0.001	0.997
>TTCAAGCCTCCA	4-TTCAAGCCTCCA	7.188444	-30.864658	0	T:13.0(100.00%),B:0.7(1.24%),P:1e-13	Tpos:287.4,Tstd:141.9,Bpos:190.9,Bstd:65.6,StrandBias:3.0,Multiplicity:1.50
0.001	0.001	0.001	0.997
0.145	0.001	0.001	0.853
0.001	0.766	0.232	0.001
0.799	0.146	0.054	0.001
0.620	0.001	0.378	0.001
0.001	0.054	0.944	0.001
0.054	0.944	0.001	0.001
0.080	0.918	0.001	0.001
0.001	0.146	0.146	0.707
0.378	0.620	0.001	0.001
0.146	0.799	0.001	0.054
0.766	0.146	0.001	0.087
>CVGCCCAAAGYV	5-CVGCCCAAAGYV	7.705456	-28.225601	0	T:13.0(100.00%),B:1.4(2.53%),P:1e-12	Tpos:387.6,Tstd:140.6,Bpos:396.6,Bstd:51.5,StrandBias:-3.2,Multiplicity:1.62
0.060	0.542	0.052	0.346
0.306	0.236	0.367	0.090
0.001	0.348	0.606	0.045
0.306	0.648	0.001	0.045
0.145	0.650	0.191	0.014
0.052	0.742	0.003	0.203
0.889	0.090	0.017	0.004
0.995	0.001	0.002	0.002
0.600	0.003	0.090	0.307
0.090	0.062	0.538	0.310
0.203	0.346	0.048	0.403
0.391	0.346	0.263	0.001
>CGCAGGATYCAG	6-CGCAGGATYCAG	8.972061	-26.857325	0	T:12.0(92.31%),B:0.0(0.00%),P:1e-11	Tpos:69.4,Tstd:130.5,Bpos:0.0,Bstd:0.0,StrandBias:-3.3,Multiplicity:1.83
0.001	0.997	0.001	0.001
0.001	0.001	0.997	0.001
0.001	0.997	0.001	0.001
0.671	0.001	0.327	0.001
0.001	0.001	0.997	0.001
0.001	0.001	0.997	0.001
0.997	0.001	0.001	0.001
0.001	0.001	0.001	0.997
0.001	0.514	0.001	0.484
0.001	0.997	0.001	0.001
0.997	0.001	0.001	0.001
0.001	0.001	0.997	0.001
>CGGGGCGTACMY	7-CGGGGCGTACMY	9.662162	-26.857325	0	T:12.0(92.31%),B:0.0(0.00%),P:1e-11	Tpos:124.8,Tstd:112.5,Bpos:0.0,Bstd:0.0,StrandBias:-0.4,Multiplicity:2.17
0.001	0.997	0.001	0.001
0.001	0.001	0.997	0.001
0.001	0.001	0.997	0.001
0.001	0.001	0.997	0.001
0.412	0.001	0.586	0.001
0.186	0.812	0.001	0.001
0.001	0.001	0.997	0.001
0.001	0.399	0.001	0.599
0.776	0.222	0.001	0.001
0.254	0.623	0.122	0.001
0.377	0.400	0.187	0.036
0.001	0.563	0.001	0.435
>TCAACGACCKAB	8-TCAACGACCKAB	8.059133	-26.857325	0	T:12.0(92.31%),B:0.0(0.00%),P:1e-11	Tpos:317.8,Tstd:65.4,Bpos:0.0,Bstd:0.0,StrandBias:0.2,Multiplicity:2.83
0.356	0.005	0.081	0.558
0.090	0.832	0.077	0.001
0.839	0.001	0.159	0.001
0.572	0.069	0.286	0.073
0.280	0.640	0.079	0.001
0.003	0.420	0.576	0.001
0.635	0.001	0.069	0.295
0.074	0.919	0.004	0.003
0.066	0.569	0.001	0.364
0.001	0.004	0.559	0.436
0.629	0.003	0.003	0.365
0.006	0.283	0.429	0.283
>GAAGACYMCTST	9-GAAGACYMCTST	8.741547	-26.857325	0	T:12.0(92.31%),B:0.0(0.00%),P:1e-11	Tpos:173.1,Tstd:77.3,Bpos:0.0,Bstd:0.0,StrandBias:3.9,Multiplicity:1.33
0.103	0.221	0.494	0.183
0.478	0.178	0.303	0.041
0.527	0.289	0.183	0.001
0.177	0.034	0.782	0.007
0.890	0.009	0.034	0.067
0.001	0.774	0.224	0.001
0.001	0.447	0.183	0.370
0.452	0.514	0.033	0.001
0.067	0.743	0.007	0.183
0.001	0.302	0.067	0.630
0.034	0.445	0.454	0.067
0.034	0.212	0.218	0.536
>CGGTCCGTGTGC	10-CGGTCCGTGTGC	7.689145	-26.857325	0	T:12.0(92.31%),B:0.3(0.64%),P:1e-11	Tpos:215.6,Tstd:133.1,Bpos:481.0,Bstd:0.0,StrandBias:3.0,Multiplicity:2.25
0.001	0.625	0.001	0.373
0.001	0.001	0.625	0.373
0.001	0.225	0.773	0.001
0.001	0.001	0.001	0.997
0.001	0.815	0.001	0.183
0.001	0.997	0.001	0.001
0.183	0.001	0.815	0.001
0.001	0.001	0.001	0.997
0.001	0.225	0.773	0.001
0.001	0.001	0.001	0.997
0.001	0.148	0.850	0.001
0.001	0.997	0.001	0.001
>CCACCAGNTCCW	11-CCACCAGNTCCW	7.487050	-26.857325	0	T:12.0(92.31%),B:0.9(1.58%),P:1e-11	Tpos:335.9,Tstd:97.5,Bpos:200.8,Bstd:96.9,StrandBias:4.0,Multiplicity:1.42
0.001	0.556	0.053	0.390
0.001	0.997	0.001	0.001
0.997	0.001	0.001	0.001
0.001	0.444	0.278	0.278
0.001	0.997	0.001	0.001
0.997	0.001	0.001	0.001
0.277	0.001	0.721	0.001
0.278	0.166	0.278	0.278
0.166	0.001	0.278	0.555
0.001	0.721	0.001	0.277
0.001	0.721	0.001	0.277
0.443	0.001	0.001	0.555
>GCYYAYGGTCWT	12-GCYYAYGGTCWT	9.128941	-26.857325	0	T:12.0(92.31%),B:0.0(0.00%),P:1e-11	Tpos:347.8,Tstd:86.5,Bpos:0.0,Bstd:0.0,StrandBias:0.9,Multiplicity:1.42
0.001	0.001	0.601	0.397
0.127	0.871	0.001	0.001
0.001	0.474	0.127	0.398
0.127	0.474	0.001	0.398
0.997	0.001	0.001	0.001
0.076	0.398	0.128	0.398
0.397	0.001	0.601	0.001
0.001	0.001	0.601	0.397
0.001	0.397	0.001	0.601
0.001	0.997	0.001	0.001
0.398	0.001	0.127	0.474
0.001	0.397	0.001	0.601
>GGGGGKGGAKDR	13-GGGGGKGGAKDR	7.126933	-23.525120	0	T:11.0(84.62%),B:0.3(0.52%),P:1e-10	Tpos:333.2,Tstd:57.6,Bpos:472.0,Bstd:0.0,StrandBias:3.3,Multiplicity:1.00
0.001	0.001	0.850	0.148
0.149	0.197	0.500	0.154
0.200	0.001	0.507	0.292
0.307	0.004	0.638	0.051
0.046	0.295	0.642	0.017
0.150	0.004	0.362	0.484
0.302	0.001	0.696	0.001
0.291	0.001	0.559	0.149
0.607	0.149	0.101	0.143
0.001	0.197	0.358	0.444
0.212	0.095	0.344	0.349
0.304	0.149	0.352	0.195
>TGGGACTCTCTC	14-TGGGACTCTCTC	11.683615	-23.525120	0	T:11.0(84.62%),B:0.0(0.00%),P:1e-10	Tpos:89.4,Tstd:150.4,Bpos:0.0,Bstd:0.0,StrandBias:2.6,Multiplicity:1.27
0.001	0.373	0.001	0.625
0.001	0.001	0.997	0.001
0.001	0.001	0.997	0.001
0.001	0.001	0.997	0.001
0.997	0.001	0.001	0.001
0.001	0.997	0.001	0.001
0.001	0.001	0.373	0.625
0.001	0.625	0.001	0.373
0.001	0.373	0.001	0.625
0.001	0.997	0.001	0.001
0.001	0.001	0.001	0.997
0.001	0.625	0.001	0.373
