>CTGGGAGGCT	1-CTGGGAGGCT	9.061326	-30.864658	0	T:13.0(100.00%),B:0.4(0.75%),P:1e-13	Tpos:392.2,Tstd:141.9,Bpos:487.0,Bstd:0.0,StrandBias:0.8,Multiplicity:2.77
0.001	0.568	0.047	0.384
0.001	0.047	0.094	0.858
0.155	0.001	0.628	0.216
0.001	0.001	0.997	0.001
0.046	0.001	0.952	0.001
0.573	0.001	0.047	0.379
0.001	0.201	0.797	0.001
0.001	0.001	0.750	0.248
0.202	0.704	0.047	0.047
0.001	0.047	0.249	0.703
>TCTGCACGTC	2-TCTGCACGTC	11.875651	-26.857325	0	T:12.0(92.31%),B:0.0(0.00%),P:1e-11	Tpos:188.7,Tstd:38.8,Bpos:0.0,Bstd:0.0,StrandBias:3.8,Multiplicity:1.25
0.001	0.001	0.001	0.997
0.001	0.997	0.001	0.001
0.001	0.001	0.001	0.997
0.001	0.368	0.630	0.001
0.001	0.997	0.001	0.001
0.578	0.420	0.001	0.001
0.001	0.947	0.051	0.001
0.001	0.001	0.973	0.025
0.021	0.001	0.001	0.977
0.001	0.997	0.001	0.001
>CTCCCAGTCC	3-CTCCCAGTCC	9.788566	-26.857325	0	T:12.0(92.31%),B:0.0(0.00%),P:1e-11	Tpos:188.8,Tstd:90.1,Bpos:0.0,Bstd:0.0,StrandBias:1.8,Multiplicity:1.83
0.001	0.997	0.001	0.001
0.001	0.001	0.001	0.997
0.001	0.625	0.373	0.001
0.001	0.997	0.001	0.001
0.001	0.997	0.001	0.001
0.625	0.001	0.373	0.001
0.001	0.001	0.808	0.190
0.154	0.001	0.001	0.844
0.001	0.997	0.001	0.001
0.001	0.997	0.001	0.001
>ACGHCCCGYG	4-ACGHCCCGYG	9.753180	-26.857325	0	T:12.0(92.31%),B:0.0(0.00%),P:1e-11	Tpos:58.2,Tstd:116.9,Bpos:0.0,Bstd:0.0,StrandBias:-1.0,Multiplicity:1.25
0.733	0.034	0.232	0.001
0.001	0.997	0.001	0.001
0.147	0.001	0.836	0.016
0.297	0.283	0.140	0.280
0.147	0.747	0.105	0.001
0.001	0.928	0.001	0.070
0.147	0.705	0.147	0.001
0.147	0.036	0.816	0.001
0.001	0.425	0.034	0.540
0.001	0.420	0.578	0.001
>CAGGATYCAG	5-CAGGATYCAG	6.205481	-26.857325	0	T:12.0(92.31%),B:0.0(0.00%),P:1e-11	Tpos:68.5,Tstd:131.1,Bpos:0.0,Bstd:0.0,StrandBias:-3.3,Multiplicity:1.83
0.001	0.997	0.001	0.001
0.671	0.001	0.327	0.001
0.001	0.001	0.997	0.001
0.001	0.001	0.997	0.001
0.997	0.001	0.001	0.001
0.001	0.001	0.001	0.997
0.001	0.514	0.001	0.484
0.001	0.997	0.001	0.001
0.997	0.001	0.001	0.001
0.001	0.001	0.997	0.001
>GAGAGGGGTC	6-GAGAGGGGTC	10.436131	-26.857325	0	T:12.0(92.31%),B:0.0(0.00%),P:1e-11	Tpos:228.4,Tstd:131.8,Bpos:0.0,Bstd:0.0,StrandBias:0.4,Multiplicity:1.17
0.001	0.001	0.997	0.001
0.625	0.001	0.373	0.001
0.001	0.001	0.997	0.001
0.997	0.001	0.001	0.001
0.001	0.001	0.997	0.001
0.001	0.001	0.997	0.001
0.362	0.001	0.636	0.001
0.001	0.001	0.997	0.001
0.065	0.001	0.234	0.700
0.001	0.648	0.001	0.350
>GTCAARGACT	7-GTCAARGACT	9.624683	-26.857325	0	T:12.0(92.31%),B:0.0(0.00%),P:1e-11	Tpos:278.5,Tstd:31.6,Bpos:0.0,Bstd:0.0,StrandBias:-0.6,Multiplicity:1.67
0.001	0.001	0.626	0.372
0.027	0.001	0.001	0.971
0.342	0.656	0.001	0.001
0.589	0.409	0.001	0.001
0.997	0.001	0.001	0.001
0.440	0.217	0.342	0.001
0.001	0.001	0.997	0.001
0.657	0.001	0.001	0.341
0.001	0.589	0.409	0.001
0.001	0.245	0.001	0.753
>TCTGCGCACC	8-TCTGCGCACC	5.653024	-26.857325	0	T:12.0(92.31%),B:0.9(1.59%),P:1e-11	Tpos:286.1,Tstd:108.9,Bpos:310.9,Bstd:1.6,StrandBias:3.4,Multiplicity:1.92
0.001	0.001	0.001	0.997
0.001	0.997	0.001	0.001
0.001	0.001	0.104	0.894
0.001	0.104	0.894	0.001
0.001	0.838	0.001	0.160
0.001	0.001	0.838	0.160
0.001	0.997	0.001	0.001
0.997	0.001	0.001	0.001
0.001	0.997	0.001	0.001
0.001	0.997	0.001	0.001
>TTAGGCAGAG	9-TTAGGCAGAG	12.195867	-26.857325	0	T:12.0(92.31%),B:0.0(0.00%),P:1e-11	Tpos:369.8,Tstd:146.0,Bpos:0.0,Bstd:0.0,StrandBias:-3.5,Multiplicity:1.00
0.079	0.001	0.287	0.633
0.029	0.001	0.079	0.891
0.997	0.001	0.001	0.001
0.001	0.001	0.997	0.001
0.160	0.001	0.838	0.001
0.001	0.997	0.001	0.001
0.841	0.157	0.001	0.001
0.161	0.111	0.633	0.095
0.920	0.078	0.001	0.001
0.175	0.001	0.823	0.001
>RAGGCACAAA	10-RAGGCACAAA	9.810084	-26.857325	0	T:12.0(92.31%),B:0.0(0.00%),P:1e-11	Tpos:299.4,Tstd:126.2,Bpos:0.0,Bstd:0.0,StrandBias:1.0,Multiplicity:1.50
0.385	0.001	0.385	0.230
0.997	0.001	0.001	0.001
0.001	0.001	0.997	0.001
0.001	0.001	0.997	0.001
0.001	0.997	0.001	0.001
0.614	0.384	0.001	0.001
0.001	0.794	0.001	0.204
0.997	0.001	0.001	0.001
0.614	0.001	0.384	0.001
0.997	0.001	0.001	0.001
>CAWRSAMCTT	11-CAWRSAMCTT	8.130597	-26.857325	0	T:12.0(92.31%),B:0.0(0.00%),P:1e-11	Tpos:347.0,Tstd:118.8,Bpos:0.0,Bstd:0.0,StrandBias:0.3,Multiplicity:1.67
0.001	0.902	0.001	0.096
0.649	0.302	0.001	0.048
0.468	0.001	0.001	0.530
0.324	0.048	0.422	0.206
0.151	0.271	0.372	0.206
0.854	0.001	0.144	0.001
0.476	0.522	0.001	0.001
0.151	0.704	0.097	0.048
0.048	0.303	0.052	0.597
0.001	0.145	0.151	0.703
>CTHTTGTTBA	12-CTHTTGTTBA	7.497353	-26.857325	0	T:12.0(92.31%),B:0.9(1.73%),P:1e-11	Tpos:291.6,Tstd:210.2,Bpos:227.1,Bstd:99.9,StrandBias:2.7,Multiplicity:1.92
0.124	0.785	0.001	0.090
0.001	0.315	0.192	0.492
0.300	0.291	0.132	0.277
0.094	0.207	0.060	0.639
0.001	0.128	0.154	0.717
0.249	0.002	0.719	0.030
0.060	0.094	0.124	0.722
0.060	0.094	0.219	0.627
0.094	0.338	0.256	0.311
0.909	0.030	0.001	0.060
>GCGCACCTCT	13-GCGCACCTCT	6.719835	-26.857325	0	T:12.0(92.31%),B:0.4(0.65%),P:1e-11	Tpos:151.1,Tstd:66.6,Bpos:304.0,Bstd:0.0,StrandBias:3.5,Multiplicity:1.00
0.001	0.001	0.997	0.001
0.001	0.997	0.001	0.001
0.062	0.007	0.930	0.001
0.001	0.997	0.001	0.001
0.929	0.069	0.001	0.001
0.001	0.937	0.001	0.061
0.001	0.991	0.001	0.007
0.001	0.001	0.001	0.997
0.001	0.997	0.001	0.001
0.001	0.001	0.001	0.997
>CTTTACGCGG	14-CTTTACGCGG	11.709366	-26.857325	0	T:12.0(92.31%),B:0.0(0.00%),P:1e-11	Tpos:159.4,Tstd:61.1,Bpos:0.0,Bstd:0.0,StrandBias:3.5,Multiplicity:1.00
0.001	0.652	0.346	0.001
0.001	0.346	0.001	0.652
0.001	0.001	0.346	0.652
0.001	0.001	0.001	0.997
0.652	0.001	0.001	0.346
0.001	0.997	0.001	0.001
0.346	0.001	0.652	0.001
0.001	0.997	0.001	0.001
0.001	0.001	0.997	0.001
0.001	0.001	0.997	0.001
>TCCTTCTCAT	15-TCCTTCTCAT	5.207186	-26.857325	0	T:12.0(92.31%),B:0.8(1.42%),P:1e-11	Tpos:190.8,Tstd:90.4,Bpos:147.9,Bstd:17.0,StrandBias:0.6,Multiplicity:2.09
0.001	0.043	0.331	0.625
0.001	0.997	0.001	0.001
0.001	0.670	0.328	0.001
0.001	0.001	0.001	0.997
0.001	0.001	0.001	0.997
0.001	0.997	0.001	0.001
0.328	0.001	0.001	0.670
0.001	0.997	0.001	0.001
0.628	0.040	0.331	0.001
0.001	0.001	0.371	0.627
>GYTTRAAGAY	16-GYTTRAAGAY	8.174149	-23.525120	0	T:11.0(84.62%),B:0.5(0.84%),P:1e-10	Tpos:296.7,Tstd:95.9,Bpos:335.0,Bstd:0.0,StrandBias:1.2,Multiplicity:2.09
0.374	0.001	0.624	0.001
0.001	0.525	0.001	0.473
0.387	0.027	0.001	0.585
0.001	0.001	0.001	0.997
0.474	0.001	0.499	0.027
0.821	0.001	0.177	0.001
0.887	0.001	0.111	0.001
0.001	0.347	0.651	0.001
0.972	0.001	0.026	0.001
0.001	0.540	0.001	0.458
>CGCCCACGGG	17-CGCCCACGGG	9.609834	-22.380608	0	T:12.0(92.31%),B:2.7(4.92%),P:1e-9	Tpos:118.2,Tstd:120.8,Bpos:238.2,Bstd:112.8,StrandBias:-1.6,Multiplicity:1.33
0.001	0.721	0.001	0.277
0.001	0.001	0.997	0.001
0.091	0.907	0.001	0.001
0.278	0.444	0.001	0.278
0.001	0.646	0.352	0.001
0.721	0.277	0.001	0.001
0.001	0.997	0.001	0.001
0.001	0.001	0.721	0.277
0.001	0.001	0.997	0.001
0.001	0.001	0.997	0.001
>CGACCACGGG	18-CGACCACGGG	6.681027	-22.380608	0	T:12.0(92.31%),B:2.5(4.59%),P:1e-9	Tpos:144.7,Tstd:75.0,Bpos:231.5,Bstd:7.0,StrandBias:3.3,Multiplicity:1.00
0.035	0.963	0.001	0.001
0.001	0.001	0.997	0.001
0.997	0.001	0.001	0.001
0.001	0.997	0.001	0.001
0.001	0.997	0.001	0.001
0.917	0.001	0.001	0.081
0.001	0.917	0.001	0.081
0.001	0.001	0.997	0.001
0.045	0.001	0.953	0.001
0.001	0.001	0.997	0.001
>TVTCAADGAC	19-TVTCAADGAC	6.818167	-21.073500	0	T:11.0(84.62%),B:1.9(3.47%),P:1e-9	Tpos:277.6,Tstd:28.3,Bpos:284.7,Bstd:131.7,StrandBias:-0.2,Multiplicity:2.18
0.001	0.290	0.206	0.503
0.260	0.363	0.374	0.003
0.048	0.001	0.048	0.903
0.048	0.580	0.371	0.001
0.441	0.146	0.207	0.207
0.694	0.001	0.099	0.206
0.308	0.121	0.316	0.255
0.099	0.001	0.899	0.001
0.668	0.019	0.001	0.312
0.048	0.852	0.001	0.099
>CTAATCTCCT	20-CTAATCTCCT	6.073928	-20.580681	0	T:10.0(76.92%),B:0.5(0.91%),P:1e-8	Tpos:283.3,Tstd:110.1,Bpos:497.0,Bstd:0.0,StrandBias:-1.3,Multiplicity:1.40
0.001	0.997	0.001	0.001
0.001	0.001	0.001	0.997
0.772	0.226	0.001	0.001
0.772	0.085	0.001	0.142
0.001	0.001	0.001	0.997
0.001	0.997	0.001	0.001
0.001	0.084	0.001	0.914
0.001	0.997	0.001	0.001
0.001	0.997	0.001	0.001
0.001	0.085	0.142	0.772
>GCTTGGGGCT	21-GCTTGGGGCT	8.350283	-17.906533	0	T:9.0(69.23%),B:0.9(1.74%),P:1e-7	Tpos:117.3,Tstd:108.4,Bpos:202.1,Bstd:87.3,StrandBias:3.0,Multiplicity:1.00
0.100	0.100	0.700	0.100
0.100	0.700	0.100	0.100
0.100	0.100	0.100	0.700
0.100	0.100	0.100	0.700
0.100	0.100	0.700	0.100
0.100	0.100	0.700	0.100
0.100	0.100	0.700	0.100
0.100	0.100	0.700	0.100
0.100	0.700	0.100	0.100
0.100	0.100	0.100	0.700
>GGAGGAGATT	22-GGAGGAGATT	4.458463	-0.885272	0	T:13.0(100.00%),B:50.3(92.81%),P:1e0	Tpos:199.8,Tstd:80.0,Bpos:249.4,Bstd:177.9,StrandBias:-1.6,Multiplicity:1.00
0.100	0.100	0.700	0.100
0.100	0.100	0.700	0.100
0.700	0.100	0.100	0.100
0.100	0.100	0.700	0.100
0.100	0.100	0.700	0.100
0.700	0.100	0.100	0.100
0.100	0.100	0.700	0.100
0.700	0.100	0.100	0.100
0.100	0.100	0.100	0.700
0.100	0.100	0.100	0.700
>CTTCTCATCTGC	1-CTTCTCATCTGC	7.879798	-30.864658	0	T:13.0(100.00%),B:0.0(0.00%),P:1e-13	Tpos:255.3,Tstd:123.7,Bpos:0.0,Bstd:0.0,StrandBias:3.4,Multiplicity:2.62
0.001	0.964	0.001	0.034
0.001	0.001	0.001	0.997
0.001	0.001	0.001	0.997
0.001	0.997	0.001	0.001
0.069	0.001	0.001	0.929
0.001	0.997	0.001	0.001
0.929	0.069	0.001	0.001
0.001	0.001	0.001	0.997
0.001	0.997	0.001	0.001
0.001	0.001	0.001	0.997
0.001	0.001	0.997	0.001
0.001	0.997	0.001	0.001
>TTAAAGACKRGG	2-TTAAAGACKRGG	9.231588	-30.864658	0	T:13.0(100.00%),B:0.3(0.59%),P:1e-13	Tpos:333.4,Tstd:114.7,Bpos:266.0,Bstd:0.0,StrandBias:0.2,Multiplicity:1.42
0.071	0.001	0.237	0.691
0.089	0.072	0.143	0.696
0.561	0.001	0.367	0.071
0.599	0.240	0.001	0.160
0.840	0.001	0.088	0.071
0.005	0.295	0.520	0.180
0.834	0.001	0.022	0.143
0.257	0.447	0.295	0.001
0.001	0.001	0.471	0.527
0.480	0.001	0.518	0.001
0.072	0.017	0.888	0.023
0.071	0.017	0.911	0.001
>CAAGAGTCCGCT	3-CAAGAGTCCGCT	5.809412	-30.864658	0	T:13.0(100.00%),B:0.6(1.12%),P:1e-13	Tpos:314.5,Tstd:121.9,Bpos:233.0,Bstd:0.0,StrandBias:-1.0,Multiplicity:1.77
0.001	0.997	0.001	0.001
0.997	0.001	0.001	0.001
0.708	0.001	0.001	0.290
0.290	0.001	0.708	0.001
0.915	0.001	0.083	0.001
0.001	0.083	0.915	0.001
0.140	0.234	0.001	0.625
0.001	0.708	0.290	0.001
0.083	0.625	0.291	0.001
0.290	0.001	0.708	0.001
0.001	0.997	0.001	0.001
0.001	0.001	0.001	0.997
>TTCAAGCCTCCA	4-TTCAAGCCTCCA	7.188444	-30.864658	0	T:13.0(100.00%),B:0.7(1.24%),P:1e-13	Tpos:287.4,Tstd:141.9,Bpos:190.9,Bstd:65.6,StrandBias:3.0,Multiplicity:1.50
0.001	0.001	0.001	0.997
0.145	0.001	0.001	0.853
0.001	0.766	0.232	0.001
0.799	0.146	0.054	0.001
0.620	0.001	0.378	0.001
0.001	0.054	0.944	0.001
0.054	0.944	0.001	0.001
0.080	0.918	0.001	0.001
0.001	0.146	0.146	0.707
0.378	0.620	0.001	0.001
0.146	0.799	0.001	0.054
0.766	0.146	0.001	0.087
>CVGCCCAAAGYV	5-CVGCCCAAAGYV	7.705456	-28.225601	0	T:13.0(100.00%),B:1.4(2.53%),P:1e-12	Tpos:387.6,Tstd:140.6,Bpos:396.6,Bstd:51.5,StrandBias:-3.2,Multiplicity:1.62
0.060	0.542	0.052	0.346
0.306	0.236	0.367	0.090
0.001	0.348	0.606	0.045
0.306	0.648	0.001	0.045
0.145	0.650	0.191	0.014
0.052	0.742	0.003	0.203
0.889	0.090	0.017	0.004
0.995	0.001	0.002	0.002
0.600	0.003	0.090	0.307
0.090	0.062	0.538	0.310
0.203	0.346	0.048	0.403
0.391	0.346	0.263	0.001
>CGCAGGATYCAG	6-CGCAGGATYCAG	8.972061	-26.857325	0	T:12.0(92.31%),B:0.0(0.00%),P:1e-11	Tpos:69.4,Tstd:130.5,Bpos:0.0,Bstd:0.0,StrandBias:-3.3,Multiplicity:1.83
0.001	0.997	0.001	0.001
0.001	0.001	0.997	0.001
0.001	0.997	0.001	0.001
0.671	0.001	0.327	0.001
0.001	0.001	0.997	0.001
0.001	0.001	0.997	0.001
0.997	0.001	0.001	0.001
0.001	0.001	0.001	0.997
0.001	0.514	0.001	0.484
0.001	0.997	0.001	0.001
0.997	0.001	0.001	0.001
0.001	0.001	0.997	0.001
>CGGGGCGTACMY	7-CGGGGCGTACMY	9.662162	-26.857325	0	T:12.0(92.31%),B:0.0(0.00%),P:1e-11	Tpos:124.8,Tstd:112.5,Bpos:0.0,Bstd:0.0,StrandBias:-0.4,Multiplicity:2.17
0.001	0.997	0.001	0.001
0.001	0.001	0.997	0.001
0.001	0.001	0.997	0.001
0.001	0.001	0.997	0.001
0.412	0.001	0.586	0.001
0.186	0.812	0.001	0.001
0.001	0.001	0.997	0.001
0.001	0.399	0.001	0.599
0.776	0.222	0.001	0.001
0.254	0.623	0.122	0.001
0.377	0.400	0.187	0.036
0.001	0.563	0.001	0.435
>TCAACGACCKAB	8-TCAACGACCKAB	8.059133	-26.857325	0	T:12.0(92.31%),B:0.0(0.00%),P:1e-11	Tpos:317.8,Tstd:65.4,Bpos:0.0,Bstd:0.0,StrandBias:0.2,Multiplicity:2.83
0.356	0.005	0.081	0.558
0.090	0.832	0.077	0.001
0.839	0.001	0.159	0.001
0.572	0.069	0.286	0.073
0.280	0.640	0.079	0.001
0.003	0.420	0.576	0.001
0.635	0.001	0.069	0.295
0.074	0.919	0.004	0.003
0.066	0.569	0.001	0.364
0.001	0.004	0.559	0.436
0.629	0.003	0.003	0.365
0.006	0.283	0.429	0.283
>GAAGACYMCTST	9-GAAGACYMCTST	8.741547	-26.857325	0	T:12.0(92.31%),B:0.0(0.00%),P:1e-11	Tpos:173.1,Tstd:77.3,Bpos:0.0,Bstd:0.0,StrandBias:3.9,Multiplicity:1.33
0.103	0.221	0.494	0.183
0.478	0.178	0.303	0.041
0.527	0.289	0.183	0.001
0.177	0.034	0.782	0.007
0.890	0.009	0.034	0.067
0.001	0.774	0.224	0.001
0.001	0.447	0.183	0.370
0.452	0.514	0.033	0.001
0.067	0.743	0.007	0.183
0.001	0.302	0.067	0.630
0.034	0.445	0.454	0.067
0.034	0.212	0.218	0.536
>CGGTCCGTGTGC	10-CGGTCCGTGTGC	7.689145	-26.857325	0	T:12.0(92.31%),B:0.3(0.64%),P:1e-11	Tpos:215.6,Tstd:133.1,Bpos:481.0,Bstd:0.0,StrandBias:3.0,Multiplicity:2.25
0.001	0.625	0.001	0.373
0.001	0.001	0.625	0.373
0.001	0.225	0.773	0.001
0.001	0.001	0.001	0.997
0.001	0.815	0.001	0.183
0.001	0.997	0.001	0.001
0.183	0.001	0.815	0.001
0.001	0.001	0.001	0.997
0.001	0.225	0.773	0.001
0.001	0.001	0.001	0.997
0.001	0.148	0.850	0.001
0.001	0.997	0.001	0.001
>CCACCAGNTCCW	11-CCACCAGNTCCW	7.487050	-26.857325	0	T:12.0(92.31%),B:0.9(1.58%),P:1e-11	Tpos:335.9,Tstd:97.5,Bpos:200.8,Bstd:96.9,StrandBias:4.0,Multiplicity:1.42
0.001	0.556	0.053	0.390
0.001	0.997	0.001	0.001
0.997	0.001	0.001	0.001
0.001	0.444	0.278	0.278
0.001	0.997	0.001	0.001
0.997	0.001	0.001	0.001
0.277	0.001	0.721	0.001
0.278	0.166	0.278	0.278
0.166	0.001	0.278	0.555
0.001	0.721	0.001	0.277
0.001	0.721	0.001	0.277
0.443	0.001	0.001	0.555
>GCYYAYGGTCWT	12-GCYYAYGGTCWT	9.128941	-26.857325	0	T:12.0(92.31%),B:0.0(0.00%),P:1e-11	Tpos:347.8,Tstd:86.5,Bpos:0.0,Bstd:0.0,StrandBias:0.9,Multiplicity:1.42
0.001	0.001	0.601	0.397
0.127	0.871	0.001	0.001
0.001	0.474	0.127	0.398
0.127	0.474	0.001	0.398
0.997	0.001	0.001	0.001
0.076	0.398	0.128	0.398
0.397	0.001	0.601	0.001
0.001	0.001	0.601	0.397
0.001	0.397	0.001	0.601
0.001	0.997	0.001	0.001
0.398	0.001	0.127	0.474
0.001	0.397	0.001	0.601
>GGGGGKGGAKDR	13-GGGGGKGGAKDR	7.126933	-23.525120	0	T:11.0(84.62%),B:0.3(0.52%),P:1e-10	Tpos:333.2,Tstd:57.6,Bpos:472.0,Bstd:0.0,StrandBias:3.3,Multiplicity:1.00
0.001	0.001	0.850	0.148
0.149	0.197	0.500	0.154
0.200	0.001	0.507	0.292
0.307	0.004	0.638	0.051
0.046	0.295	0.642	0.017
0.150	0.004	0.362	0.484
0.302	0.001	0.696	0.001
0.291	0.001	0.559	0.149
0.607	0.149	0.101	0.143
0.001	0.197	0.358	0.444
0.212	0.095	0.344	0.349
0.304	0.149	0.352	0.195
>TGGGACTCTCTC	14-TGGGACTCTCTC	11.683615	-23.525120	0	T:11.0(84.62%),B:0.0(0.00%),P:1e-10	Tpos:89.4,Tstd:150.4,Bpos:0.0,Bstd:0.0,StrandBias:2.6,Multiplicity:1.27
0.001	0.373	0.001	0.625
0.001	0.001	0.997	0.001
0.001	0.001	0.997	0.001
0.001	0.001	0.997	0.001
0.997	0.001	0.001	0.001
0.001	0.997	0.001	0.001
0.001	0.001	0.373	0.625
0.001	0.625	0.001	0.373
0.001	0.373	0.001	0.625
0.001	0.997	0.001	0.001
0.001	0.001	0.001	0.997
0.001	0.625	0.001	0.373
>TGTGCCTT	1-TGTGCCTT	8.630111	-30.864658	0	T:13.0(100.00%),B:0.3(0.63%),P:1e-13	Tpos:319.6,Tstd:173.5,Bpos:83.0,Bstd:0.0,StrandBias:3.2,Multiplicity:1.54
0.001	0.001	0.160	0.838
0.247	0.271	0.481	0.001
0.001	0.001	0.085	0.913
0.001	0.001	0.997	0.001
0.001	0.777	0.161	0.061
0.181	0.692	0.126	0.001
0.001	0.161	0.134	0.704
0.299	0.085	0.001	0.615
>TGTTTAKG	2-TGTTTAKG	8.142409	-30.864658	0	T:13.0(100.00%),B:0.0(0.00%),P:1e-13	Tpos:388.4,Tstd:130.8,Bpos:0.0,Bstd:0.0,StrandBias:0.1,Multiplicity:1.92
0.001	0.001	0.001	0.997
0.047	0.001	0.951	0.001
0.385	0.001	0.001	0.613
0.150	0.001	0.048	0.801
0.001	0.411	0.001	0.587
0.848	0.001	0.001	0.150
0.227	0.001	0.386	0.386
0.001	0.001	0.997	0.001
>CGGGACGT	3-CGGGACGT	10.958391	-26.857325	0	T:12.0(92.31%),B:0.0(0.00%),P:1e-11	Tpos:65.4,Tstd:131.0,Bpos:0.0,Bstd:0.0,StrandBias:0.0,Multiplicity:1.83
0.001	0.997	0.001	0.001
0.001	0.001	0.997	0.001
0.001	0.001	0.997	0.001
0.001	0.001	0.997	0.001
0.895	0.001	0.001	0.103
0.001	0.997	0.001	0.001
0.001	0.001	0.997	0.001
0.001	0.001	0.001	0.997
>ACTCTTGG	4-ACTCTTGG	10.008565	-26.857325	0	T:12.0(92.31%),B:0.3(0.64%),P:1e-11	Tpos:263.8,Tstd:10.2,Bpos:346.0,Bstd:0.0,StrandBias:2.5,Multiplicity:1.08
0.565	0.187	0.001	0.247
0.001	0.997	0.001	0.001
0.001	0.001	0.247	0.751
0.001	0.997	0.001	0.001
0.001	0.001	0.001	0.997
0.001	0.001	0.001	0.997
0.001	0.001	0.997	0.001
0.001	0.001	0.811	0.187
>CKCCCCGT	5-CKCCCCGT	7.750837	-26.857325	0	T:12.0(92.31%),B:0.6(1.14%),P:1e-11	Tpos:181.6,Tstd:85.9,Bpos:222.2,Bstd:11.9,StrandBias:-0.2,Multiplicity:2.00
0.001	0.997	0.001	0.001
0.001	0.001	0.425	0.573
0.001	0.997	0.001	0.001
0.001	0.997	0.001	0.001
0.001	0.997	0.001	0.001
0.063	0.935	0.001	0.001
0.001	0.001	0.997	0.001
0.001	0.001	0.001	0.997
>CGTGTGCA	6-CGTGTGCA	8.236954	-26.857325	0	T:12.0(92.31%),B:0.0(0.00%),P:1e-11	Tpos:193.6,Tstd:38.4,Bpos:0.0,Bstd:0.0,StrandBias:3.5,Multiplicity:1.00
0.100	0.700	0.100	0.100
0.100	0.100	0.700	0.100
0.100	0.100	0.100	0.700
0.100	0.100	0.700	0.100
0.100	0.100	0.100	0.700
0.100	0.100	0.700	0.100
0.100	0.700	0.100	0.100
0.700	0.100	0.100	0.100
>GTCGCTTG	7-GTCGCTTG	9.059026	-26.857325	0	T:12.0(92.31%),B:0.5(0.88%),P:1e-11	Tpos:310.9,Tstd:153.0,Bpos:92.0,Bstd:0.0,StrandBias:-1.3,Multiplicity:1.27
0.001	0.001	0.997	0.001
0.001	0.001	0.001	0.997
0.001	0.625	0.001	0.373
0.041	0.001	0.957	0.001
0.001	0.997	0.001	0.001
0.373	0.001	0.001	0.625
0.001	0.001	0.001	0.997
0.001	0.001	0.997	0.001
>CACCAGCA	8-CACCAGCA	8.236954	-26.857325	0	T:12.0(92.31%),B:0.0(0.00%),P:1e-11	Tpos:383.6,Tstd:87.6,Bpos:0.0,Bstd:0.0,StrandBias:3.5,Multiplicity:1.00
0.100	0.700	0.100	0.100
0.700	0.100	0.100	0.100
0.100	0.700	0.100	0.100
0.100	0.700	0.100	0.100
0.700	0.100	0.100	0.100
0.100	0.100	0.700	0.100
0.100	0.700	0.100	0.100
0.700	0.100	0.100	0.100
>ACTGTTCA	9-ACTGTTCA	8.236954	-26.857325	0	T:12.0(92.31%),B:0.3(0.63%),P:1e-11	Tpos:394.8,Tstd:156.9,Bpos:374.0,Bstd:0.0,StrandBias:3.5,Multiplicity:1.00
0.700	0.100	0.100	0.100
0.100	0.700	0.100	0.100
0.100	0.100	0.100	0.700
0.100	0.100	0.700	0.100
0.100	0.100	0.100	0.700
0.100	0.100	0.100	0.700
0.100	0.700	0.100	0.100
0.700	0.100	0.100	0.100
>GGTGGCTT	10-GGTGGCTT	9.867519	-26.857325	0	T:12.0(92.31%),B:0.3(0.53%),P:1e-11	Tpos:418.2,Tstd:167.9,Bpos:261.0,Bstd:0.0,StrandBias:3.5,Multiplicity:1.00
0.001	0.001	0.997	0.001
0.001	0.001	0.997	0.001
0.276	0.203	0.001	0.520
0.001	0.202	0.796	0.001
0.001	0.001	0.997	0.001
0.001	0.997	0.001	0.001
0.001	0.001	0.001	0.997
0.001	0.001	0.276	0.722
>CTCATCTG	11-CTCATCTG	8.319446	-26.210698	0	T:13.0(100.00%),B:2.4(4.34%),P:1e-11	Tpos:254.5,Tstd:122.4,Bpos:238.4,Bstd:101.5,StrandBias:3.4,Multiplicity:2.69
0.001	0.997	0.001	0.001
0.344	0.073	0.001	0.582
0.001	0.699	0.073	0.227
0.582	0.416	0.001	0.001
0.001	0.001	0.072	0.926
0.001	0.997	0.001	0.001
0.001	0.001	0.001	0.997
0.001	0.090	0.682	0.227
>TTTGGTGG	12-TTTGGTGG	8.420828	-26.210698	0	T:13.0(100.00%),B:2.4(4.40%),P:1e-11	Tpos:380.3,Tstd:135.4,Bpos:111.5,Bstd:19.6,StrandBias:-0.8,Multiplicity:1.46
0.037	0.328	0.001	0.634
0.001	0.001	0.001	0.997
0.373	0.001	0.001	0.625
0.037	0.008	0.954	0.001
0.005	0.001	0.993	0.001
0.360	0.008	0.001	0.631
0.001	0.001	0.997	0.001
0.001	0.001	0.997	0.001
>GACSACCG	13-GACSACCG	8.211883	-24.309301	0	T:12.0(92.31%),B:1.5(2.82%),P:1e-10	Tpos:155.1,Tstd:102.7,Bpos:178.2,Bstd:105.0,StrandBias:3.4,Multiplicity:1.92
0.251	0.001	0.747	0.001
0.810	0.157	0.032	0.001
0.001	0.997	0.001	0.001
0.001	0.403	0.439	0.157
0.791	0.207	0.001	0.001
0.001	0.997	0.001	0.001
0.001	0.997	0.001	0.001
0.157	0.270	0.572	0.001
>AAAGACTG	14-AAAGACTG	10.872090	-23.525120	0	T:11.0(84.62%),B:0.0(0.00%),P:1e-10	Tpos:305.2,Tstd:46.5,Bpos:0.0,Bstd:0.0,StrandBias:2.9,Multiplicity:1.55
0.997	0.001	0.001	0.001
0.997	0.001	0.001	0.001
0.821	0.001	0.177	0.001
0.001	0.001	0.997	0.001
0.997	0.001	0.001	0.001
0.001	0.997	0.001	0.001
0.001	0.001	0.001	0.997
0.001	0.001	0.997	0.001
>ATCCTGCG	15-ATCCTGCG	9.679363	-23.525120	0	T:11.0(84.62%),B:0.3(0.62%),P:1e-10	Tpos:72.8,Tstd:131.8,Bpos:332.0,Bstd:0.0,StrandBias:3.2,Multiplicity:1.91
0.997	0.001	0.001	0.001
0.001	0.001	0.001	0.997
0.001	0.997	0.001	0.001
0.001	0.997	0.001	0.001
0.001	0.277	0.001	0.721
0.001	0.001	0.957	0.041
0.001	0.997	0.001	0.001
0.001	0.064	0.934	0.001
>TTTATGCC	16-TTTATGCC	10.925034	-23.525120	0	T:11.0(84.62%),B:0.0(0.00%),P:1e-10	Tpos:365.6,Tstd:80.2,Bpos:0.0,Bstd:0.0,StrandBias:-3.3,Multiplicity:1.00
0.001	0.001	0.001	0.997
0.001	0.001	0.001	0.997
0.001	0.001	0.001	0.997
0.997	0.001	0.001	0.001
0.001	0.069	0.001	0.929
0.001	0.001	0.997	0.001
0.001	0.997	0.001	0.001
0.001	0.929	0.069	0.001
>GGGCAGGA	17-GGGCAGGA	10.026400	-23.525120	0	T:11.0(84.62%),B:0.9(1.73%),P:1e-10	Tpos:323.8,Tstd:59.2,Bpos:211.1,Bstd:93.4,StrandBias:2.3,Multiplicity:1.09
0.001	0.001	0.997	0.001
0.001	0.001	0.997	0.001
0.001	0.001	0.997	0.001
0.001	0.625	0.373	0.001
0.997	0.001	0.001	0.001
0.001	0.056	0.942	0.001
0.001	0.001	0.997	0.001
0.997	0.001	0.001	0.001
>GAGAGGWG	18-GAGAGGWG	8.861473	-22.380608	0	T:12.0(92.31%),B:2.5(4.68%),P:1e-9	Tpos:157.9,Tstd:66.8,Bpos:375.4,Bstd:60.0,StrandBias:-3.6,Multiplicity:1.08
0.001	0.001	0.682	0.316
0.589	0.001	0.409	0.001
0.001	0.057	0.941	0.001
0.682	0.001	0.316	0.001
0.057	0.001	0.941	0.001
0.001	0.001	0.997	0.001
0.465	0.001	0.061	0.473
0.001	0.001	0.941	0.057
>CKTCGCWT	19-CKTCGCWT	8.526315	-22.380608	0	T:12.0(92.31%),B:2.8(5.24%),P:1e-9	Tpos:208.6,Tstd:33.0,Bpos:278.1,Bstd:101.2,StrandBias:3.2,Multiplicity:1.67
0.001	0.929	0.069	0.001
0.001	0.001	0.534	0.464
0.001	0.044	0.001	0.954
0.001	0.620	0.001	0.378
0.001	0.001	0.997	0.001
0.001	0.620	0.001	0.378
0.465	0.044	0.001	0.490
0.001	0.001	0.001	0.997
>THGGTCGG	20-THGGTCGG	6.849348	-20.788689	0	T:12.0(92.31%),B:3.5(6.54%),P:1e-9	Tpos:337.1,Tstd:118.5,Bpos:156.0,Bstd:82.1,StrandBias:1.9,Multiplicity:1.17
0.266	0.044	0.135	0.555
0.353	0.214	0.131	0.302
0.001	0.110	0.888	0.001
0.001	0.223	0.775	0.001
0.072	0.087	0.135	0.706
0.001	0.819	0.179	0.001
0.136	0.028	0.504	0.332
0.001	0.131	0.650	0.218
>TCGGCSST	21-TCGGCSST	6.327154	-20.788689	0	T:12.0(92.31%),B:3.1(5.68%),P:1e-9	Tpos:112.7,Tstd:113.4,Bpos:165.1,Bstd:72.4,StrandBias:3.1,Multiplicity:1.58
0.016	0.025	0.195	0.764
0.130	0.706	0.122	0.042
0.084	0.182	0.544	0.190
0.001	0.102	0.837	0.060
0.001	0.831	0.069	0.099
0.127	0.418	0.373	0.082
0.077	0.348	0.469	0.106
0.102	0.212	0.075	0.611
>AAGGTCTT	22-AAGGTCTT	8.236954	-20.580681	0	T:10.0(76.92%),B:0.6(1.15%),P:1e-8	Tpos:301.6,Tstd:70.7,Bpos:387.1,Bstd:33.5,StrandBias:2.8,Multiplicity:1.60
0.700	0.100	0.100	0.100
0.700	0.100	0.100	0.100
0.100	0.100	0.700	0.100
0.100	0.100	0.700	0.100
0.100	0.100	0.100	0.700
0.100	0.700	0.100	0.100
0.100	0.100	0.100	0.700
0.100	0.100	0.100	0.700
>ATGTCAAC	23-ATGTCAAC	8.236954	-20.580681	0	T:10.0(76.92%),B:0.0(0.00%),P:1e-8	Tpos:279.1,Tstd:20.7,Bpos:0.0,Bstd:0.0,StrandBias:3.2,Multiplicity:1.00
0.700	0.100	0.100	0.100
0.100	0.100	0.100	0.700
0.100	0.100	0.700	0.100
0.100	0.100	0.100	0.700
0.100	0.700	0.100	0.100
0.700	0.100	0.100	0.100
0.700	0.100	0.100	0.100
0.100	0.700	0.100	0.100
>GGASGAGW	24-GGASGAGW	9.213374	-20.580681	0	T:10.0(76.92%),B:0.0(0.00%),P:1e-8	Tpos:317.1,Tstd:57.9,Bpos:0.0,Bstd:0.0,StrandBias:2.8,Multiplicity:1.00
0.001	0.001	0.997	0.001
0.001	0.001	0.997	0.001
0.713	0.001	0.285	0.001
0.001	0.446	0.552	0.001
0.001	0.001	0.997	0.001
0.713	0.285	0.001	0.001
0.001	0.001	0.997	0.001
0.446	0.001	0.001	0.552
>CTTCTCCG	25-CTTCTCCG	8.236954	-16.489883	0	T:10.0(76.92%),B:3.0(5.46%),P:1e-7	Tpos:128.7,Tstd:92.1,Bpos:285.0,Bstd:0.0,StrandBias:3.2,Multiplicity:1.00
0.100	0.700	0.100	0.100
0.100	0.100	0.100	0.700
0.100	0.100	0.100	0.700
0.100	0.700	0.100	0.100
0.100	0.100	0.100	0.700
0.100	0.700	0.100	0.100
0.100	0.700	0.100	0.100
0.100	0.100	0.700	0.100
