>CTGGGAGGCT	1-CTGGGAGGCT	9.061326	-30.864658	0	T:13.0(100.00%),B:0.4(0.75%),P:1e-13	Tpos:392.2,Tstd:141.9,Bpos:487.0,Bstd:0.0,StrandBias:0.8,Multiplicity:2.77
0.001	0.568	0.047	0.384
0.001	0.047	0.094	0.858
0.155	0.001	0.628	0.216
0.001	0.001	0.997	0.001
0.046	0.001	0.952	0.001
0.573	0.001	0.047	0.379
0.001	0.201	0.797	0.001
0.001	0.001	0.750	0.248
0.202	0.704	0.047	0.047
0.001	0.047	0.249	0.703
>TCTGCACGTC	2-TCTGCACGTC	11.875651	-26.857325	0	T:12.0(92.31%),B:0.0(0.00%),P:1e-11	Tpos:188.7,Tstd:38.8,Bpos:0.0,Bstd:0.0,StrandBias:3.8,Multiplicity:1.25
0.001	0.001	0.001	0.997
0.001	0.997	0.001	0.001
0.001	0.001	0.001	0.997
0.001	0.368	0.630	0.001
0.001	0.997	0.001	0.001
0.578	0.420	0.001	0.001
0.001	0.947	0.051	0.001
0.001	0.001	0.973	0.025
0.021	0.001	0.001	0.977
0.001	0.997	0.001	0.001
>CTCCCAGTCC	3-CTCCCAGTCC	9.788566	-26.857325	0	T:12.0(92.31%),B:0.0(0.00%),P:1e-11	Tpos:188.8,Tstd:90.1,Bpos:0.0,Bstd:0.0,StrandBias:1.8,Multiplicity:1.83
0.001	0.997	0.001	0.001
0.001	0.001	0.001	0.997
0.001	0.625	0.373	0.001
0.001	0.997	0.001	0.001
0.001	0.997	0.001	0.001
0.625	0.001	0.373	0.001
0.001	0.001	0.808	0.190
0.154	0.001	0.001	0.844
0.001	0.997	0.001	0.001
0.001	0.997	0.001	0.001
>ACGHCCCGYG	4-ACGHCCCGYG	9.753180	-26.857325	0	T:12.0(92.31%),B:0.0(0.00%),P:1e-11	Tpos:58.2,Tstd:116.9,Bpos:0.0,Bstd:0.0,StrandBias:-1.0,Multiplicity:1.25
0.733	0.034	0.232	0.001
0.001	0.997	0.001	0.001
0.147	0.001	0.836	0.016
0.297	0.283	0.140	0.280
0.147	0.747	0.105	0.001
0.001	0.928	0.001	0.070
0.147	0.705	0.147	0.001
0.147	0.036	0.816	0.001
0.001	0.425	0.034	0.540
0.001	0.420	0.578	0.001
>CAGGATYCAG	5-CAGGATYCAG	6.205481	-26.857325	0	T:12.0(92.31%),B:0.0(0.00%),P:1e-11	Tpos:68.5,Tstd:131.1,Bpos:0.0,Bstd:0.0,StrandBias:-3.3,Multiplicity:1.83
0.001	0.997	0.001	0.001
0.671	0.001	0.327	0.001
0.001	0.001	0.997	0.001
0.001	0.001	0.997	0.001
0.997	0.001	0.001	0.001
0.001	0.001	0.001	0.997
0.001	0.514	0.001	0.484
0.001	0.997	0.001	0.001
0.997	0.001	0.001	0.001
0.001	0.001	0.997	0.001
>GAGAGGGGTC	6-GAGAGGGGTC	10.436131	-26.857325	0	T:12.0(92.31%),B:0.0(0.00%),P:1e-11	Tpos:228.4,Tstd:131.8,Bpos:0.0,Bstd:0.0,StrandBias:0.4,Multiplicity:1.17
0.001	0.001	0.997	0.001
0.625	0.001	0.373	0.001
0.001	0.001	0.997	0.001
0.997	0.001	0.001	0.001
0.001	0.001	0.997	0.001
0.001	0.001	0.997	0.001
0.362	0.001	0.636	0.001
0.001	0.001	0.997	0.001
0.065	0.001	0.234	0.700
0.001	0.648	0.001	0.350
>GTCAARGACT	7-GTCAARGACT	9.624683	-26.857325	0	T:12.0(92.31%),B:0.0(0.00%),P:1e-11	Tpos:278.5,Tstd:31.6,Bpos:0.0,Bstd:0.0,StrandBias:-0.6,Multiplicity:1.67
0.001	0.001	0.626	0.372
0.027	0.001	0.001	0.971
0.342	0.656	0.001	0.001
0.589	0.409	0.001	0.001
0.997	0.001	0.001	0.001
0.440	0.217	0.342	0.001
0.001	0.001	0.997	0.001
0.657	0.001	0.001	0.341
0.001	0.589	0.409	0.001
0.001	0.245	0.001	0.753
>TCTGCGCACC	8-TCTGCGCACC	5.653024	-26.857325	0	T:12.0(92.31%),B:0.9(1.59%),P:1e-11	Tpos:286.1,Tstd:108.9,Bpos:310.9,Bstd:1.6,StrandBias:3.4,Multiplicity:1.92
0.001	0.001	0.001	0.997
0.001	0.997	0.001	0.001
0.001	0.001	0.104	0.894
0.001	0.104	0.894	0.001
0.001	0.838	0.001	0.160
0.001	0.001	0.838	0.160
0.001	0.997	0.001	0.001
0.997	0.001	0.001	0.001
0.001	0.997	0.001	0.001
0.001	0.997	0.001	0.001
>TTAGGCAGAG	9-TTAGGCAGAG	12.195867	-26.857325	0	T:12.0(92.31%),B:0.0(0.00%),P:1e-11	Tpos:369.8,Tstd:146.0,Bpos:0.0,Bstd:0.0,StrandBias:-3.5,Multiplicity:1.00
0.079	0.001	0.287	0.633
0.029	0.001	0.079	0.891
0.997	0.001	0.001	0.001
0.001	0.001	0.997	0.001
0.160	0.001	0.838	0.001
0.001	0.997	0.001	0.001
0.841	0.157	0.001	0.001
0.161	0.111	0.633	0.095
0.920	0.078	0.001	0.001
0.175	0.001	0.823	0.001
>RAGGCACAAA	10-RAGGCACAAA	9.810084	-26.857325	0	T:12.0(92.31%),B:0.0(0.00%),P:1e-11	Tpos:299.4,Tstd:126.2,Bpos:0.0,Bstd:0.0,StrandBias:1.0,Multiplicity:1.50
0.385	0.001	0.385	0.230
0.997	0.001	0.001	0.001
0.001	0.001	0.997	0.001
0.001	0.001	0.997	0.001
0.001	0.997	0.001	0.001
0.614	0.384	0.001	0.001
0.001	0.794	0.001	0.204
0.997	0.001	0.001	0.001
0.614	0.001	0.384	0.001
0.997	0.001	0.001	0.001
>CAWRSAMCTT	11-CAWRSAMCTT	8.130597	-26.857325	0	T:12.0(92.31%),B:0.0(0.00%),P:1e-11	Tpos:347.0,Tstd:118.8,Bpos:0.0,Bstd:0.0,StrandBias:0.3,Multiplicity:1.67
0.001	0.902	0.001	0.096
0.649	0.302	0.001	0.048
0.468	0.001	0.001	0.530
0.324	0.048	0.422	0.206
0.151	0.271	0.372	0.206
0.854	0.001	0.144	0.001
0.476	0.522	0.001	0.001
0.151	0.704	0.097	0.048
0.048	0.303	0.052	0.597
0.001	0.145	0.151	0.703
>CTHTTGTTBA	12-CTHTTGTTBA	7.497353	-26.857325	0	T:12.0(92.31%),B:0.9(1.73%),P:1e-11	Tpos:291.6,Tstd:210.2,Bpos:227.1,Bstd:99.9,StrandBias:2.7,Multiplicity:1.92
0.124	0.785	0.001	0.090
0.001	0.315	0.192	0.492
0.300	0.291	0.132	0.277
0.094	0.207	0.060	0.639
0.001	0.128	0.154	0.717
0.249	0.002	0.719	0.030
0.060	0.094	0.124	0.722
0.060	0.094	0.219	0.627
0.094	0.338	0.256	0.311
0.909	0.030	0.001	0.060
>GCGCACCTCT	13-GCGCACCTCT	6.719835	-26.857325	0	T:12.0(92.31%),B:0.4(0.65%),P:1e-11	Tpos:151.1,Tstd:66.6,Bpos:304.0,Bstd:0.0,StrandBias:3.5,Multiplicity:1.00
0.001	0.001	0.997	0.001
0.001	0.997	0.001	0.001
0.062	0.007	0.930	0.001
0.001	0.997	0.001	0.001
0.929	0.069	0.001	0.001
0.001	0.937	0.001	0.061
0.001	0.991	0.001	0.007
0.001	0.001	0.001	0.997
0.001	0.997	0.001	0.001
0.001	0.001	0.001	0.997
>CTTTACGCGG	14-CTTTACGCGG	11.709366	-26.857325	0	T:12.0(92.31%),B:0.0(0.00%),P:1e-11	Tpos:159.4,Tstd:61.1,Bpos:0.0,Bstd:0.0,StrandBias:3.5,Multiplicity:1.00
0.001	0.652	0.346	0.001
0.001	0.346	0.001	0.652
0.001	0.001	0.346	0.652
0.001	0.001	0.001	0.997
0.652	0.001	0.001	0.346
0.001	0.997	0.001	0.001
0.346	0.001	0.652	0.001
0.001	0.997	0.001	0.001
0.001	0.001	0.997	0.001
0.001	0.001	0.997	0.001
>TCCTTCTCAT	15-TCCTTCTCAT	5.207186	-26.857325	0	T:12.0(92.31%),B:0.8(1.42%),P:1e-11	Tpos:190.8,Tstd:90.4,Bpos:147.9,Bstd:17.0,StrandBias:0.6,Multiplicity:2.09
0.001	0.043	0.331	0.625
0.001	0.997	0.001	0.001
0.001	0.670	0.328	0.001
0.001	0.001	0.001	0.997
0.001	0.001	0.001	0.997
0.001	0.997	0.001	0.001
0.328	0.001	0.001	0.670
0.001	0.997	0.001	0.001
0.628	0.040	0.331	0.001
0.001	0.001	0.371	0.627
>GYTTRAAGAY	16-GYTTRAAGAY	8.174149	-23.525120	0	T:11.0(84.62%),B:0.5(0.84%),P:1e-10	Tpos:296.7,Tstd:95.9,Bpos:335.0,Bstd:0.0,StrandBias:1.2,Multiplicity:2.09
0.374	0.001	0.624	0.001
0.001	0.525	0.001	0.473
0.387	0.027	0.001	0.585
0.001	0.001	0.001	0.997
0.474	0.001	0.499	0.027
0.821	0.001	0.177	0.001
0.887	0.001	0.111	0.001
0.001	0.347	0.651	0.001
0.972	0.001	0.026	0.001
0.001	0.540	0.001	0.458
>CGCCCACGGG	17-CGCCCACGGG	9.609834	-22.380608	0	T:12.0(92.31%),B:2.7(4.92%),P:1e-9	Tpos:118.2,Tstd:120.8,Bpos:238.2,Bstd:112.8,StrandBias:-1.6,Multiplicity:1.33
0.001	0.721	0.001	0.277
0.001	0.001	0.997	0.001
0.091	0.907	0.001	0.001
0.278	0.444	0.001	0.278
0.001	0.646	0.352	0.001
0.721	0.277	0.001	0.001
0.001	0.997	0.001	0.001
0.001	0.001	0.721	0.277
0.001	0.001	0.997	0.001
0.001	0.001	0.997	0.001
>CGACCACGGG	18-CGACCACGGG	6.681027	-22.380608	0	T:12.0(92.31%),B:2.5(4.59%),P:1e-9	Tpos:144.7,Tstd:75.0,Bpos:231.5,Bstd:7.0,StrandBias:3.3,Multiplicity:1.00
0.035	0.963	0.001	0.001
0.001	0.001	0.997	0.001
0.997	0.001	0.001	0.001
0.001	0.997	0.001	0.001
0.001	0.997	0.001	0.001
0.917	0.001	0.001	0.081
0.001	0.917	0.001	0.081
0.001	0.001	0.997	0.001
0.045	0.001	0.953	0.001
0.001	0.001	0.997	0.001
>TVTCAADGAC	19-TVTCAADGAC	6.818167	-21.073500	0	T:11.0(84.62%),B:1.9(3.47%),P:1e-9	Tpos:277.6,Tstd:28.3,Bpos:284.7,Bstd:131.7,StrandBias:-0.2,Multiplicity:2.18
0.001	0.290	0.206	0.503
0.260	0.363	0.374	0.003
0.048	0.001	0.048	0.903
0.048	0.580	0.371	0.001
0.441	0.146	0.207	0.207
0.694	0.001	0.099	0.206
0.308	0.121	0.316	0.255
0.099	0.001	0.899	0.001
0.668	0.019	0.001	0.312
0.048	0.852	0.001	0.099
>CTAATCTCCT	20-CTAATCTCCT	6.073928	-20.580681	0	T:10.0(76.92%),B:0.5(0.91%),P:1e-8	Tpos:283.3,Tstd:110.1,Bpos:497.0,Bstd:0.0,StrandBias:-1.3,Multiplicity:1.40
0.001	0.997	0.001	0.001
0.001	0.001	0.001	0.997
0.772	0.226	0.001	0.001
0.772	0.085	0.001	0.142
0.001	0.001	0.001	0.997
0.001	0.997	0.001	0.001
0.001	0.084	0.001	0.914
0.001	0.997	0.001	0.001
0.001	0.997	0.001	0.001
0.001	0.085	0.142	0.772
>GCTTGGGGCT	21-GCTTGGGGCT	8.350283	-17.906533	0	T:9.0(69.23%),B:0.9(1.74%),P:1e-7	Tpos:117.3,Tstd:108.4,Bpos:202.1,Bstd:87.3,StrandBias:3.0,Multiplicity:1.00
0.100	0.100	0.700	0.100
0.100	0.700	0.100	0.100
0.100	0.100	0.100	0.700
0.100	0.100	0.100	0.700
0.100	0.100	0.700	0.100
0.100	0.100	0.700	0.100
0.100	0.100	0.700	0.100
0.100	0.100	0.700	0.100
0.100	0.700	0.100	0.100
0.100	0.100	0.100	0.700
>GGAGGAGATT	22-GGAGGAGATT	4.458463	-0.885272	0	T:13.0(100.00%),B:50.3(92.81%),P:1e0	Tpos:199.8,Tstd:80.0,Bpos:249.4,Bstd:177.9,StrandBias:-1.6,Multiplicity:1.00
0.100	0.100	0.700	0.100
0.100	0.100	0.700	0.100
0.700	0.100	0.100	0.100
0.100	0.100	0.700	0.100
0.100	0.100	0.700	0.100
0.700	0.100	0.100	0.100
0.100	0.100	0.700	0.100
0.700	0.100	0.100	0.100
0.100	0.100	0.100	0.700
0.100	0.100	0.100	0.700
