>TGTGCCTT	1-TGTGCCTT	8.630111	-30.864658	0	T:13.0(100.00%),B:0.3(0.63%),P:1e-13	Tpos:319.6,Tstd:173.5,Bpos:83.0,Bstd:0.0,StrandBias:3.2,Multiplicity:1.54
0.001	0.001	0.160	0.838
0.247	0.271	0.481	0.001
0.001	0.001	0.085	0.913
0.001	0.001	0.997	0.001
0.001	0.777	0.161	0.061
0.181	0.692	0.126	0.001
0.001	0.161	0.134	0.704
0.299	0.085	0.001	0.615
>TGTTTAKG	2-TGTTTAKG	8.142409	-30.864658	0	T:13.0(100.00%),B:0.0(0.00%),P:1e-13	Tpos:388.4,Tstd:130.8,Bpos:0.0,Bstd:0.0,StrandBias:0.1,Multiplicity:1.92
0.001	0.001	0.001	0.997
0.047	0.001	0.951	0.001
0.385	0.001	0.001	0.613
0.150	0.001	0.048	0.801
0.001	0.411	0.001	0.587
0.848	0.001	0.001	0.150
0.227	0.001	0.386	0.386
0.001	0.001	0.997	0.001
>CGGGACGT	3-CGGGACGT	10.958391	-26.857325	0	T:12.0(92.31%),B:0.0(0.00%),P:1e-11	Tpos:65.4,Tstd:131.0,Bpos:0.0,Bstd:0.0,StrandBias:0.0,Multiplicity:1.83
0.001	0.997	0.001	0.001
0.001	0.001	0.997	0.001
0.001	0.001	0.997	0.001
0.001	0.001	0.997	0.001
0.895	0.001	0.001	0.103
0.001	0.997	0.001	0.001
0.001	0.001	0.997	0.001
0.001	0.001	0.001	0.997
>ACTCTTGG	4-ACTCTTGG	10.008565	-26.857325	0	T:12.0(92.31%),B:0.3(0.64%),P:1e-11	Tpos:263.8,Tstd:10.2,Bpos:346.0,Bstd:0.0,StrandBias:2.5,Multiplicity:1.08
0.565	0.187	0.001	0.247
0.001	0.997	0.001	0.001
0.001	0.001	0.247	0.751
0.001	0.997	0.001	0.001
0.001	0.001	0.001	0.997
0.001	0.001	0.001	0.997
0.001	0.001	0.997	0.001
0.001	0.001	0.811	0.187
>CKCCCCGT	5-CKCCCCGT	7.750837	-26.857325	0	T:12.0(92.31%),B:0.6(1.14%),P:1e-11	Tpos:181.6,Tstd:85.9,Bpos:222.2,Bstd:11.9,StrandBias:-0.2,Multiplicity:2.00
0.001	0.997	0.001	0.001
0.001	0.001	0.425	0.573
0.001	0.997	0.001	0.001
0.001	0.997	0.001	0.001
0.001	0.997	0.001	0.001
0.063	0.935	0.001	0.001
0.001	0.001	0.997	0.001
0.001	0.001	0.001	0.997
>CGTGTGCA	6-CGTGTGCA	8.236954	-26.857325	0	T:12.0(92.31%),B:0.0(0.00%),P:1e-11	Tpos:193.6,Tstd:38.4,Bpos:0.0,Bstd:0.0,StrandBias:3.5,Multiplicity:1.00
0.100	0.700	0.100	0.100
0.100	0.100	0.700	0.100
0.100	0.100	0.100	0.700
0.100	0.100	0.700	0.100
0.100	0.100	0.100	0.700
0.100	0.100	0.700	0.100
0.100	0.700	0.100	0.100
0.700	0.100	0.100	0.100
>GTCGCTTG	7-GTCGCTTG	9.059026	-26.857325	0	T:12.0(92.31%),B:0.5(0.88%),P:1e-11	Tpos:310.9,Tstd:153.0,Bpos:92.0,Bstd:0.0,StrandBias:-1.3,Multiplicity:1.27
0.001	0.001	0.997	0.001
0.001	0.001	0.001	0.997
0.001	0.625	0.001	0.373
0.041	0.001	0.957	0.001
0.001	0.997	0.001	0.001
0.373	0.001	0.001	0.625
0.001	0.001	0.001	0.997
0.001	0.001	0.997	0.001
>CACCAGCA	8-CACCAGCA	8.236954	-26.857325	0	T:12.0(92.31%),B:0.0(0.00%),P:1e-11	Tpos:383.6,Tstd:87.6,Bpos:0.0,Bstd:0.0,StrandBias:3.5,Multiplicity:1.00
0.100	0.700	0.100	0.100
0.700	0.100	0.100	0.100
0.100	0.700	0.100	0.100
0.100	0.700	0.100	0.100
0.700	0.100	0.100	0.100
0.100	0.100	0.700	0.100
0.100	0.700	0.100	0.100
0.700	0.100	0.100	0.100
>ACTGTTCA	9-ACTGTTCA	8.236954	-26.857325	0	T:12.0(92.31%),B:0.3(0.63%),P:1e-11	Tpos:394.8,Tstd:156.9,Bpos:374.0,Bstd:0.0,StrandBias:3.5,Multiplicity:1.00
0.700	0.100	0.100	0.100
0.100	0.700	0.100	0.100
0.100	0.100	0.100	0.700
0.100	0.100	0.700	0.100
0.100	0.100	0.100	0.700
0.100	0.100	0.100	0.700
0.100	0.700	0.100	0.100
0.700	0.100	0.100	0.100
>GGTGGCTT	10-GGTGGCTT	9.867519	-26.857325	0	T:12.0(92.31%),B:0.3(0.53%),P:1e-11	Tpos:418.2,Tstd:167.9,Bpos:261.0,Bstd:0.0,StrandBias:3.5,Multiplicity:1.00
0.001	0.001	0.997	0.001
0.001	0.001	0.997	0.001
0.276	0.203	0.001	0.520
0.001	0.202	0.796	0.001
0.001	0.001	0.997	0.001
0.001	0.997	0.001	0.001
0.001	0.001	0.001	0.997
0.001	0.001	0.276	0.722
>CTCATCTG	11-CTCATCTG	8.319446	-26.210698	0	T:13.0(100.00%),B:2.4(4.34%),P:1e-11	Tpos:254.5,Tstd:122.4,Bpos:238.4,Bstd:101.5,StrandBias:3.4,Multiplicity:2.69
0.001	0.997	0.001	0.001
0.344	0.073	0.001	0.582
0.001	0.699	0.073	0.227
0.582	0.416	0.001	0.001
0.001	0.001	0.072	0.926
0.001	0.997	0.001	0.001
0.001	0.001	0.001	0.997
0.001	0.090	0.682	0.227
>TTTGGTGG	12-TTTGGTGG	8.420828	-26.210698	0	T:13.0(100.00%),B:2.4(4.40%),P:1e-11	Tpos:380.3,Tstd:135.4,Bpos:111.5,Bstd:19.6,StrandBias:-0.8,Multiplicity:1.46
0.037	0.328	0.001	0.634
0.001	0.001	0.001	0.997
0.373	0.001	0.001	0.625
0.037	0.008	0.954	0.001
0.005	0.001	0.993	0.001
0.360	0.008	0.001	0.631
0.001	0.001	0.997	0.001
0.001	0.001	0.997	0.001
>GACSACCG	13-GACSACCG	8.211883	-24.309301	0	T:12.0(92.31%),B:1.5(2.82%),P:1e-10	Tpos:155.1,Tstd:102.7,Bpos:178.2,Bstd:105.0,StrandBias:3.4,Multiplicity:1.92
0.251	0.001	0.747	0.001
0.810	0.157	0.032	0.001
0.001	0.997	0.001	0.001
0.001	0.403	0.439	0.157
0.791	0.207	0.001	0.001
0.001	0.997	0.001	0.001
0.001	0.997	0.001	0.001
0.157	0.270	0.572	0.001
>AAAGACTG	14-AAAGACTG	10.872090	-23.525120	0	T:11.0(84.62%),B:0.0(0.00%),P:1e-10	Tpos:305.2,Tstd:46.5,Bpos:0.0,Bstd:0.0,StrandBias:2.9,Multiplicity:1.55
0.997	0.001	0.001	0.001
0.997	0.001	0.001	0.001
0.821	0.001	0.177	0.001
0.001	0.001	0.997	0.001
0.997	0.001	0.001	0.001
0.001	0.997	0.001	0.001
0.001	0.001	0.001	0.997
0.001	0.001	0.997	0.001
>ATCCTGCG	15-ATCCTGCG	9.679363	-23.525120	0	T:11.0(84.62%),B:0.3(0.62%),P:1e-10	Tpos:72.8,Tstd:131.8,Bpos:332.0,Bstd:0.0,StrandBias:3.2,Multiplicity:1.91
0.997	0.001	0.001	0.001
0.001	0.001	0.001	0.997
0.001	0.997	0.001	0.001
0.001	0.997	0.001	0.001
0.001	0.277	0.001	0.721
0.001	0.001	0.957	0.041
0.001	0.997	0.001	0.001
0.001	0.064	0.934	0.001
>TTTATGCC	16-TTTATGCC	10.925034	-23.525120	0	T:11.0(84.62%),B:0.0(0.00%),P:1e-10	Tpos:365.6,Tstd:80.2,Bpos:0.0,Bstd:0.0,StrandBias:-3.3,Multiplicity:1.00
0.001	0.001	0.001	0.997
0.001	0.001	0.001	0.997
0.001	0.001	0.001	0.997
0.997	0.001	0.001	0.001
0.001	0.069	0.001	0.929
0.001	0.001	0.997	0.001
0.001	0.997	0.001	0.001
0.001	0.929	0.069	0.001
>GGGCAGGA	17-GGGCAGGA	10.026400	-23.525120	0	T:11.0(84.62%),B:0.9(1.73%),P:1e-10	Tpos:323.8,Tstd:59.2,Bpos:211.1,Bstd:93.4,StrandBias:2.3,Multiplicity:1.09
0.001	0.001	0.997	0.001
0.001	0.001	0.997	0.001
0.001	0.001	0.997	0.001
0.001	0.625	0.373	0.001
0.997	0.001	0.001	0.001
0.001	0.056	0.942	0.001
0.001	0.001	0.997	0.001
0.997	0.001	0.001	0.001
>GAGAGGWG	18-GAGAGGWG	8.861473	-22.380608	0	T:12.0(92.31%),B:2.5(4.68%),P:1e-9	Tpos:157.9,Tstd:66.8,Bpos:375.4,Bstd:60.0,StrandBias:-3.6,Multiplicity:1.08
0.001	0.001	0.682	0.316
0.589	0.001	0.409	0.001
0.001	0.057	0.941	0.001
0.682	0.001	0.316	0.001
0.057	0.001	0.941	0.001
0.001	0.001	0.997	0.001
0.465	0.001	0.061	0.473
0.001	0.001	0.941	0.057
>CKTCGCWT	19-CKTCGCWT	8.526315	-22.380608	0	T:12.0(92.31%),B:2.8(5.24%),P:1e-9	Tpos:208.6,Tstd:33.0,Bpos:278.1,Bstd:101.2,StrandBias:3.2,Multiplicity:1.67
0.001	0.929	0.069	0.001
0.001	0.001	0.534	0.464
0.001	0.044	0.001	0.954
0.001	0.620	0.001	0.378
0.001	0.001	0.997	0.001
0.001	0.620	0.001	0.378
0.465	0.044	0.001	0.490
0.001	0.001	0.001	0.997
>THGGTCGG	20-THGGTCGG	6.849348	-20.788689	0	T:12.0(92.31%),B:3.5(6.54%),P:1e-9	Tpos:337.1,Tstd:118.5,Bpos:156.0,Bstd:82.1,StrandBias:1.9,Multiplicity:1.17
0.266	0.044	0.135	0.555
0.353	0.214	0.131	0.302
0.001	0.110	0.888	0.001
0.001	0.223	0.775	0.001
0.072	0.087	0.135	0.706
0.001	0.819	0.179	0.001
0.136	0.028	0.504	0.332
0.001	0.131	0.650	0.218
>TCGGCSST	21-TCGGCSST	6.327154	-20.788689	0	T:12.0(92.31%),B:3.1(5.68%),P:1e-9	Tpos:112.7,Tstd:113.4,Bpos:165.1,Bstd:72.4,StrandBias:3.1,Multiplicity:1.58
0.016	0.025	0.195	0.764
0.130	0.706	0.122	0.042
0.084	0.182	0.544	0.190
0.001	0.102	0.837	0.060
0.001	0.831	0.069	0.099
0.127	0.418	0.373	0.082
0.077	0.348	0.469	0.106
0.102	0.212	0.075	0.611
>AAGGTCTT	22-AAGGTCTT	8.236954	-20.580681	0	T:10.0(76.92%),B:0.6(1.15%),P:1e-8	Tpos:301.6,Tstd:70.7,Bpos:387.1,Bstd:33.5,StrandBias:2.8,Multiplicity:1.60
0.700	0.100	0.100	0.100
0.700	0.100	0.100	0.100
0.100	0.100	0.700	0.100
0.100	0.100	0.700	0.100
0.100	0.100	0.100	0.700
0.100	0.700	0.100	0.100
0.100	0.100	0.100	0.700
0.100	0.100	0.100	0.700
>ATGTCAAC	23-ATGTCAAC	8.236954	-20.580681	0	T:10.0(76.92%),B:0.0(0.00%),P:1e-8	Tpos:279.1,Tstd:20.7,Bpos:0.0,Bstd:0.0,StrandBias:3.2,Multiplicity:1.00
0.700	0.100	0.100	0.100
0.100	0.100	0.100	0.700
0.100	0.100	0.700	0.100
0.100	0.100	0.100	0.700
0.100	0.700	0.100	0.100
0.700	0.100	0.100	0.100
0.700	0.100	0.100	0.100
0.100	0.700	0.100	0.100
>GGASGAGW	24-GGASGAGW	9.213374	-20.580681	0	T:10.0(76.92%),B:0.0(0.00%),P:1e-8	Tpos:317.1,Tstd:57.9,Bpos:0.0,Bstd:0.0,StrandBias:2.8,Multiplicity:1.00
0.001	0.001	0.997	0.001
0.001	0.001	0.997	0.001
0.713	0.001	0.285	0.001
0.001	0.446	0.552	0.001
0.001	0.001	0.997	0.001
0.713	0.285	0.001	0.001
0.001	0.001	0.997	0.001
0.446	0.001	0.001	0.552
>CTTCTCCG	25-CTTCTCCG	8.236954	-16.489883	0	T:10.0(76.92%),B:3.0(5.46%),P:1e-7	Tpos:128.7,Tstd:92.1,Bpos:285.0,Bstd:0.0,StrandBias:3.2,Multiplicity:1.00
0.100	0.700	0.100	0.100
0.100	0.100	0.100	0.700
0.100	0.100	0.100	0.700
0.100	0.700	0.100	0.100
0.100	0.100	0.100	0.700
0.100	0.700	0.100	0.100
0.100	0.700	0.100	0.100
0.100	0.100	0.700	0.100
