>CTGGGAGGCT	1-CTGGGAGGCT,BestGuess:SP5/MA1965.2/Jaspar(0.757)	9.061326	-30.864658	0	T:13.0(100.00%),B:0.4(0.75%),P:1e-13
0.001	0.568	0.047	0.384
0.001	0.047	0.094	0.858
0.155	0.001	0.628	0.216
0.001	0.001	0.997	0.001
0.046	0.001	0.952	0.001
0.573	0.001	0.047	0.379
0.001	0.201	0.797	0.001
0.001	0.001	0.750	0.248
0.202	0.704	0.047	0.047
0.001	0.047	0.249	0.703
>CTTCTCATCTGC	1-CTTCTCATCTGC,BestGuess:HAND2/MA1638.2/Jaspar(0.709)	7.879798	-30.864658	0	T:13.0(100.00%),B:0.0(0.00%),P:1e-13
0.001	0.964	0.001	0.034
0.001	0.001	0.001	0.997
0.001	0.001	0.001	0.997
0.001	0.997	0.001	0.001
0.069	0.001	0.001	0.929
0.001	0.997	0.001	0.001
0.929	0.069	0.001	0.001
0.001	0.001	0.001	0.997
0.001	0.997	0.001	0.001
0.001	0.001	0.001	0.997
0.001	0.001	0.997	0.001
0.001	0.997	0.001	0.001
>TTAAAGACKRGG	2-TTAAAGACKRGG,BestGuess:ZKSCAN1/MA1585.2/Jaspar(0.638)	9.231588	-30.864658	0	T:13.0(100.00%),B:0.3(0.59%),P:1e-13
0.071	0.001	0.237	0.691
0.089	0.072	0.143	0.696
0.561	0.001	0.367	0.071
0.599	0.240	0.001	0.160
0.840	0.001	0.088	0.071
0.005	0.295	0.520	0.180
0.834	0.001	0.022	0.143
0.257	0.447	0.295	0.001
0.001	0.001	0.471	0.527
0.480	0.001	0.518	0.001
0.072	0.017	0.888	0.023
0.071	0.017	0.911	0.001
>CAAGAGTCCGCT	3-CAAGAGTCCGCT,BestGuess:PB0134.1_Hnf4a_2/Jaspar(0.634)	5.809412	-30.864658	0	T:13.0(100.00%),B:0.6(1.12%),P:1e-13
0.001	0.997	0.001	0.001
0.997	0.001	0.001	0.001
0.708	0.001	0.001	0.290
0.290	0.001	0.708	0.001
0.915	0.001	0.083	0.001
0.001	0.083	0.915	0.001
0.140	0.234	0.001	0.625
0.001	0.708	0.290	0.001
0.083	0.625	0.291	0.001
0.290	0.001	0.708	0.001
0.001	0.997	0.001	0.001
0.001	0.001	0.001	0.997
>TTCAAGCCTCCA	4-TTCAAGCCTCCA,BestGuess:ZFX(Zf)/mES-Zfx-ChIP-Seq(GSE11431)/Homer(0.621)	7.188444	-30.864658	0	T:13.0(100.00%),B:0.7(1.24%),P:1e-13
0.001	0.001	0.001	0.997
0.145	0.001	0.001	0.853
0.001	0.766	0.232	0.001
0.799	0.146	0.054	0.001
0.620	0.001	0.378	0.001
0.001	0.054	0.944	0.001
0.054	0.944	0.001	0.001
0.080	0.918	0.001	0.001
0.001	0.146	0.146	0.707
0.378	0.620	0.001	0.001
0.146	0.799	0.001	0.054
0.766	0.146	0.001	0.087
>TGTGCCTT	1-TGTGCCTT,BestGuess:ZNF708/MA1730.2/Jaspar(0.714)	8.630111	-30.864658	0	T:13.0(100.00%),B:0.3(0.63%),P:1e-13
0.001	0.001	0.160	0.838
0.247	0.271	0.481	0.001
0.001	0.001	0.085	0.913
0.001	0.001	0.997	0.001
0.001	0.777	0.161	0.061
0.181	0.692	0.126	0.001
0.001	0.161	0.134	0.704
0.299	0.085	0.001	0.615
>TGTTTAKG	2-TGTTTAKG,BestGuess:FOXF2/MA0030.2/Jaspar(0.772)	8.142409	-30.864658	0	T:13.0(100.00%),B:0.0(0.00%),P:1e-13
0.001	0.001	0.001	0.997
0.047	0.001	0.951	0.001
0.385	0.001	0.001	0.613
0.150	0.001	0.048	0.801
0.001	0.411	0.001	0.587
0.848	0.001	0.001	0.150
0.227	0.001	0.386	0.386
0.001	0.001	0.997	0.001
>CVGCCCAAAGYV	5-CVGCCCAAAGYV,BestGuess:Sox11/MA0869.3/Jaspar(0.667)	7.705456	-28.225601	0	T:13.0(100.00%),B:1.4(2.53%),P:1e-12
0.060	0.542	0.052	0.346
0.306	0.236	0.367	0.090
0.001	0.348	0.606	0.045
0.306	0.648	0.001	0.045
0.145	0.650	0.191	0.014
0.052	0.742	0.003	0.203
0.889	0.090	0.017	0.004
0.995	0.001	0.002	0.002
0.600	0.003	0.090	0.307
0.090	0.062	0.538	0.310
0.203	0.346	0.048	0.403
0.391	0.346	0.263	0.001
>TCTGCACGTC	2-TCTGCACGTC,BestGuess:HIF1A/MA1106.2/Jaspar(0.676)	11.875651	-26.857325	0	T:12.0(92.31%),B:0.0(0.00%),P:1e-11
0.001	0.001	0.001	0.997
0.001	0.997	0.001	0.001
0.001	0.001	0.001	0.997
0.001	0.368	0.630	0.001
0.001	0.997	0.001	0.001
0.578	0.420	0.001	0.001
0.001	0.947	0.051	0.001
0.001	0.001	0.973	0.025
0.021	0.001	0.001	0.977
0.001	0.997	0.001	0.001
>ACGHCCCGYG	4-ACGHCCCGYG,BestGuess:KLF6/MA1517.2/Jaspar(0.667)	9.753180	-26.857325	0	T:12.0(92.31%),B:0.0(0.00%),P:1e-11
0.733	0.034	0.232	0.001
0.001	0.997	0.001	0.001
0.147	0.001	0.836	0.016
0.297	0.283	0.140	0.280
0.147	0.747	0.105	0.001
0.001	0.928	0.001	0.070
0.147	0.705	0.147	0.001
0.147	0.036	0.816	0.001
0.001	0.425	0.034	0.540
0.001	0.420	0.578	0.001
>CAGGATYCAG	5-CAGGATYCAG,BestGuess:SPDEF(ETS)/VCaP-SPDEF-ChIP-Seq(SRA014231)/Homer(0.675)	6.205481	-26.857325	0	T:12.0(92.31%),B:0.0(0.00%),P:1e-11
0.001	0.997	0.001	0.001
0.671	0.001	0.327	0.001
0.001	0.001	0.997	0.001
0.001	0.001	0.997	0.001
0.997	0.001	0.001	0.001
0.001	0.001	0.001	0.997
0.001	0.514	0.001	0.484
0.001	0.997	0.001	0.001
0.997	0.001	0.001	0.001
0.001	0.001	0.997	0.001
>GAGAGGGGTC	6-GAGAGGGGTC,BestGuess:MAZ/MA1522.2/Jaspar(0.834)	10.436131	-26.857325	0	T:12.0(92.31%),B:0.0(0.00%),P:1e-11
0.001	0.001	0.997	0.001
0.625	0.001	0.373	0.001
0.001	0.001	0.997	0.001
0.997	0.001	0.001	0.001
0.001	0.001	0.997	0.001
0.001	0.001	0.997	0.001
0.362	0.001	0.636	0.001
0.001	0.001	0.997	0.001
0.065	0.001	0.234	0.700
0.001	0.648	0.001	0.350
>GTCAARGACT	7-GTCAARGACT,BestGuess:TCF7/MA0769.3/Jaspar(0.695)	9.624683	-26.857325	0	T:12.0(92.31%),B:0.0(0.00%),P:1e-11
0.001	0.001	0.626	0.372
0.027	0.001	0.001	0.971
0.342	0.656	0.001	0.001
0.589	0.409	0.001	0.001
0.997	0.001	0.001	0.001
0.440	0.217	0.342	0.001
0.001	0.001	0.997	0.001
0.657	0.001	0.001	0.341
0.001	0.589	0.409	0.001
0.001	0.245	0.001	0.753
>TCTGCGCACC	8-TCTGCGCACC,BestGuess:Zscan4c(Zf)/ESC-Zscan4c-ChIP-seq(GSE140619)/Homer(0.709)	5.653024	-26.857325	0	T:12.0(92.31%),B:0.9(1.59%),P:1e-11
0.001	0.001	0.001	0.997
0.001	0.997	0.001	0.001
0.001	0.001	0.104	0.894
0.001	0.104	0.894	0.001
0.001	0.838	0.001	0.160
0.001	0.001	0.838	0.160
0.001	0.997	0.001	0.001
0.997	0.001	0.001	0.001
0.001	0.997	0.001	0.001
0.001	0.997	0.001	0.001
>CAWRSAMCTT	11-CAWRSAMCTT,BestGuess:NR1H4::RXRA/MA1146.2/Jaspar(0.624)	8.130597	-26.857325	0	T:12.0(92.31%),B:0.0(0.00%),P:1e-11
0.001	0.902	0.001	0.096
0.649	0.302	0.001	0.048
0.468	0.001	0.001	0.530
0.324	0.048	0.422	0.206
0.151	0.271	0.372	0.206
0.854	0.001	0.144	0.001
0.476	0.522	0.001	0.001
0.151	0.704	0.097	0.048
0.048	0.303	0.052	0.597
0.001	0.145	0.151	0.703
>CTTTACGCGG	14-CTTTACGCGG,BestGuess:ZBTB14/MA1650.2/Jaspar(0.704)	11.709366	-26.857325	0	T:12.0(92.31%),B:0.0(0.00%),P:1e-11
0.001	0.652	0.346	0.001
0.001	0.346	0.001	0.652
0.001	0.001	0.346	0.652
0.001	0.001	0.001	0.997
0.652	0.001	0.001	0.346
0.001	0.997	0.001	0.001
0.346	0.001	0.652	0.001
0.001	0.997	0.001	0.001
0.001	0.001	0.997	0.001
0.001	0.001	0.997	0.001
>CGGTCCGTGTGC	10-CGGTCCGTGTGC,BestGuess:PB0044.1_Mtf1_1/Jaspar(0.751)	7.689145	-26.857325	0	T:12.0(92.31%),B:0.3(0.64%),P:1e-11
0.001	0.625	0.001	0.373
0.001	0.001	0.625	0.373
0.001	0.225	0.773	0.001
0.001	0.001	0.001	0.997
0.001	0.815	0.001	0.183
0.001	0.997	0.001	0.001
0.183	0.001	0.815	0.001
0.001	0.001	0.001	0.997
0.001	0.225	0.773	0.001
0.001	0.001	0.001	0.997
0.001	0.148	0.850	0.001
0.001	0.997	0.001	0.001
>CCACCAGNTCCW	11-CCACCAGNTCCW,BestGuess:Zic3/MA0697.3/Jaspar(0.696)	7.487050	-26.857325	0	T:12.0(92.31%),B:0.9(1.58%),P:1e-11
0.001	0.556	0.053	0.390
0.001	0.997	0.001	0.001
0.997	0.001	0.001	0.001
0.001	0.444	0.278	0.278
0.001	0.997	0.001	0.001
0.997	0.001	0.001	0.001
0.277	0.001	0.721	0.001
0.278	0.166	0.278	0.278
0.166	0.001	0.278	0.555
0.001	0.721	0.001	0.277
0.001	0.721	0.001	0.277
0.443	0.001	0.001	0.555
>GCYYAYGGTCWT	12-GCYYAYGGTCWT,BestGuess:PB0191.1_Tcfap2c_2/Jaspar(0.600)	9.128941	-26.857325	0	T:12.0(92.31%),B:0.0(0.00%),P:1e-11
0.001	0.001	0.601	0.397
0.127	0.871	0.001	0.001
0.001	0.474	0.127	0.398
0.127	0.474	0.001	0.398
0.997	0.001	0.001	0.001
0.076	0.398	0.128	0.398
0.397	0.001	0.601	0.001
0.001	0.001	0.601	0.397
0.001	0.397	0.001	0.601
0.001	0.997	0.001	0.001
0.398	0.001	0.127	0.474
0.001	0.397	0.001	0.601
>GGGGGKGGAKDR	13-GGGGGKGGAKDR,BestGuess:Maz(Zf)/HepG2-Maz-ChIP-Seq(GSE31477)/Homer(0.750)	7.126933	-23.525120	0	T:11.0(84.62%),B:0.3(0.52%),P:1e-10
0.001	0.001	0.850	0.148
0.149	0.197	0.500	0.154
0.200	0.001	0.507	0.292
0.307	0.004	0.638	0.051
0.046	0.295	0.642	0.017
0.150	0.004	0.362	0.484
0.302	0.001	0.696	0.001
0.291	0.001	0.559	0.149
0.607	0.149	0.101	0.143
0.001	0.197	0.358	0.444
0.212	0.095	0.344	0.349
0.304	0.149	0.352	0.195
>TGGGACTCTCTC	14-TGGGACTCTCTC,BestGuess:ZNF574/MA1982.2/Jaspar(0.615)	11.683615	-23.525120	0	T:11.0(84.62%),B:0.0(0.00%),P:1e-10
0.001	0.373	0.001	0.625
0.001	0.001	0.997	0.001
0.001	0.001	0.997	0.001
0.001	0.001	0.997	0.001
0.997	0.001	0.001	0.001
0.001	0.997	0.001	0.001
0.001	0.001	0.373	0.625
0.001	0.625	0.001	0.373
0.001	0.373	0.001	0.625
0.001	0.997	0.001	0.001
0.001	0.001	0.001	0.997
0.001	0.625	0.001	0.373
>GGGCAGGA	17-GGGCAGGA,BestGuess:ZNF263/MA0528.3/Jaspar(0.854)	10.026400	-23.525120	0	T:11.0(84.62%),B:0.9(1.73%),P:1e-10
0.001	0.001	0.997	0.001
0.001	0.001	0.997	0.001
0.001	0.001	0.997	0.001
0.001	0.625	0.373	0.001
0.997	0.001	0.001	0.001
0.001	0.056	0.942	0.001
0.001	0.001	0.997	0.001
0.997	0.001	0.001	0.001
>CGACCACGGG	18-CGACCACGGG,BestGuess:ZBTB7C/MA0695.2/Jaspar(0.713)	6.681027	-22.380608	0	T:12.0(92.31%),B:2.5(4.59%),P:1e-9
0.035	0.963	0.001	0.001
0.001	0.001	0.997	0.001
0.997	0.001	0.001	0.001
0.001	0.997	0.001	0.001
0.001	0.997	0.001	0.001
0.917	0.001	0.001	0.081
0.001	0.917	0.001	0.081
0.001	0.001	0.997	0.001
0.045	0.001	0.953	0.001
0.001	0.001	0.997	0.001
>CKTCGCWT	19-CKTCGCWT,BestGuess:PB0179.1_Sp100_2/Jaspar(0.695)	8.526315	-22.380608	0	T:12.0(92.31%),B:2.8(5.24%),P:1e-9
0.001	0.929	0.069	0.001
0.001	0.001	0.534	0.464
0.001	0.044	0.001	0.954
0.001	0.620	0.001	0.378
0.001	0.001	0.997	0.001
0.001	0.620	0.001	0.378
0.465	0.044	0.001	0.490
0.001	0.001	0.001	0.997
>ATGTCAAC	23-ATGTCAAC,BestGuess:MEIS3/MA0775.2/Jaspar(0.792)	8.236954	-20.580681	0	T:10.0(76.92%),B:0.0(0.00%),P:1e-8
0.700	0.100	0.100	0.100
0.100	0.100	0.100	0.700
0.100	0.100	0.700	0.100
0.100	0.100	0.100	0.700
0.100	0.700	0.100	0.100
0.700	0.100	0.100	0.100
0.700	0.100	0.100	0.100
0.100	0.700	0.100	0.100
>CTTCTCCG	25-CTTCTCCG,BestGuess:ZNF768/MA1731.2/Jaspar(0.688)	8.236954	-16.489883	0	T:10.0(76.92%),B:3.0(5.46%),P:1e-7
0.100	0.700	0.100	0.100
0.100	0.100	0.100	0.700
0.100	0.100	0.100	0.700
0.100	0.700	0.100	0.100
0.100	0.100	0.100	0.700
0.100	0.700	0.100	0.100
0.100	0.700	0.100	0.100
0.100	0.100	0.700	0.100
