>AATACTGCCTCA	1-AATACTGCCTCA	9.622628	-24.586645	0	T:11.0(100.00%),B:0.0(0.00%),P:1e-10
0.671	0.111	0.217	0.001
0.514	0.190	0.151	0.145
0.111	0.151	0.001	0.737
0.633	0.190	0.035	0.142
0.145	0.746	0.001	0.108
0.217	0.186	0.001	0.596
0.151	0.150	0.443	0.256
0.001	0.819	0.035	0.145
0.076	0.918	0.001	0.005
0.001	0.286	0.001	0.712
0.107	0.748	0.035	0.110
0.490	0.295	0.110	0.105
