>ACAGAACWYCAC	2-ACAGAACWYCAC,BestGuess:PB0141.1_Isgf3g_2/Jaspar(0.628)	8.835657	-24.586645	0	T:11.0(100.00%),B:0.0(0.00%),P:1e-10
0.693	0.235	0.001	0.071
0.001	0.632	0.296	0.071
0.857	0.071	0.001	0.071
0.296	0.001	0.460	0.242
0.925	0.001	0.073	0.001
0.764	0.071	0.001	0.164
0.367	0.631	0.001	0.001
0.460	0.071	0.001	0.468
0.001	0.414	0.071	0.514
0.001	0.702	0.296	0.001
0.605	0.026	0.001	0.368
0.001	0.904	0.071	0.024
