>CAAWAYTSCC	1-CAAWAYTSCC	9.520566	-24.586645	0	T:11.0(100.00%),B:0.0(0.00%),P:1e-10	Tpos:376.2,Tstd:124.7,Bpos:0.0,Bstd:0.0,StrandBias:0.0,Multiplicity:1.27
0.001	0.984	0.014	0.001
0.997	0.001	0.001	0.001
0.527	0.001	0.095	0.377
0.471	0.001	0.001	0.527
0.936	0.001	0.001	0.062
0.001	0.496	0.001	0.502
0.001	0.001	0.001	0.997
0.001	0.424	0.574	0.001
0.001	0.621	0.001	0.377
0.001	0.997	0.001	0.001
>CCACCTCAAC	2-CCACCTCAAC	8.479309	-24.586645	0	T:11.0(100.00%),B:0.0(0.00%),P:1e-10	Tpos:237.2,Tstd:43.9,Bpos:0.0,Bstd:0.0,StrandBias:10.0,Multiplicity:1.09
0.001	0.946	0.001	0.052
0.054	0.752	0.081	0.113
0.775	0.145	0.079	0.001
0.001	0.663	0.335	0.001
0.107	0.637	0.004	0.252
0.027	0.276	0.081	0.616
0.001	0.864	0.134	0.001
0.527	0.110	0.168	0.195
0.536	0.248	0.135	0.081
0.110	0.701	0.162	0.027
>GTGGGAACAG	3-GTGGGAACAG	7.764709	-24.586645	0	T:11.0(100.00%),B:0.6(1.41%),P:1e-10	Tpos:160.8,Tstd:147.9,Bpos:410.9,Bstd:27.2,StrandBias:1.2,Multiplicity:2.09
0.001	0.177	0.579	0.243
0.001	0.001	0.242	0.756
0.001	0.001	0.997	0.001
0.001	0.001	0.997	0.001
0.001	0.001	0.997	0.001
0.735	0.001	0.243	0.021
0.578	0.420	0.001	0.001
0.055	0.943	0.001	0.001
0.821	0.177	0.001	0.001
0.270	0.001	0.486	0.243
>GGAGATTGCC	4-GGAGATTGCC	6.841874	-24.586645	0	T:11.0(100.00%),B:0.6(1.49%),P:1e-10	Tpos:336.1,Tstd:125.4,Bpos:147.3,Bstd:12.2,StrandBias:-0.4,Multiplicity:2.09
0.087	0.028	0.738	0.147
0.231	0.001	0.741	0.027
0.859	0.056	0.001	0.084
0.001	0.001	0.997	0.001
0.624	0.028	0.144	0.204
0.235	0.112	0.012	0.641
0.001	0.011	0.231	0.757
0.176	0.147	0.537	0.140
0.001	0.562	0.293	0.144
0.233	0.569	0.170	0.028
>ACTCTCCCAG	5-ACTCTCCCAG	5.146102	-24.586645	0	T:11.0(100.00%),B:0.5(1.23%),P:1e-10	Tpos:358.1,Tstd:90.7,Bpos:305.9,Bstd:49.3,StrandBias:1.9,Multiplicity:2.00
0.407	0.244	0.099	0.249
0.170	0.455	0.200	0.174
0.122	0.250	0.094	0.534
0.085	0.592	0.150	0.173
0.147	0.257	0.113	0.483
0.082	0.609	0.148	0.161
0.100	0.597	0.110	0.193
0.211	0.540	0.124	0.125
0.416	0.177	0.157	0.250
0.216	0.211	0.370	0.203
>YTGKGTCCCC	6-YTGKGTCCCC	8.564793	-24.586645	0	T:11.0(100.00%),B:0.0(0.00%),P:1e-10	Tpos:365.1,Tstd:155.8,Bpos:0.0,Bstd:0.0,StrandBias:-3.3,Multiplicity:1.00
0.001	0.572	0.001	0.426
0.232	0.233	0.054	0.482
0.001	0.341	0.539	0.119
0.001	0.002	0.549	0.448
0.001	0.002	0.989	0.008
0.121	0.054	0.287	0.538
0.285	0.661	0.053	0.001
0.001	0.997	0.001	0.001
0.001	0.978	0.001	0.020
0.240	0.652	0.001	0.107
>GGTGGARTCC	7-GGTGGARTCC	11.651055	-20.873073	0	T:10.0(90.91%),B:0.0(0.00%),P:1e-9	Tpos:199.0,Tstd:69.4,Bpos:0.0,Bstd:0.0,StrandBias:-10.0,Multiplicity:1.40
0.114	0.001	0.884	0.001
0.001	0.133	0.865	0.001
0.309	0.001	0.001	0.689
0.001	0.001	0.997	0.001
0.001	0.001	0.997	0.001
0.997	0.001	0.001	0.001
0.371	0.115	0.513	0.001
0.001	0.001	0.001	0.997
0.001	0.997	0.001	0.001
0.001	0.917	0.001	0.081
>TTYTTCCAAG	8-TTYTTCCAAG	9.084428	-20.873073	0	T:10.0(90.91%),B:0.0(0.00%),P:1e-9	Tpos:277.7,Tstd:129.2,Bpos:0.0,Bstd:0.0,StrandBias:0.3,Multiplicity:1.80
0.001	0.001	0.329	0.669
0.001	0.001	0.138	0.860
0.001	0.460	0.001	0.538
0.001	0.001	0.001	0.997
0.204	0.001	0.001	0.794
0.001	0.684	0.314	0.001
0.314	0.684	0.001	0.001
0.997	0.001	0.001	0.001
0.584	0.001	0.414	0.001
0.001	0.001	0.997	0.001
>GCATCCAGCC	9-GCATCCAGCC	7.005447	-20.873073	0	T:10.0(90.91%),B:0.3(0.73%),P:1e-9	Tpos:172.6,Tstd:102.0,Bpos:345.0,Bstd:0.0,StrandBias:1.8,Multiplicity:1.80
0.112	0.073	0.706	0.109
0.330	0.634	0.001	0.035
0.567	0.106	0.144	0.183
0.193	0.038	0.038	0.731
0.035	0.858	0.071	0.036
0.035	0.929	0.035	0.001
0.815	0.002	0.001	0.182
0.147	0.112	0.668	0.073
0.185	0.565	0.071	0.179
0.255	0.552	0.114	0.079
>AGGGTCCAAA	10-AGGGTCCAAA	11.109193	-20.873073	0	T:10.0(90.91%),B:0.0(0.00%),P:1e-9	Tpos:266.9,Tstd:65.0,Bpos:0.0,Bstd:0.0,StrandBias:0.8,Multiplicity:1.10
0.605	0.001	0.001	0.393
0.001	0.001	0.997	0.001
0.001	0.001	0.997	0.001
0.001	0.001	0.997	0.001
0.001	0.001	0.001	0.997
0.228	0.605	0.001	0.166
0.001	0.997	0.001	0.001
0.997	0.001	0.001	0.001
0.997	0.001	0.001	0.001
0.997	0.001	0.001	0.001
>GAGAGAGMGA	11-GAGAGAGMGA	8.174794	-17.828551	0	T:9.0(81.82%),B:0.6(1.49%),P:1e-7	Tpos:316.8,Tstd:115.8,Bpos:84.0,Bstd:0.0,StrandBias:10.0,Multiplicity:1.00
0.129	0.009	0.861	0.001
0.550	0.320	0.129	0.001
0.258	0.001	0.740	0.001
0.580	0.265	0.154	0.001
0.128	0.001	0.870	0.001
0.706	0.002	0.291	0.001
0.022	0.001	0.976	0.001
0.399	0.393	0.207	0.001
0.131	0.001	0.867	0.001
0.734	0.001	0.264	0.001
>AGGGGAGATC	12-AGGGGAGATC	6.810562	-12.768067	0	T:7.0(63.64%),B:0.0(0.00%),P:1e-5	Tpos:374.7,Tstd:54.7,Bpos:0.0,Bstd:0.0,StrandBias:0.4,Multiplicity:2.33
0.887	0.001	0.111	0.001
0.111	0.001	0.887	0.001
0.001	0.001	0.887	0.111
0.001	0.001	0.997	0.001
0.001	0.001	0.997	0.001
0.647	0.001	0.351	0.001
0.001	0.351	0.647	0.001
0.703	0.001	0.001	0.295
0.001	0.001	0.001	0.997
0.351	0.647	0.001	0.001
>CAAGTCCATC	13-CAAGTCCATC	8.538736	-12.768067	0	T:7.0(63.64%),B:0.4(1.09%),P:1e-5	Tpos:220.7,Tstd:202.9,Bpos:238.0,Bstd:0.0,StrandBias:-0.4,Multiplicity:1.00
0.001	0.997	0.001	0.001
0.997	0.001	0.001	0.001
0.734	0.001	0.264	0.001
0.129	0.264	0.606	0.001
0.001	0.129	0.239	0.631
0.001	0.997	0.001	0.001
0.001	0.997	0.001	0.001
0.997	0.001	0.001	0.001
0.146	0.001	0.001	0.852
0.132	0.844	0.023	0.001
