>AATACTGCCTCA	1-AATACTGCCTCA	9.622628	-24.586645	0	T:11.0(100.00%),B:0.0(0.00%),P:1e-10	Tpos:446.0,Tstd:0.0,Bpos:0.0,Bstd:0.0,StrandBias:10.0,Multiplicity:1.00
0.671	0.111	0.217	0.001
0.514	0.190	0.151	0.145
0.111	0.151	0.001	0.737
0.633	0.190	0.035	0.142
0.145	0.746	0.001	0.108
0.217	0.186	0.001	0.596
0.151	0.150	0.443	0.256
0.001	0.819	0.035	0.145
0.076	0.918	0.001	0.005
0.001	0.286	0.001	0.712
0.107	0.748	0.035	0.110
0.490	0.295	0.110	0.105
>ACAGAACWYCAC	2-ACAGAACWYCAC	8.835657	-24.586645	0	T:11.0(100.00%),B:0.0(0.00%),P:1e-10	Tpos:228.7,Tstd:86.1,Bpos:0.0,Bstd:0.0,StrandBias:10.0,Multiplicity:1.64
0.693	0.235	0.001	0.071
0.001	0.632	0.296	0.071
0.857	0.071	0.001	0.071
0.296	0.001	0.460	0.242
0.925	0.001	0.073	0.001
0.764	0.071	0.001	0.164
0.367	0.631	0.001	0.001
0.460	0.071	0.001	0.468
0.001	0.414	0.071	0.514
0.001	0.702	0.296	0.001
0.605	0.026	0.001	0.368
0.001	0.904	0.071	0.024
>RGGGRGGADACC	3-RGGGRGGADACC	9.495393	-22.101738	0	T:11.0(100.00%),B:1.4(3.57%),P:1e-9	Tpos:233.1,Tstd:127.4,Bpos:273.6,Bstd:62.0,StrandBias:-0.4,Multiplicity:2.91
0.391	0.001	0.425	0.183
0.245	0.001	0.753	0.001
0.058	0.001	0.882	0.059
0.001	0.182	0.816	0.001
0.449	0.001	0.487	0.063
0.001	0.001	0.997	0.001
0.240	0.001	0.758	0.001
0.997	0.001	0.001	0.001
0.370	0.001	0.327	0.302
0.611	0.058	0.001	0.330
0.057	0.941	0.001	0.001
0.001	0.631	0.001	0.367
>GSGGAGWTYCMC	4-GSGGAGWTYCMC	9.684463	-20.873073	0	T:10.0(90.91%),B:0.0(0.00%),P:1e-9	Tpos:228.6,Tstd:192.1,Bpos:0.0,Bstd:0.0,StrandBias:0.8,Multiplicity:2.20
0.001	0.001	0.997	0.001
0.001	0.551	0.447	0.001
0.001	0.001	0.600	0.398
0.398	0.001	0.600	0.001
0.924	0.001	0.001	0.074
0.001	0.371	0.627	0.001
0.480	0.042	0.001	0.477
0.001	0.041	0.001	0.957
0.001	0.482	0.001	0.516
0.001	0.557	0.367	0.075
0.324	0.399	0.076	0.201
0.001	0.997	0.001	0.001
>GCCACTGGRGCA	5-GCCACTGGRGCA	8.159289	-20.873073	0	T:10.0(90.91%),B:0.5(1.23%),P:1e-9	Tpos:109.3,Tstd:50.2,Bpos:117.2,Bstd:41.1,StrandBias:1.3,Multiplicity:1.00
0.111	0.001	0.887	0.001
0.001	0.997	0.001	0.001
0.230	0.763	0.001	0.006
0.769	0.229	0.001	0.001
0.229	0.769	0.001	0.001
0.230	0.120	0.065	0.585
0.001	0.112	0.657	0.230
0.001	0.112	0.584	0.303
0.417	0.001	0.352	0.230
0.001	0.001	0.887	0.111
0.353	0.645	0.001	0.001
0.935	0.063	0.001	0.001
>TGGGGWCCMDGT	6-TGGGGWCCMDGT	8.985722	-20.229936	0	T:11.0(100.00%),B:2.1(5.24%),P:1e-8	Tpos:267.5,Tstd:183.0,Bpos:133.0,Bstd:0.0,StrandBias:-0.5,Multiplicity:1.55
0.002	0.206	0.201	0.591
0.001	0.001	0.852	0.146
0.001	0.001	0.900	0.098
0.001	0.046	0.948	0.005
0.194	0.001	0.568	0.237
0.437	0.256	0.008	0.299
0.161	0.837	0.001	0.001
0.001	0.953	0.001	0.045
0.448	0.405	0.001	0.146
0.356	0.001	0.391	0.253
0.148	0.001	0.504	0.347
0.146	0.104	0.093	0.657
