>AGTTTATGGG	1-AGTTTATGGG	5.451104	-27.146172	0	T:11.0(100.00%),B:0.0(0.00%),P:1e-11	Tpos:261.2,Tstd:216.9,Bpos:0.0,Bstd:0.0,StrandBias:0.5,Multiplicity:2.18
0.997	0.001	0.001	0.001
0.288	0.211	0.500	0.001
0.001	0.001	0.001	0.997
0.001	0.001	0.001	0.997
0.001	0.210	0.001	0.788
0.997	0.001	0.001	0.001
0.001	0.001	0.001	0.997
0.001	0.001	0.997	0.001
0.001	0.001	0.997	0.001
0.001	0.001	0.997	0.001
>TAAAATCAAT	2-TAAAATCAAT	10.484489	-27.146172	0	T:11.0(100.00%),B:0.5(0.91%),P:1e-11	Tpos:100.2,Tstd:12.5,Bpos:151.6,Bstd:58.2,StrandBias:-0.2,Multiplicity:1.73
0.001	0.001	0.001	0.997
0.795	0.001	0.067	0.137
0.710	0.001	0.001	0.288
0.997	0.001	0.001	0.001
0.997	0.001	0.001	0.001
0.001	0.001	0.001	0.997
0.001	0.997	0.001	0.001
0.932	0.001	0.001	0.066
0.932	0.001	0.001	0.066
0.001	0.001	0.001	0.997
>ACTGCTTTTG	3-ACTGCTTTTG	10.379903	-27.146172	0	T:11.0(100.00%),B:0.7(1.40%),P:1e-11	Tpos:167.0,Tstd:14.8,Bpos:111.9,Bstd:17.3,StrandBias:10.0,Multiplicity:1.09
0.641	0.001	0.357	0.001
0.001	0.997	0.001	0.001
0.001	0.001	0.001	0.997
0.001	0.363	0.635	0.001
0.001	0.997	0.001	0.001
0.104	0.104	0.001	0.791
0.001	0.001	0.001	0.997
0.001	0.001	0.001	0.997
0.102	0.001	0.045	0.852
0.357	0.001	0.641	0.001
>ATGTTTATTC	4-ATGTTTATTC	8.350283	-27.146172	0	T:11.0(100.00%),B:0.5(0.94%),P:1e-11	Tpos:309.0,Tstd:0.0,Bpos:47.0,Bstd:0.0,StrandBias:10.0,Multiplicity:1.00
0.700	0.100	0.100	0.100
0.100	0.100	0.100	0.700
0.100	0.100	0.700	0.100
0.100	0.100	0.100	0.700
0.100	0.100	0.100	0.700
0.100	0.100	0.100	0.700
0.700	0.100	0.100	0.100
0.100	0.100	0.100	0.700
0.100	0.100	0.100	0.700
0.100	0.700	0.100	0.100
>GATGTTACTC	5-GATGTTACTC	9.674335	-27.146172	0	T:11.0(100.00%),B:0.0(0.00%),P:1e-11	Tpos:311.4,Tstd:19.7,Bpos:0.0,Bstd:0.0,StrandBias:2.6,Multiplicity:1.27
0.001	0.001	0.997	0.001
0.997	0.001	0.001	0.001
0.001	0.001	0.279	0.719
0.001	0.279	0.719	0.001
0.280	0.160	0.001	0.559
0.359	0.001	0.001	0.639
0.997	0.001	0.001	0.001
0.001	0.997	0.001	0.001
0.279	0.001	0.001	0.719
0.001	0.719	0.279	0.001
>RTSGGACYTT	6-RTSGGACYTT	9.791534	-27.146172	0	T:11.0(100.00%),B:0.4(0.73%),P:1e-11	Tpos:119.4,Tstd:107.8,Bpos:246.0,Bstd:0.0,StrandBias:10.0,Multiplicity:1.27
0.468	0.062	0.468	0.001
0.001	0.001	0.001	0.997
0.001	0.468	0.530	0.001
0.001	0.001	0.997	0.001
0.001	0.001	0.997	0.001
0.997	0.001	0.001	0.001
0.001	0.997	0.001	0.001
0.001	0.530	0.001	0.468
0.001	0.001	0.001	0.997
0.001	0.001	0.001	0.997
>CCCTTTKAAC	7-CCCTTTKAAC	9.173388	-27.146172	0	T:11.0(100.00%),B:0.0(0.00%),P:1e-11	Tpos:295.0,Tstd:71.0,Bpos:0.0,Bstd:0.0,StrandBias:0.6,Multiplicity:1.00
0.113	0.773	0.113	0.001
0.354	0.532	0.001	0.113
0.001	0.644	0.354	0.001
0.001	0.354	0.001	0.644
0.354	0.001	0.001	0.644
0.001	0.001	0.354	0.644
0.001	0.001	0.531	0.467
0.997	0.001	0.001	0.001
0.987	0.011	0.001	0.001
0.001	0.773	0.113	0.113
>TTACCCTGTA	8-TTACCCTGTA	6.900716	-27.146172	0	T:11.0(100.00%),B:0.0(0.00%),P:1e-11	Tpos:274.0,Tstd:0.0,Bpos:0.0,Bstd:0.0,StrandBias:10.0,Multiplicity:1.00
0.001	0.001	0.129	0.869
0.001	0.001	0.001	0.997
0.997	0.001	0.001	0.001
0.001	0.845	0.001	0.153
0.001	0.997	0.001	0.001
0.001	0.997	0.001	0.001
0.001	0.001	0.001	0.997
0.001	0.001	0.997	0.001
0.001	0.001	0.001	0.997
0.845	0.105	0.001	0.049
>CGAACGGGCA	9-CGAACGGGCA	6.806724	-27.146172	0	T:11.0(100.00%),B:0.3(0.55%),P:1e-11	Tpos:311.1,Tstd:144.7,Bpos:350.0,Bstd:0.0,StrandBias:0.7,Multiplicity:1.00
0.001	0.635	0.001	0.363
0.231	0.001	0.767	0.001
0.635	0.363	0.001	0.001
0.997	0.001	0.001	0.001
0.001	0.767	0.001	0.231
0.001	0.001	0.635	0.363
0.032	0.001	0.966	0.001
0.001	0.001	0.997	0.001
0.001	0.997	0.001	0.001
0.966	0.032	0.001	0.001
>GTGGACAACT	10-GTGGACAACT	8.350283	-24.661266	0	T:11.0(100.00%),B:1.1(2.13%),P:1e-10	Tpos:416.6,Tstd:84.9,Bpos:266.0,Bstd:0.0,StrandBias:10.0,Multiplicity:1.27
0.100	0.100	0.700	0.100
0.100	0.100	0.100	0.700
0.100	0.100	0.700	0.100
0.100	0.100	0.700	0.100
0.700	0.100	0.100	0.100
0.100	0.700	0.100	0.100
0.700	0.100	0.100	0.100
0.700	0.100	0.100	0.100
0.100	0.700	0.100	0.100
0.100	0.100	0.100	0.700
>CTTTKGTTBG	11-CTTTKGTTBG	9.030680	-24.661266	0	T:11.0(100.00%),B:1.5(2.87%),P:1e-10	Tpos:299.7,Tstd:93.4,Bpos:226.2,Bstd:91.0,StrandBias:0.8,Multiplicity:2.00
0.015	0.751	0.077	0.157
0.001	0.001	0.001	0.997
0.001	0.001	0.001	0.997
0.001	0.001	0.001	0.997
0.076	0.001	0.518	0.405
0.091	0.001	0.668	0.240
0.001	0.001	0.001	0.997
0.001	0.001	0.001	0.997
0.001	0.329	0.361	0.310
0.001	0.240	0.758	0.001
>GCTMAGCACA	12-GCTMAGCACA	7.802893	-24.661266	0	T:11.0(100.00%),B:1.1(2.13%),P:1e-10	Tpos:42.3,Tstd:47.7,Bpos:11.0,Bstd:0.0,StrandBias:0.2,Multiplicity:1.18
0.148	0.001	0.850	0.001
0.001	0.997	0.001	0.001
0.149	0.149	0.001	0.701
0.346	0.468	0.037	0.149
0.813	0.001	0.185	0.001
0.001	0.001	0.997	0.001
0.001	0.997	0.001	0.001
0.616	0.382	0.001	0.001
0.001	0.997	0.001	0.001
0.997	0.001	0.001	0.001
>TTATWAKCAA	13-TTATWAKCAA	9.921462	-24.661266	0	T:11.0(100.00%),B:1.1(2.13%),P:1e-10	Tpos:164.1,Tstd:47.1,Bpos:435.0,Bstd:0.0,StrandBias:3.7,Multiplicity:1.27
0.360	0.001	0.001	0.638
0.115	0.115	0.115	0.655
0.884	0.001	0.114	0.001
0.001	0.114	0.001	0.884
0.474	0.001	0.001	0.524
0.882	0.001	0.003	0.114
0.001	0.001	0.540	0.458
0.114	0.590	0.295	0.001
0.844	0.041	0.001	0.114
0.957	0.041	0.001	0.001
>WTWGTTAATG	14-WTWGTTAATG	10.694245	-23.175880	0	T:10.0(90.91%),B:0.0(0.00%),P:1e-10	Tpos:288.8,Tstd:84.2,Bpos:0.0,Bstd:0.0,StrandBias:1.8,Multiplicity:2.20
0.429	0.100	0.001	0.470
0.001	0.003	0.001	0.995
0.428	0.001	0.001	0.570
0.001	0.001	0.995	0.003
0.004	0.100	0.001	0.895
0.321	0.001	0.001	0.677
0.899	0.001	0.099	0.001
0.899	0.099	0.001	0.001
0.313	0.001	0.001	0.685
0.001	0.001	0.997	0.001
>CCACAACMTC	15-CCACAACMTC	11.558043	-23.175880	0	T:10.0(90.91%),B:0.0(0.00%),P:1e-10	Tpos:50.6,Tstd:1.8,Bpos:0.0,Bstd:0.0,StrandBias:10.0,Multiplicity:1.00
0.001	0.997	0.001	0.001
0.078	0.920	0.001	0.001
0.610	0.388	0.001	0.001
0.001	0.997	0.001	0.001
0.997	0.001	0.001	0.001
0.997	0.001	0.001	0.001
0.001	0.997	0.001	0.001
0.485	0.513	0.001	0.001
0.388	0.001	0.001	0.610
0.001	0.610	0.001	0.388
>ATTGCCGCTG	16-ATTGCCGCTG	7.703788	-23.175880	0	T:10.0(90.91%),B:0.3(0.50%),P:1e-10	Tpos:328.1,Tstd:94.9,Bpos:399.0,Bstd:0.0,StrandBias:10.0,Multiplicity:1.00
0.817	0.001	0.001	0.181
0.001	0.001	0.001	0.997
0.001	0.001	0.001	0.997
0.001	0.001	0.997	0.001
0.001	0.997	0.001	0.001
0.001	0.635	0.001	0.363
0.001	0.001	0.817	0.181
0.001	0.997	0.001	0.001
0.001	0.001	0.001	0.997
0.001	0.181	0.817	0.001
>ACCCATHTDC	17-ACCCATHTDC	7.424432	-22.789463	0	T:11.0(100.00%),B:2.5(4.81%),P:1e-9	Tpos:434.3,Tstd:58.0,Bpos:88.2,Bstd:24.1,StrandBias:1.5,Multiplicity:1.36
0.737	0.131	0.131	0.001
0.001	0.736	0.001	0.262
0.012	0.581	0.272	0.135
0.047	0.951	0.001	0.001
0.997	0.001	0.001	0.001
0.130	0.001	0.001	0.868
0.262	0.334	0.001	0.403
0.131	0.001	0.131	0.737
0.337	0.001	0.400	0.262
0.001	0.820	0.001	0.178
>TATGTGGCGG	18-TATGTGGCGG	6.721476	-20.795287	0	T:10.0(90.91%),B:1.3(2.47%),P:1e-9	Tpos:383.1,Tstd:48.2,Bpos:382.0,Bstd:0.0,StrandBias:0.9,Multiplicity:1.70
0.001	0.001	0.001	0.997
0.997	0.001	0.001	0.001
0.001	0.001	0.001	0.997
0.001	0.001	0.997	0.001
0.001	0.001	0.001	0.997
0.001	0.001	0.997	0.001
0.001	0.050	0.609	0.340
0.061	0.937	0.001	0.001
0.401	0.001	0.597	0.001
0.001	0.339	0.659	0.001
>ATAACTTAAG	19-ATAACTTAAG	5.422889	-19.927263	0	T:11.0(100.00%),B:4.2(8.04%),P:1e-8	Tpos:152.3,Tstd:14.1,Bpos:139.5,Bstd:62.8,StrandBias:2.0,Multiplicity:1.09
0.635	0.001	0.001	0.363
0.001	0.084	0.001	0.914
0.997	0.001	0.001	0.001
0.993	0.001	0.001	0.005
0.001	0.641	0.357	0.001
0.001	0.040	0.001	0.958
0.001	0.001	0.001	0.997
0.997	0.001	0.001	0.001
0.719	0.001	0.001	0.279
0.001	0.231	0.767	0.001
>MCAVTGCTGC	20-MCAVTGCTGC	8.858159	-19.880043	0	T:9.0(81.82%),B:0.0(0.00%),P:1e-8	Tpos:393.8,Tstd:59.7,Bpos:0.0,Bstd:0.0,StrandBias:0.2,Multiplicity:1.44
0.523	0.475	0.001	0.001
0.092	0.815	0.010	0.083
0.997	0.001	0.001	0.001
0.262	0.262	0.371	0.105
0.001	0.001	0.082	0.916
0.001	0.001	0.997	0.001
0.001	0.476	0.262	0.262
0.118	0.008	0.001	0.873
0.001	0.001	0.916	0.082
0.262	0.476	0.262	0.001
>CCTATGAATY	21-CCTATGAATY	9.875470	-19.880043	0	T:9.0(81.82%),B:0.0(0.00%),P:1e-8	Tpos:197.0,Tstd:0.0,Bpos:0.0,Bstd:0.0,StrandBias:10.0,Multiplicity:1.00
0.020	0.598	0.001	0.381
0.001	0.997	0.001	0.001
0.091	0.001	0.001	0.907
0.597	0.310	0.001	0.092
0.001	0.091	0.001	0.907
0.020	0.092	0.796	0.092
0.578	0.092	0.001	0.329
0.527	0.289	0.092	0.092
0.001	0.001	0.091	0.907
0.001	0.506	0.112	0.381
>ATRMAAAGGC	22-ATRMAAAGGC	9.284059	-19.021133	0	T:10.0(90.91%),B:2.5(4.80%),P:1e-8	Tpos:130.6,Tstd:65.5,Bpos:159.3,Bstd:36.7,StrandBias:-1.3,Multiplicity:1.40
0.587	0.001	0.411	0.001
0.001	0.001	0.001	0.997
0.476	0.001	0.522	0.001
0.522	0.476	0.001	0.001
0.997	0.001	0.001	0.001
0.540	0.111	0.348	0.001
0.587	0.001	0.411	0.001
0.001	0.001	0.997	0.001
0.001	0.001	0.997	0.001
0.001	0.997	0.001	0.001
>GTTGTATTAT	23-GTTGTATTAT	8.929654	-14.332265	0	T:7.0(63.64%),B:0.0(0.00%),P:1e-6	Tpos:169.0,Tstd:53.2,Bpos:0.0,Bstd:0.0,StrandBias:-0.5,Multiplicity:1.71
0.001	0.001	0.781	0.217
0.001	0.001	0.001	0.997
0.001	0.001	0.001	0.997
0.001	0.001	0.997	0.001
0.034	0.001	0.149	0.816
0.997	0.001	0.001	0.001
0.001	0.001	0.001	0.997
0.001	0.001	0.001	0.997
0.997	0.001	0.001	0.001
0.001	0.001	0.001	0.997
>GGCGCCCGTG	24-GGCGCCCGTG	6.208300	-12.317362	0	T:7.0(63.64%),B:1.2(2.26%),P:1e-5	Tpos:378.8,Tstd:50.7,Bpos:211.9,Bstd:46.8,StrandBias:0.5,Multiplicity:1.71
0.335	0.001	0.663	0.001
0.001	0.001	0.997	0.001
0.001	0.756	0.001	0.242
0.077	0.001	0.636	0.286
0.001	0.971	0.001	0.027
0.001	0.997	0.001	0.001
0.001	0.646	0.001	0.352
0.001	0.001	0.997	0.001
0.001	0.001	0.352	0.646
0.001	0.001	0.997	0.001
>AGYGGGCCCT	25-AGYGGGCCCT	9.085487	-11.898652	0	T:6.0(54.55%),B:0.0(0.00%),P:1e-5	Tpos:69.0,Tstd:0.0,Bpos:0.0,Bstd:0.0,StrandBias:10.0,Multiplicity:1.00
0.461	0.180	0.180	0.180
0.001	0.179	0.641	0.179
0.001	0.461	0.179	0.359
0.179	0.001	0.819	0.001
0.179	0.179	0.641	0.001
0.001	0.001	0.997	0.001
0.001	0.819	0.179	0.001
0.179	0.800	0.001	0.020
0.001	0.778	0.001	0.220
0.179	0.001	0.001	0.819
>GTAAATCATTTA	1-GTAAATCATTTA	12.276805	-27.146172	0	T:11.0(100.00%),B:0.0(0.00%),P:1e-11	Tpos:334.6,Tstd:62.3,Bpos:0.0,Bstd:0.0,StrandBias:-0.4,Multiplicity:1.45
0.001	0.001	0.997	0.001
0.001	0.001	0.001	0.997
0.595	0.001	0.001	0.403
0.767	0.001	0.231	0.001
0.997	0.001	0.001	0.001
0.001	0.001	0.001	0.997
0.001	0.618	0.380	0.001
0.997	0.001	0.001	0.001
0.001	0.001	0.001	0.997
0.001	0.001	0.001	0.997
0.410	0.001	0.001	0.588
0.885	0.001	0.001	0.113
>HGGHCTTTGTWT	2-HGGHCTTTGTWT	6.314982	-27.146172	0	T:11.0(100.00%),B:0.3(0.55%),P:1e-11	Tpos:229.8,Tstd:42.5,Bpos:437.0,Bstd:0.0,StrandBias:2.5,Multiplicity:2.36
0.333	0.385	0.001	0.281
0.001	0.001	0.948	0.050
0.001	0.001	0.717	0.281
0.385	0.333	0.001	0.281
0.001	0.997	0.001	0.001
0.001	0.001	0.001	0.997
0.046	0.001	0.001	0.952
0.001	0.001	0.001	0.997
0.001	0.001	0.997	0.001
0.001	0.001	0.001	0.997
0.435	0.001	0.001	0.563
0.281	0.001	0.001	0.717
>ACAACADCANCA	3-ACAACADCANCA	8.970662	-27.146172	0	T:11.0(100.00%),B:0.0(0.00%),P:1e-11	Tpos:54.2,Tstd:1.5,Bpos:0.0,Bstd:0.0,StrandBias:10.0,Multiplicity:1.00
0.755	0.198	0.046	0.001
0.244	0.657	0.098	0.001
0.608	0.339	0.001	0.052
0.612	0.140	0.006	0.242
0.051	0.849	0.092	0.008
0.683	0.315	0.001	0.001
0.288	0.001	0.349	0.362
0.095	0.856	0.048	0.001
0.611	0.291	0.001	0.097
0.191	0.297	0.322	0.189
0.245	0.515	0.003	0.237
0.758	0.001	0.195	0.046
>TCTGAWGCWCYT	4-TCTGAWGCWCYT	11.035153	-27.146172	0	T:11.0(100.00%),B:0.0(0.00%),P:1e-11	Tpos:318.0,Tstd:0.0,Bpos:0.0,Bstd:0.0,StrandBias:10.0,Multiplicity:1.00
0.347	0.001	0.001	0.651
0.001	0.915	0.001	0.083
0.083	0.001	0.001	0.915
0.084	0.001	0.703	0.212
0.651	0.001	0.264	0.084
0.435	0.001	0.001	0.563
0.172	0.084	0.480	0.264
0.001	0.874	0.001	0.124
0.480	0.168	0.001	0.351
0.347	0.528	0.041	0.084
0.001	0.563	0.001	0.435
0.083	0.001	0.001	0.915
>GCTCCTTTTACW	5-GCTCCTTTTACW	13.815378	-27.146172	0	T:11.0(100.00%),B:0.0(0.00%),P:1e-11	Tpos:162.0,Tstd:0.0,Bpos:0.0,Bstd:0.0,StrandBias:10.0,Multiplicity:1.00
0.066	0.001	0.932	0.001
0.001	0.997	0.001	0.001
0.001	0.001	0.001	0.997
0.001	0.997	0.001	0.001
0.001	0.997	0.001	0.001
0.175	0.241	0.001	0.583
0.001	0.001	0.001	0.997
0.001	0.001	0.001	0.997
0.021	0.001	0.001	0.977
0.932	0.001	0.066	0.001
0.001	0.910	0.067	0.022
0.549	0.001	0.001	0.449
>ATCTCCATTTCA	6-ATCTCCATTTCA	13.714816	-27.146172	0	T:11.0(100.00%),B:0.0(0.00%),P:1e-11	Tpos:7.0,Tstd:0.0,Bpos:0.0,Bstd:0.0,StrandBias:10.0,Multiplicity:1.00
0.997	0.001	0.001	0.001
0.001	0.001	0.001	0.997
0.001	0.997	0.001	0.001
0.001	0.001	0.001	0.997
0.001	0.997	0.001	0.001
0.001	0.997	0.001	0.001
0.997	0.001	0.001	0.001
0.001	0.153	0.210	0.636
0.001	0.001	0.001	0.997
0.001	0.001	0.001	0.997
0.001	0.635	0.001	0.363
0.997	0.001	0.001	0.001
>GTGGGMCCTWAC	7-GTGGGMCCTWAC	10.003225	-27.146172	0	T:11.0(100.00%),B:0.0(0.00%),P:1e-11	Tpos:66.8,Tstd:48.3,Bpos:0.0,Bstd:0.0,StrandBias:10.0,Multiplicity:1.27
0.001	0.220	0.778	0.001
0.001	0.363	0.001	0.635
0.001	0.001	0.821	0.177
0.001	0.001	0.997	0.001
0.001	0.001	0.997	0.001
0.457	0.364	0.178	0.001
0.177	0.821	0.001	0.001
0.001	0.997	0.001	0.001
0.178	0.178	0.001	0.643
0.364	0.001	0.178	0.457
0.643	0.001	0.355	0.001
0.001	0.997	0.001	0.001
>CCAGTGCWGCWG	8-CCAGTGCWGCWG	7.152444	-27.146172	0	T:11.0(100.00%),B:0.0(0.00%),P:1e-11	Tpos:417.5,Tstd:8.3,Bpos:0.0,Bstd:0.0,StrandBias:0.5,Multiplicity:1.36
0.001	0.997	0.001	0.001
0.050	0.815	0.134	0.001
0.997	0.001	0.001	0.001
0.001	0.001	0.799	0.199
0.001	0.001	0.001	0.997
0.001	0.001	0.997	0.001
0.001	0.599	0.001	0.399
0.527	0.046	0.001	0.426
0.001	0.001	0.997	0.001
0.399	0.599	0.001	0.001
0.400	0.127	0.001	0.472
0.001	0.001	0.997	0.001
>TGWTCCAGGGGC	9-TGWTCCAGGGGC	8.669259	-27.146172	0	T:11.0(100.00%),B:0.0(0.00%),P:1e-11	Tpos:353.2,Tstd:34.0,Bpos:0.0,Bstd:0.0,StrandBias:1.0,Multiplicity:1.36
0.235	0.187	0.001	0.577
0.187	0.092	0.629	0.092
0.370	0.219	0.001	0.410
0.033	0.183	0.001	0.783
0.183	0.629	0.187	0.001
0.401	0.597	0.001	0.001
0.576	0.001	0.001	0.422
0.393	0.001	0.605	0.001
0.001	0.001	0.997	0.001
0.091	0.001	0.817	0.091
0.001	0.001	0.997	0.001
0.001	0.996	0.001	0.002
>GGGCTMAGCACA	10-GGGCTMAGCACA	4.497447	-27.146172	0	T:11.0(100.00%),B:0.8(1.52%),P:1e-11	Tpos:24.4,Tstd:3.3,Bpos:285.8,Bstd:102.0,StrandBias:-0.6,Multiplicity:1.36
0.001	0.001	0.997	0.001
0.001	0.356	0.613	0.030
0.355	0.001	0.643	0.001
0.001	0.997	0.001	0.001
0.001	0.302	0.001	0.696
0.374	0.465	0.013	0.148
0.986	0.001	0.012	0.001
0.001	0.001	0.997	0.001
0.001	0.997	0.001	0.001
0.612	0.386	0.001	0.001
0.001	0.997	0.001	0.001
0.997	0.001	0.001	0.001
>CDCATAAATTHA	11-CDCATAAATTHA	7.931878	-27.146172	0	T:11.0(100.00%),B:0.2(0.42%),P:1e-11	Tpos:439.7,Tstd:114.0,Bpos:461.0,Bstd:0.0,StrandBias:1.5,Multiplicity:1.18
0.001	0.719	0.001	0.279
0.280	0.090	0.280	0.350
0.001	0.997	0.001	0.001
0.719	0.001	0.279	0.001
0.001	0.021	0.001	0.977
0.997	0.001	0.001	0.001
0.997	0.001	0.001	0.001
0.439	0.280	0.280	0.001
0.001	0.001	0.001	0.997
0.001	0.001	0.001	0.997
0.280	0.325	0.001	0.394
0.997	0.001	0.001	0.001
>MCTCTTWTGTTT	12-MCTCTTWTGTTT	6.420970	-27.146172	0	T:11.0(100.00%),B:0.0(0.00%),P:1e-11	Tpos:338.1,Tstd:68.5,Bpos:0.0,Bstd:0.0,StrandBias:3.7,Multiplicity:1.27
0.562	0.436	0.001	0.001
0.001	0.562	0.389	0.048
0.388	0.001	0.001	0.610
0.001	0.997	0.001	0.001
0.019	0.389	0.001	0.591
0.001	0.001	0.173	0.825
0.437	0.174	0.001	0.389
0.001	0.001	0.001	0.997
0.001	0.001	0.997	0.001
0.001	0.001	0.001	0.997
0.001	0.001	0.001	0.997
0.001	0.001	0.001	0.997
>TGCCCGTTCRNA	13-TGCCCGTTCRNA	9.961725	-27.146172	0	T:11.0(100.00%),B:0.0(0.00%),P:1e-11	Tpos:158.5,Tstd:130.4,Bpos:0.0,Bstd:0.0,StrandBias:2.2,Multiplicity:1.22
0.001	0.279	0.001	0.719
0.001	0.001	0.997	0.001
0.001	0.997	0.001	0.001
0.001	0.997	0.001	0.001
0.001	0.689	0.001	0.309
0.001	0.279	0.719	0.001
0.001	0.001	0.001	0.997
0.001	0.001	0.279	0.719
0.001	0.997	0.001	0.001
0.559	0.001	0.439	0.001
0.280	0.280	0.160	0.280
0.839	0.159	0.001	0.001
>WATGTGKCSGHG	14-WATGTGKCSGHG	7.540507	-23.175880	0	T:10.0(90.91%),B:0.4(0.72%),P:1e-10	Tpos:384.2,Tstd:16.0,Bpos:136.0,Bstd:0.0,StrandBias:0.2,Multiplicity:1.30
0.438	0.087	0.028	0.447
0.908	0.006	0.084	0.002
0.055	0.001	0.119	0.825
0.146	0.001	0.536	0.317
0.119	0.001	0.142	0.738
0.238	0.119	0.612	0.031
0.006	0.231	0.412	0.351
0.009	0.643	0.293	0.055
0.201	0.269	0.354	0.176
0.089	0.204	0.652	0.055
0.301	0.262	0.121	0.316
0.207	0.115	0.591	0.087
>ACWGCATTKTGY	15-ACWGCATTKTGY	10.458778	-23.175880	0	T:10.0(90.91%),B:0.2(0.42%),P:1e-10	Tpos:260.4,Tstd:36.3,Bpos:333.0,Bstd:0.0,StrandBias:10.0,Multiplicity:1.00
0.766	0.232	0.001	0.001
0.001	0.997	0.001	0.001
0.534	0.001	0.001	0.464
0.322	0.001	0.676	0.001
0.001	0.851	0.147	0.001
0.851	0.147	0.001	0.001
0.001	0.001	0.001	0.997
0.001	0.302	0.001	0.696
0.001	0.148	0.387	0.465
0.001	0.001	0.001	0.997
0.001	0.001	0.696	0.302
0.001	0.465	0.148	0.387
>RAGTWAAKGCCC	16-RAGTWAAKGCCC	10.095242	-23.175880	0	T:10.0(90.91%),B:0.0(0.00%),P:1e-10	Tpos:103.0,Tstd:53.8,Bpos:0.0,Bstd:0.0,StrandBias:-1.0,Multiplicity:1.00
0.561	0.001	0.437	0.001
0.780	0.001	0.218	0.001
0.343	0.001	0.655	0.001
0.001	0.218	0.001	0.780
0.437	0.125	0.001	0.437
0.915	0.001	0.001	0.083
0.997	0.001	0.001	0.001
0.219	0.001	0.437	0.343
0.001	0.001	0.997	0.001
0.001	0.997	0.001	0.001
0.218	0.780	0.001	0.001
0.218	0.780	0.001	0.001
>WSYTKGCACATD	17-WSYTKGCACATD	7.125994	-19.880043	0	T:9.0(81.82%),B:0.0(0.00%),P:1e-8	Tpos:396.0,Tstd:31.3,Bpos:0.0,Bstd:0.0,StrandBias:10.0,Multiplicity:1.00
0.458	0.072	0.070	0.400
0.131	0.271	0.401	0.198
0.064	0.410	0.194	0.332
0.258	0.070	0.201	0.470
0.065	0.131	0.334	0.470
0.127	0.134	0.545	0.194
0.265	0.538	0.194	0.003
0.659	0.132	0.071	0.138
0.338	0.525	0.003	0.134
0.614	0.191	0.064	0.131
0.138	0.064	0.067	0.731
0.277	0.007	0.391	0.325
>AWTATTAGSAAT	18-AWTATTAGSAAT	9.159827	-17.572718	0	T:10.0(90.91%),B:3.8(7.29%),P:1e-7	Tpos:151.5,Tstd:41.9,Bpos:260.4,Bstd:86.7,StrandBias:0.5,Multiplicity:1.80
0.742	0.001	0.001	0.256
0.450	0.001	0.001	0.548
0.062	0.194	0.001	0.743
0.875	0.001	0.062	0.062
0.194	0.001	0.062	0.743
0.388	0.001	0.001	0.610
0.618	0.257	0.063	0.062
0.001	0.256	0.549	0.194
0.001	0.451	0.354	0.194
0.783	0.022	0.001	0.194
0.782	0.216	0.001	0.001
0.194	0.068	0.001	0.737
>WTKATTTTAAAA	19-WTKATTTTAAAA	10.278598	-16.971323	0	T:8.0(72.73%),B:0.0(0.00%),P:1e-7	Tpos:105.8,Tstd:15.5,Bpos:0.0,Bstd:0.0,StrandBias:-1.4,Multiplicity:1.62
0.542	0.001	0.001	0.456
0.001	0.001	0.008	0.990
0.001	0.001	0.456	0.542
0.997	0.001	0.001	0.001
0.001	0.001	0.001	0.997
0.001	0.001	0.001	0.997
0.017	0.001	0.001	0.981
0.258	0.001	0.001	0.740
0.997	0.001	0.001	0.001
0.740	0.001	0.001	0.258
0.827	0.046	0.001	0.126
0.867	0.001	0.006	0.126
>GGAGTTGTCCAC	20-GGAGTTGTCCAC	10.617590	-16.971323	0	T:8.0(72.73%),B:0.0(0.00%),P:1e-7	Tpos:459.7,Tstd:0.9,Bpos:0.0,Bstd:0.0,StrandBias:1.0,Multiplicity:1.00
0.022	0.001	0.968	0.009
0.001	0.001	0.990	0.008
0.636	0.062	0.009	0.293
0.001	0.001	0.968	0.030
0.001	0.001	0.001	0.997
0.001	0.001	0.363	0.635
0.001	0.001	0.997	0.001
0.363	0.001	0.001	0.635
0.022	0.976	0.001	0.001
0.341	0.636	0.001	0.022
0.997	0.001	0.001	0.001
0.001	0.732	0.001	0.266
>TVTKKGWCACHT	21-TVTKKGWCACHT	6.947640	-15.941091	0	T:9.0(81.82%),B:2.0(3.93%),P:1e-6	Tpos:246.3,Tstd:117.9,Bpos:401.8,Bstd:11.8,StrandBias:10.0,Multiplicity:1.00
0.158	0.061	0.161	0.620
0.223	0.312	0.364	0.101
0.101	0.052	0.259	0.588
0.001	0.050	0.521	0.428
0.050	0.154	0.418	0.377
0.101	0.010	0.788	0.101
0.368	0.118	0.101	0.413
0.001	0.941	0.001	0.057
0.544	0.255	0.050	0.151
0.220	0.519	0.050	0.211
0.316	0.216	0.111	0.357
0.001	0.208	0.255	0.536
>TTDGTTTGGATT	22-TTDGTTTGGATT	10.765400	-11.898652	0	T:6.0(54.55%),B:0.3(0.55%),P:1e-5	Tpos:212.9,Tstd:24.8,Bpos:61.0,Bstd:0.0,StrandBias:3.0,Multiplicity:1.50
0.001	0.001	0.001	0.997
0.001	0.150	0.217	0.632
0.307	0.067	0.307	0.319
0.001	0.066	0.932	0.001
0.001	0.001	0.018	0.980
0.001	0.001	0.001	0.997
0.001	0.001	0.306	0.692
0.149	0.001	0.849	0.001
0.001	0.001	0.782	0.216
0.524	0.307	0.019	0.150
0.001	0.018	0.001	0.980
0.001	0.001	0.001	0.997
>GGGCTCTTWAAC	23-GGGCTCTTWAAC	9.986808	-9.629968	0	T:5.0(45.45%),B:0.4(0.68%),P:1e-4	Tpos:73.0,Tstd:0.0,Bpos:415.0,Bstd:0.0,StrandBias:10.0,Multiplicity:1.00
0.001	0.001	0.997	0.001
0.321	0.001	0.677	0.001
0.209	0.205	0.585	0.001
0.001	0.789	0.001	0.209
0.001	0.321	0.001	0.677
0.312	0.483	0.001	0.205
0.102	0.001	0.001	0.896
0.209	0.001	0.102	0.688
0.473	0.001	0.102	0.424
0.473	0.322	0.001	0.205
0.678	0.001	0.116	0.205
0.102	0.795	0.001	0.102
>MTWAARCKATGT	24-MTWAARCKATGT	9.341741	-8.723893	0	T:6.0(54.55%),B:2.1(4.06%),P:1e-3	Tpos:206.5,Tstd:44.5,Bpos:343.0,Bstd:0.0,StrandBias:10.0,Multiplicity:1.60
0.433	0.565	0.001	0.001
0.276	0.001	0.001	0.722
0.433	0.001	0.001	0.565
0.997	0.001	0.001	0.001
0.722	0.001	0.276	0.001
0.433	0.001	0.565	0.001
0.052	0.671	0.001	0.276
0.001	0.001	0.433	0.565
0.722	0.001	0.001	0.276
0.001	0.001	0.001	0.997
0.001	0.001	0.997	0.001
0.001	0.001	0.001	0.997
>TTTATGGG	1-TTTATGGG	9.382618	-27.146172	0	T:11.0(100.00%),B:0.8(1.54%),P:1e-11	Tpos:194.0,Tstd:206.1,Bpos:412.0,Bstd:0.0,StrandBias:1.6,Multiplicity:1.82
0.001	0.001	0.001	0.997
0.001	0.001	0.001	0.997
0.001	0.236	0.001	0.762
0.944	0.001	0.054	0.001
0.001	0.001	0.001	0.997
0.001	0.001	0.997	0.001
0.172	0.001	0.826	0.001
0.001	0.001	0.997	0.001
>GCTCCTTT	2-GCTCCTTT	8.746535	-27.146172	0	T:11.0(100.00%),B:0.8(1.51%),P:1e-11	Tpos:236.0,Tstd:126.0,Bpos:262.6,Bstd:63.5,StrandBias:10.0,Multiplicity:1.36
0.001	0.001	0.997	0.001
0.001	0.997	0.001	0.001
0.001	0.001	0.001	0.997
0.001	0.997	0.001	0.001
0.001	0.997	0.001	0.001
0.098	0.098	0.001	0.803
0.001	0.001	0.001	0.997
0.001	0.001	0.001	0.997
>CCCTTTGA	3-CCCTTTGA	9.300086	-27.146172	0	T:11.0(100.00%),B:0.3(0.55%),P:1e-11	Tpos:275.5,Tstd:126.9,Bpos:23.0,Bstd:0.0,StrandBias:1.5,Multiplicity:1.36
0.001	0.997	0.001	0.001
0.001	0.921	0.001	0.077
0.001	0.997	0.001	0.001
0.001	0.001	0.001	0.997
0.244	0.001	0.001	0.754
0.001	0.001	0.001	0.997
0.001	0.244	0.754	0.001
0.997	0.001	0.001	0.001
>CTCTGATG	4-CTCTGATG	8.165814	-27.146172	0	T:11.0(100.00%),B:0.3(0.54%),P:1e-11	Tpos:315.0,Tstd:0.0,Bpos:217.0,Bstd:0.0,StrandBias:10.0,Multiplicity:1.00
0.001	0.721	0.001	0.277
0.001	0.001	0.277	0.721
0.001	0.997	0.001	0.001
0.001	0.001	0.001	0.997
0.202	0.001	0.796	0.001
0.721	0.001	0.277	0.001
0.406	0.001	0.001	0.592
0.001	0.001	0.796	0.202
>CTTACCAC	5-CTTACCAC	9.610793	-24.661266	0	T:11.0(100.00%),B:2.0(3.83%),P:1e-10	Tpos:41.2,Tstd:8.1,Bpos:157.5,Bstd:137.2,StrandBias:2.2,Multiplicity:1.00
0.001	0.997	0.001	0.001
0.006	0.298	0.001	0.695
0.001	0.053	0.001	0.945
0.997	0.001	0.001	0.001
0.001	0.646	0.352	0.001
0.001	0.997	0.001	0.001
0.997	0.001	0.001	0.001
0.001	0.997	0.001	0.001
>AAATCAAT	6-AAATCAAT	9.033367	-24.661266	0	T:11.0(100.00%),B:1.1(2.07%),P:1e-10	Tpos:140.8,Tstd:98.6,Bpos:282.8,Bstd:74.6,StrandBias:-0.7,Multiplicity:1.91
0.730	0.001	0.001	0.268
0.997	0.001	0.001	0.001
0.997	0.001	0.001	0.001
0.001	0.001	0.001	0.997
0.001	0.997	0.001	0.001
0.907	0.001	0.001	0.091
0.802	0.001	0.001	0.196
0.001	0.001	0.001	0.997
>GAGCTGGG	7-GAGCTGGG	6.294428	-24.661266	0	T:11.0(100.00%),B:1.8(3.51%),P:1e-10	Tpos:164.0,Tstd:110.3,Bpos:159.4,Bstd:111.3,StrandBias:-2.8,Multiplicity:1.45
0.001	0.019	0.979	0.001
0.997	0.001	0.001	0.001
0.339	0.001	0.659	0.001
0.001	0.756	0.242	0.001
0.077	0.001	0.286	0.636
0.001	0.001	0.997	0.001
0.001	0.001	0.997	0.001
0.001	0.363	0.635	0.001
>GCTGCTGT	8-GCTGCTGT	6.828548	-23.175880	0	T:10.0(90.91%),B:0.0(0.00%),P:1e-10	Tpos:434.3,Tstd:25.9,Bpos:0.0,Bstd:0.0,StrandBias:10.0,Multiplicity:1.40
0.001	0.001	0.981	0.017
0.001	0.997	0.001	0.001
0.001	0.001	0.001	0.997
0.001	0.001	0.997	0.001
0.010	0.988	0.001	0.001
0.001	0.001	0.001	0.997
0.001	0.001	0.997	0.001
0.001	0.146	0.001	0.852
>AATCTCCA	9-AATCTCCA	8.236954	-22.789463	0	T:11.0(100.00%),B:2.7(5.13%),P:1e-9	Tpos:4.0,Tstd:0.0,Bpos:68.3,Bstd:12.9,StrandBias:10.0,Multiplicity:1.00
0.700	0.100	0.100	0.100
0.700	0.100	0.100	0.100
0.100	0.100	0.100	0.700
0.100	0.700	0.100	0.100
0.100	0.100	0.100	0.700
0.100	0.700	0.100	0.100
0.100	0.700	0.100	0.100
0.700	0.100	0.100	0.100
>TATGTTTA	10-TATGTTTA	8.236954	-22.789463	0	T:11.0(100.00%),B:2.9(5.63%),P:1e-9	Tpos:307.0,Tstd:0.0,Bpos:286.9,Bstd:47.0,StrandBias:10.0,Multiplicity:1.00
0.100	0.100	0.100	0.700
0.700	0.100	0.100	0.100
0.100	0.100	0.100	0.700
0.100	0.100	0.700	0.100
0.100	0.100	0.100	0.700
0.100	0.100	0.100	0.700
0.100	0.100	0.100	0.700
0.700	0.100	0.100	0.100
>CTTTGTAT	11-CTTTGTAT	7.838575	-22.789463	0	T:11.0(100.00%),B:2.6(5.03%),P:1e-9	Tpos:215.2,Tstd:63.5,Bpos:415.3,Bstd:32.9,StrandBias:0.1,Multiplicity:2.09
0.001	0.955	0.043	0.001
0.001	0.001	0.136	0.862
0.001	0.001	0.001	0.997
0.001	0.001	0.001	0.997
0.001	0.001	0.997	0.001
0.066	0.001	0.001	0.932
0.721	0.001	0.067	0.211
0.001	0.001	0.001	0.997
>GCCCCAGC	12-GCCCCAGC	6.258744	-22.789463	0	T:11.0(100.00%),B:2.7(5.14%),P:1e-9	Tpos:180.7,Tstd:141.9,Bpos:69.9,Bstd:100.4,StrandBias:2.9,Multiplicity:1.55
0.166	0.090	0.743	0.001
0.021	0.754	0.132	0.093
0.180	0.818	0.001	0.001
0.021	0.682	0.021	0.276
0.178	0.692	0.021	0.109
0.825	0.066	0.001	0.108
0.065	0.202	0.667	0.066
0.072	0.834	0.027	0.067
>TTTGGATT	13-TTTGGATT	6.354212	-20.795287	0	T:10.0(90.91%),B:1.8(3.37%),P:1e-9	Tpos:196.5,Tstd:23.4,Bpos:186.6,Bstd:141.7,StrandBias:1.6,Multiplicity:2.00
0.001	0.001	0.001	0.997
0.001	0.001	0.001	0.997
0.001	0.001	0.001	0.997
0.001	0.001	0.997	0.001
0.001	0.001	0.997	0.001
0.882	0.001	0.001	0.116
0.001	0.001	0.001	0.997
0.001	0.001	0.077	0.921
>TATTAGGA	14-TATTAGGA	10.913458	-19.880043	0	T:9.0(81.82%),B:0.7(1.33%),P:1e-8	Tpos:137.0,Tstd:0.0,Bpos:188.9,Bstd:65.2,StrandBias:10.0,Multiplicity:1.00
0.001	0.001	0.001	0.997
0.997	0.001	0.001	0.001
0.001	0.001	0.001	0.997
0.023	0.001	0.023	0.953
0.968	0.030	0.001	0.001
0.001	0.001	0.997	0.001
0.001	0.076	0.922	0.001
0.997	0.001	0.001	0.001
>GCCTATGT	15-GCCTATGT	8.236954	-19.880043	0	T:9.0(81.82%),B:0.0(0.00%),P:1e-8	Tpos:195.0,Tstd:0.0,Bpos:0.0,Bstd:0.0,StrandBias:10.0,Multiplicity:1.00
0.100	0.100	0.700	0.100
0.100	0.700	0.100	0.100
0.100	0.700	0.100	0.100
0.100	0.100	0.100	0.700
0.700	0.100	0.100	0.100
0.100	0.100	0.100	0.700
0.100	0.100	0.700	0.100
0.100	0.100	0.100	0.700
>GTGGCGGA	16-GTGGCGGA	8.236954	-19.880043	0	T:9.0(81.82%),B:0.0(0.00%),P:1e-8	Tpos:400.0,Tstd:0.0,Bpos:0.0,Bstd:0.0,StrandBias:10.0,Multiplicity:1.00
0.100	0.100	0.700	0.100
0.100	0.100	0.100	0.700
0.100	0.100	0.700	0.100
0.100	0.100	0.700	0.100
0.100	0.700	0.100	0.100
0.100	0.100	0.700	0.100
0.100	0.100	0.700	0.100
0.700	0.100	0.100	0.100
>CAAACAGC	17-CAAACAGC	4.600811	-19.880043	0	T:9.0(81.82%),B:0.4(0.84%),P:1e-8	Tpos:344.8,Tstd:114.2,Bpos:171.0,Bstd:0.0,StrandBias:-3.2,Multiplicity:1.67
0.001	0.997	0.001	0.001
0.997	0.001	0.001	0.001
0.901	0.097	0.001	0.001
0.997	0.001	0.001	0.001
0.153	0.845	0.001	0.001
0.858	0.001	0.001	0.140
0.001	0.013	0.985	0.001
0.001	0.997	0.001	0.001
>RCTATGTG	18-RCTATGTG	8.106362	-19.021133	0	T:10.0(90.91%),B:2.1(4.11%),P:1e-8	Tpos:315.9,Tstd:114.9,Bpos:237.5,Bstd:30.5,StrandBias:0.7,Multiplicity:1.30
0.418	0.001	0.451	0.130
0.390	0.608	0.001	0.001
0.078	0.001	0.001	0.920
0.593	0.001	0.327	0.079
0.001	0.001	0.001	0.997
0.001	0.001	0.751	0.247
0.001	0.001	0.001	0.997
0.079	0.001	0.762	0.158
>CATYTACC	19-CATYTACC	7.543586	-17.722658	0	T:11.0(100.00%),B:7.0(13.44%),P:1e-7	Tpos:406.4,Tstd:84.4,Bpos:190.4,Bstd:182.9,StrandBias:10.0,Multiplicity:1.82
0.066	0.694	0.239	0.001
0.789	0.209	0.001	0.001
0.136	0.001	0.001	0.862
0.043	0.384	0.067	0.506
0.209	0.001	0.048	0.742
0.997	0.001	0.001	0.001
0.001	0.862	0.001	0.136
0.209	0.724	0.001	0.066
>TTGTTAAT	20-TTGTTAAT	7.956873	-15.941091	0	T:9.0(81.82%),B:2.7(5.16%),P:1e-6	Tpos:275.6,Tstd:83.7,Bpos:282.7,Bstd:53.6,StrandBias:1.7,Multiplicity:2.33
0.001	0.067	0.001	0.931
0.289	0.001	0.001	0.709
0.001	0.001	0.997	0.001
0.067	0.001	0.001	0.931
0.001	0.001	0.001	0.997
0.997	0.001	0.001	0.001
0.997	0.001	0.001	0.001
0.001	0.001	0.001	0.997
>GWGSACAA	21-GWGSACAA	8.802754	-14.823798	0	T:8.0(72.73%),B:1.1(2.13%),P:1e-6	Tpos:460.0,Tstd:0.0,Bpos:267.0,Bstd:0.0,StrandBias:10.0,Multiplicity:1.00
0.001	0.136	0.762	0.101
0.426	0.001	0.001	0.572
0.001	0.001	0.997	0.001
0.001	0.426	0.572	0.001
0.727	0.001	0.136	0.136
0.136	0.775	0.001	0.088
0.727	0.136	0.001	0.136
0.997	0.001	0.001	0.001
>GGCAAATG	22-GGCAAATG	10.616766	-14.332265	0	T:7.0(63.64%),B:0.8(1.54%),P:1e-6	Tpos:419.6,Tstd:65.3,Bpos:119.0,Bstd:0.0,StrandBias:0.4,Multiplicity:1.00
0.362	0.001	0.636	0.001
0.001	0.001	0.997	0.001
0.001	0.997	0.001	0.001
0.997	0.001	0.001	0.001
0.997	0.001	0.001	0.001
0.997	0.001	0.001	0.001
0.001	0.001	0.001	0.997
0.001	0.001	0.997	0.001
>CATCGGGG	23-CATCGGGG	7.384073	-11.898652	0	T:6.0(54.55%),B:0.4(0.79%),P:1e-5	Tpos:174.3,Tstd:197.0,Bpos:263.0,Bstd:0.0,StrandBias:10.0,Multiplicity:1.50
0.001	0.997	0.001	0.001
0.929	0.001	0.001	0.069
0.001	0.070	0.300	0.629
0.219	0.779	0.001	0.001
0.300	0.001	0.536	0.163
0.001	0.001	0.997	0.001
0.300	0.005	0.694	0.001
0.001	0.300	0.480	0.219
>GGCGCCCG	24-GGCGCCCG	8.727214	-10.030907	0	T:6.0(54.55%),B:1.1(2.08%),P:1e-4	Tpos:238.6,Tstd:164.9,Bpos:450.0,Bstd:0.0,StrandBias:2.0,Multiplicity:1.33
0.001	0.178	0.820	0.001
0.001	0.001	0.997	0.001
0.001	0.997	0.001	0.001
0.001	0.001	0.997	0.001
0.001	0.677	0.001	0.321
0.001	0.997	0.001	0.001
0.001	0.997	0.001	0.001
0.001	0.001	0.635	0.363
>CAGGACGC	25-CAGGACGC	8.236954	-9.629968	0	T:5.0(45.45%),B:0.0(0.00%),P:1e-4	Tpos:361.0,Tstd:0.0,Bpos:0.0,Bstd:0.0,StrandBias:10.0,Multiplicity:1.00
0.100	0.700	0.100	0.100
0.700	0.100	0.100	0.100
0.100	0.100	0.700	0.100
0.100	0.100	0.700	0.100
0.700	0.100	0.100	0.100
0.100	0.700	0.100	0.100
0.100	0.100	0.700	0.100
0.100	0.700	0.100	0.100
