>GTAAATCATTTA	1-GTAAATCATTTA	12.276805	-27.146172	0	T:11.0(100.00%),B:0.0(0.00%),P:1e-11	Tpos:334.6,Tstd:62.3,Bpos:0.0,Bstd:0.0,StrandBias:-0.4,Multiplicity:1.45
0.001	0.001	0.997	0.001
0.001	0.001	0.001	0.997
0.595	0.001	0.001	0.403
0.767	0.001	0.231	0.001
0.997	0.001	0.001	0.001
0.001	0.001	0.001	0.997
0.001	0.618	0.380	0.001
0.997	0.001	0.001	0.001
0.001	0.001	0.001	0.997
0.001	0.001	0.001	0.997
0.410	0.001	0.001	0.588
0.885	0.001	0.001	0.113
>HGGHCTTTGTWT	2-HGGHCTTTGTWT	6.314982	-27.146172	0	T:11.0(100.00%),B:0.3(0.55%),P:1e-11	Tpos:229.8,Tstd:42.5,Bpos:437.0,Bstd:0.0,StrandBias:2.5,Multiplicity:2.36
0.333	0.385	0.001	0.281
0.001	0.001	0.948	0.050
0.001	0.001	0.717	0.281
0.385	0.333	0.001	0.281
0.001	0.997	0.001	0.001
0.001	0.001	0.001	0.997
0.046	0.001	0.001	0.952
0.001	0.001	0.001	0.997
0.001	0.001	0.997	0.001
0.001	0.001	0.001	0.997
0.435	0.001	0.001	0.563
0.281	0.001	0.001	0.717
>ACAACADCANCA	3-ACAACADCANCA	8.970662	-27.146172	0	T:11.0(100.00%),B:0.0(0.00%),P:1e-11	Tpos:54.2,Tstd:1.5,Bpos:0.0,Bstd:0.0,StrandBias:10.0,Multiplicity:1.00
0.755	0.198	0.046	0.001
0.244	0.657	0.098	0.001
0.608	0.339	0.001	0.052
0.612	0.140	0.006	0.242
0.051	0.849	0.092	0.008
0.683	0.315	0.001	0.001
0.288	0.001	0.349	0.362
0.095	0.856	0.048	0.001
0.611	0.291	0.001	0.097
0.191	0.297	0.322	0.189
0.245	0.515	0.003	0.237
0.758	0.001	0.195	0.046
>TCTGAWGCWCYT	4-TCTGAWGCWCYT	11.035153	-27.146172	0	T:11.0(100.00%),B:0.0(0.00%),P:1e-11	Tpos:318.0,Tstd:0.0,Bpos:0.0,Bstd:0.0,StrandBias:10.0,Multiplicity:1.00
0.347	0.001	0.001	0.651
0.001	0.915	0.001	0.083
0.083	0.001	0.001	0.915
0.084	0.001	0.703	0.212
0.651	0.001	0.264	0.084
0.435	0.001	0.001	0.563
0.172	0.084	0.480	0.264
0.001	0.874	0.001	0.124
0.480	0.168	0.001	0.351
0.347	0.528	0.041	0.084
0.001	0.563	0.001	0.435
0.083	0.001	0.001	0.915
>GCTCCTTTTACW	5-GCTCCTTTTACW	13.815378	-27.146172	0	T:11.0(100.00%),B:0.0(0.00%),P:1e-11	Tpos:162.0,Tstd:0.0,Bpos:0.0,Bstd:0.0,StrandBias:10.0,Multiplicity:1.00
0.066	0.001	0.932	0.001
0.001	0.997	0.001	0.001
0.001	0.001	0.001	0.997
0.001	0.997	0.001	0.001
0.001	0.997	0.001	0.001
0.175	0.241	0.001	0.583
0.001	0.001	0.001	0.997
0.001	0.001	0.001	0.997
0.021	0.001	0.001	0.977
0.932	0.001	0.066	0.001
0.001	0.910	0.067	0.022
0.549	0.001	0.001	0.449
>ATCTCCATTTCA	6-ATCTCCATTTCA	13.714816	-27.146172	0	T:11.0(100.00%),B:0.0(0.00%),P:1e-11	Tpos:7.0,Tstd:0.0,Bpos:0.0,Bstd:0.0,StrandBias:10.0,Multiplicity:1.00
0.997	0.001	0.001	0.001
0.001	0.001	0.001	0.997
0.001	0.997	0.001	0.001
0.001	0.001	0.001	0.997
0.001	0.997	0.001	0.001
0.001	0.997	0.001	0.001
0.997	0.001	0.001	0.001
0.001	0.153	0.210	0.636
0.001	0.001	0.001	0.997
0.001	0.001	0.001	0.997
0.001	0.635	0.001	0.363
0.997	0.001	0.001	0.001
>GTGGGMCCTWAC	7-GTGGGMCCTWAC	10.003225	-27.146172	0	T:11.0(100.00%),B:0.0(0.00%),P:1e-11	Tpos:66.8,Tstd:48.3,Bpos:0.0,Bstd:0.0,StrandBias:10.0,Multiplicity:1.27
0.001	0.220	0.778	0.001
0.001	0.363	0.001	0.635
0.001	0.001	0.821	0.177
0.001	0.001	0.997	0.001
0.001	0.001	0.997	0.001
0.457	0.364	0.178	0.001
0.177	0.821	0.001	0.001
0.001	0.997	0.001	0.001
0.178	0.178	0.001	0.643
0.364	0.001	0.178	0.457
0.643	0.001	0.355	0.001
0.001	0.997	0.001	0.001
>CCAGTGCWGCWG	8-CCAGTGCWGCWG	7.152444	-27.146172	0	T:11.0(100.00%),B:0.0(0.00%),P:1e-11	Tpos:417.5,Tstd:8.3,Bpos:0.0,Bstd:0.0,StrandBias:0.5,Multiplicity:1.36
0.001	0.997	0.001	0.001
0.050	0.815	0.134	0.001
0.997	0.001	0.001	0.001
0.001	0.001	0.799	0.199
0.001	0.001	0.001	0.997
0.001	0.001	0.997	0.001
0.001	0.599	0.001	0.399
0.527	0.046	0.001	0.426
0.001	0.001	0.997	0.001
0.399	0.599	0.001	0.001
0.400	0.127	0.001	0.472
0.001	0.001	0.997	0.001
>TGWTCCAGGGGC	9-TGWTCCAGGGGC	8.669259	-27.146172	0	T:11.0(100.00%),B:0.0(0.00%),P:1e-11	Tpos:353.2,Tstd:34.0,Bpos:0.0,Bstd:0.0,StrandBias:1.0,Multiplicity:1.36
0.235	0.187	0.001	0.577
0.187	0.092	0.629	0.092
0.370	0.219	0.001	0.410
0.033	0.183	0.001	0.783
0.183	0.629	0.187	0.001
0.401	0.597	0.001	0.001
0.576	0.001	0.001	0.422
0.393	0.001	0.605	0.001
0.001	0.001	0.997	0.001
0.091	0.001	0.817	0.091
0.001	0.001	0.997	0.001
0.001	0.996	0.001	0.002
>GGGCTMAGCACA	10-GGGCTMAGCACA	4.497447	-27.146172	0	T:11.0(100.00%),B:0.8(1.52%),P:1e-11	Tpos:24.4,Tstd:3.3,Bpos:285.8,Bstd:102.0,StrandBias:-0.6,Multiplicity:1.36
0.001	0.001	0.997	0.001
0.001	0.356	0.613	0.030
0.355	0.001	0.643	0.001
0.001	0.997	0.001	0.001
0.001	0.302	0.001	0.696
0.374	0.465	0.013	0.148
0.986	0.001	0.012	0.001
0.001	0.001	0.997	0.001
0.001	0.997	0.001	0.001
0.612	0.386	0.001	0.001
0.001	0.997	0.001	0.001
0.997	0.001	0.001	0.001
>CDCATAAATTHA	11-CDCATAAATTHA	7.931878	-27.146172	0	T:11.0(100.00%),B:0.2(0.42%),P:1e-11	Tpos:439.7,Tstd:114.0,Bpos:461.0,Bstd:0.0,StrandBias:1.5,Multiplicity:1.18
0.001	0.719	0.001	0.279
0.280	0.090	0.280	0.350
0.001	0.997	0.001	0.001
0.719	0.001	0.279	0.001
0.001	0.021	0.001	0.977
0.997	0.001	0.001	0.001
0.997	0.001	0.001	0.001
0.439	0.280	0.280	0.001
0.001	0.001	0.001	0.997
0.001	0.001	0.001	0.997
0.280	0.325	0.001	0.394
0.997	0.001	0.001	0.001
>MCTCTTWTGTTT	12-MCTCTTWTGTTT	6.420970	-27.146172	0	T:11.0(100.00%),B:0.0(0.00%),P:1e-11	Tpos:338.1,Tstd:68.5,Bpos:0.0,Bstd:0.0,StrandBias:3.7,Multiplicity:1.27
0.562	0.436	0.001	0.001
0.001	0.562	0.389	0.048
0.388	0.001	0.001	0.610
0.001	0.997	0.001	0.001
0.019	0.389	0.001	0.591
0.001	0.001	0.173	0.825
0.437	0.174	0.001	0.389
0.001	0.001	0.001	0.997
0.001	0.001	0.997	0.001
0.001	0.001	0.001	0.997
0.001	0.001	0.001	0.997
0.001	0.001	0.001	0.997
>TGCCCGTTCRNA	13-TGCCCGTTCRNA	9.961725	-27.146172	0	T:11.0(100.00%),B:0.0(0.00%),P:1e-11	Tpos:158.5,Tstd:130.4,Bpos:0.0,Bstd:0.0,StrandBias:2.2,Multiplicity:1.22
0.001	0.279	0.001	0.719
0.001	0.001	0.997	0.001
0.001	0.997	0.001	0.001
0.001	0.997	0.001	0.001
0.001	0.689	0.001	0.309
0.001	0.279	0.719	0.001
0.001	0.001	0.001	0.997
0.001	0.001	0.279	0.719
0.001	0.997	0.001	0.001
0.559	0.001	0.439	0.001
0.280	0.280	0.160	0.280
0.839	0.159	0.001	0.001
>WATGTGKCSGHG	14-WATGTGKCSGHG	7.540507	-23.175880	0	T:10.0(90.91%),B:0.4(0.72%),P:1e-10	Tpos:384.2,Tstd:16.0,Bpos:136.0,Bstd:0.0,StrandBias:0.2,Multiplicity:1.30
0.438	0.087	0.028	0.447
0.908	0.006	0.084	0.002
0.055	0.001	0.119	0.825
0.146	0.001	0.536	0.317
0.119	0.001	0.142	0.738
0.238	0.119	0.612	0.031
0.006	0.231	0.412	0.351
0.009	0.643	0.293	0.055
0.201	0.269	0.354	0.176
0.089	0.204	0.652	0.055
0.301	0.262	0.121	0.316
0.207	0.115	0.591	0.087
>ACWGCATTKTGY	15-ACWGCATTKTGY	10.458778	-23.175880	0	T:10.0(90.91%),B:0.2(0.42%),P:1e-10	Tpos:260.4,Tstd:36.3,Bpos:333.0,Bstd:0.0,StrandBias:10.0,Multiplicity:1.00
0.766	0.232	0.001	0.001
0.001	0.997	0.001	0.001
0.534	0.001	0.001	0.464
0.322	0.001	0.676	0.001
0.001	0.851	0.147	0.001
0.851	0.147	0.001	0.001
0.001	0.001	0.001	0.997
0.001	0.302	0.001	0.696
0.001	0.148	0.387	0.465
0.001	0.001	0.001	0.997
0.001	0.001	0.696	0.302
0.001	0.465	0.148	0.387
>RAGTWAAKGCCC	16-RAGTWAAKGCCC	10.095242	-23.175880	0	T:10.0(90.91%),B:0.0(0.00%),P:1e-10	Tpos:103.0,Tstd:53.8,Bpos:0.0,Bstd:0.0,StrandBias:-1.0,Multiplicity:1.00
0.561	0.001	0.437	0.001
0.780	0.001	0.218	0.001
0.343	0.001	0.655	0.001
0.001	0.218	0.001	0.780
0.437	0.125	0.001	0.437
0.915	0.001	0.001	0.083
0.997	0.001	0.001	0.001
0.219	0.001	0.437	0.343
0.001	0.001	0.997	0.001
0.001	0.997	0.001	0.001
0.218	0.780	0.001	0.001
0.218	0.780	0.001	0.001
>WSYTKGCACATD	17-WSYTKGCACATD	7.125994	-19.880043	0	T:9.0(81.82%),B:0.0(0.00%),P:1e-8	Tpos:396.0,Tstd:31.3,Bpos:0.0,Bstd:0.0,StrandBias:10.0,Multiplicity:1.00
0.458	0.072	0.070	0.400
0.131	0.271	0.401	0.198
0.064	0.410	0.194	0.332
0.258	0.070	0.201	0.470
0.065	0.131	0.334	0.470
0.127	0.134	0.545	0.194
0.265	0.538	0.194	0.003
0.659	0.132	0.071	0.138
0.338	0.525	0.003	0.134
0.614	0.191	0.064	0.131
0.138	0.064	0.067	0.731
0.277	0.007	0.391	0.325
>AWTATTAGSAAT	18-AWTATTAGSAAT	9.159827	-17.572718	0	T:10.0(90.91%),B:3.8(7.29%),P:1e-7	Tpos:151.5,Tstd:41.9,Bpos:260.4,Bstd:86.7,StrandBias:0.5,Multiplicity:1.80
0.742	0.001	0.001	0.256
0.450	0.001	0.001	0.548
0.062	0.194	0.001	0.743
0.875	0.001	0.062	0.062
0.194	0.001	0.062	0.743
0.388	0.001	0.001	0.610
0.618	0.257	0.063	0.062
0.001	0.256	0.549	0.194
0.001	0.451	0.354	0.194
0.783	0.022	0.001	0.194
0.782	0.216	0.001	0.001
0.194	0.068	0.001	0.737
>WTKATTTTAAAA	19-WTKATTTTAAAA	10.278598	-16.971323	0	T:8.0(72.73%),B:0.0(0.00%),P:1e-7	Tpos:105.8,Tstd:15.5,Bpos:0.0,Bstd:0.0,StrandBias:-1.4,Multiplicity:1.62
0.542	0.001	0.001	0.456
0.001	0.001	0.008	0.990
0.001	0.001	0.456	0.542
0.997	0.001	0.001	0.001
0.001	0.001	0.001	0.997
0.001	0.001	0.001	0.997
0.017	0.001	0.001	0.981
0.258	0.001	0.001	0.740
0.997	0.001	0.001	0.001
0.740	0.001	0.001	0.258
0.827	0.046	0.001	0.126
0.867	0.001	0.006	0.126
>GGAGTTGTCCAC	20-GGAGTTGTCCAC	10.617590	-16.971323	0	T:8.0(72.73%),B:0.0(0.00%),P:1e-7	Tpos:459.7,Tstd:0.9,Bpos:0.0,Bstd:0.0,StrandBias:1.0,Multiplicity:1.00
0.022	0.001	0.968	0.009
0.001	0.001	0.990	0.008
0.636	0.062	0.009	0.293
0.001	0.001	0.968	0.030
0.001	0.001	0.001	0.997
0.001	0.001	0.363	0.635
0.001	0.001	0.997	0.001
0.363	0.001	0.001	0.635
0.022	0.976	0.001	0.001
0.341	0.636	0.001	0.022
0.997	0.001	0.001	0.001
0.001	0.732	0.001	0.266
>TVTKKGWCACHT	21-TVTKKGWCACHT	6.947640	-15.941091	0	T:9.0(81.82%),B:2.0(3.93%),P:1e-6	Tpos:246.3,Tstd:117.9,Bpos:401.8,Bstd:11.8,StrandBias:10.0,Multiplicity:1.00
0.158	0.061	0.161	0.620
0.223	0.312	0.364	0.101
0.101	0.052	0.259	0.588
0.001	0.050	0.521	0.428
0.050	0.154	0.418	0.377
0.101	0.010	0.788	0.101
0.368	0.118	0.101	0.413
0.001	0.941	0.001	0.057
0.544	0.255	0.050	0.151
0.220	0.519	0.050	0.211
0.316	0.216	0.111	0.357
0.001	0.208	0.255	0.536
>TTDGTTTGGATT	22-TTDGTTTGGATT	10.765400	-11.898652	0	T:6.0(54.55%),B:0.3(0.55%),P:1e-5	Tpos:212.9,Tstd:24.8,Bpos:61.0,Bstd:0.0,StrandBias:3.0,Multiplicity:1.50
0.001	0.001	0.001	0.997
0.001	0.150	0.217	0.632
0.307	0.067	0.307	0.319
0.001	0.066	0.932	0.001
0.001	0.001	0.018	0.980
0.001	0.001	0.001	0.997
0.001	0.001	0.306	0.692
0.149	0.001	0.849	0.001
0.001	0.001	0.782	0.216
0.524	0.307	0.019	0.150
0.001	0.018	0.001	0.980
0.001	0.001	0.001	0.997
>GGGCTCTTWAAC	23-GGGCTCTTWAAC	9.986808	-9.629968	0	T:5.0(45.45%),B:0.4(0.68%),P:1e-4	Tpos:73.0,Tstd:0.0,Bpos:415.0,Bstd:0.0,StrandBias:10.0,Multiplicity:1.00
0.001	0.001	0.997	0.001
0.321	0.001	0.677	0.001
0.209	0.205	0.585	0.001
0.001	0.789	0.001	0.209
0.001	0.321	0.001	0.677
0.312	0.483	0.001	0.205
0.102	0.001	0.001	0.896
0.209	0.001	0.102	0.688
0.473	0.001	0.102	0.424
0.473	0.322	0.001	0.205
0.678	0.001	0.116	0.205
0.102	0.795	0.001	0.102
>MTWAARCKATGT	24-MTWAARCKATGT	9.341741	-8.723893	0	T:6.0(54.55%),B:2.1(4.06%),P:1e-3	Tpos:206.5,Tstd:44.5,Bpos:343.0,Bstd:0.0,StrandBias:10.0,Multiplicity:1.60
0.433	0.565	0.001	0.001
0.276	0.001	0.001	0.722
0.433	0.001	0.001	0.565
0.997	0.001	0.001	0.001
0.722	0.001	0.276	0.001
0.433	0.001	0.565	0.001
0.052	0.671	0.001	0.276
0.001	0.001	0.433	0.565
0.722	0.001	0.001	0.276
0.001	0.001	0.001	0.997
0.001	0.001	0.997	0.001
0.001	0.001	0.001	0.997
