>AGTTTATGGG	1-AGTTTATGGG,BestGuess:Hoxc13(Homeobox)/EB-Hoxc13.HA-ChIP-Seq(GSE142377)/Homer(0.791)	5.451104	-27.146172	0	T:11.0(100.00%),B:0.0(0.00%),P:1e-11
0.997	0.001	0.001	0.001
0.288	0.211	0.500	0.001
0.001	0.001	0.001	0.997
0.001	0.001	0.001	0.997
0.001	0.210	0.001	0.788
0.997	0.001	0.001	0.001
0.001	0.001	0.001	0.997
0.001	0.001	0.997	0.001
0.001	0.001	0.997	0.001
0.001	0.001	0.997	0.001
>TAAAATCAAT	2-TAAAATCAAT,BestGuess:ONECUT1/MA0679.3/Jaspar(0.865)	10.484489	-27.146172	0	T:11.0(100.00%),B:0.5(0.91%),P:1e-11
0.001	0.001	0.001	0.997
0.795	0.001	0.067	0.137
0.710	0.001	0.001	0.288
0.997	0.001	0.001	0.001
0.997	0.001	0.001	0.001
0.001	0.001	0.001	0.997
0.001	0.997	0.001	0.001
0.932	0.001	0.001	0.066
0.932	0.001	0.001	0.066
0.001	0.001	0.001	0.997
>ACTGCTTTTG	3-ACTGCTTTTG,BestGuess:ZNF7(Zf)/HepG2-ZNF7.Flag-ChIP-Seq(Encode)/Homer(0.651)	10.379903	-27.146172	0	T:11.0(100.00%),B:0.7(1.40%),P:1e-11
0.641	0.001	0.357	0.001
0.001	0.997	0.001	0.001
0.001	0.001	0.001	0.997
0.001	0.363	0.635	0.001
0.001	0.997	0.001	0.001
0.104	0.104	0.001	0.791
0.001	0.001	0.001	0.997
0.001	0.001	0.001	0.997
0.102	0.001	0.045	0.852
0.357	0.001	0.641	0.001
>ATGTTTATTC	4-ATGTTTATTC,BestGuess:Foxq1/MA0040.2/Jaspar(0.813)	8.350283	-27.146172	0	T:11.0(100.00%),B:0.5(0.94%),P:1e-11
0.700	0.100	0.100	0.100
0.100	0.100	0.100	0.700
0.100	0.100	0.700	0.100
0.100	0.100	0.100	0.700
0.100	0.100	0.100	0.700
0.100	0.100	0.100	0.700
0.700	0.100	0.100	0.100
0.100	0.100	0.100	0.700
0.100	0.100	0.100	0.700
0.100	0.700	0.100	0.100
>GATGTTACTC	5-GATGTTACTC,BestGuess:Spz1/MA0111.1/Jaspar(0.655)	9.674335	-27.146172	0	T:11.0(100.00%),B:0.0(0.00%),P:1e-11
0.001	0.001	0.997	0.001
0.997	0.001	0.001	0.001
0.001	0.001	0.279	0.719
0.001	0.279	0.719	0.001
0.280	0.160	0.001	0.559
0.359	0.001	0.001	0.639
0.997	0.001	0.001	0.001
0.001	0.997	0.001	0.001
0.279	0.001	0.001	0.719
0.001	0.719	0.279	0.001
>RTSGGACYTT	6-RTSGGACYTT,BestGuess:PB0134.1_Hnf4a_2/Jaspar(0.782)	9.791534	-27.146172	0	T:11.0(100.00%),B:0.4(0.73%),P:1e-11
0.468	0.062	0.468	0.001
0.001	0.001	0.001	0.997
0.001	0.468	0.530	0.001
0.001	0.001	0.997	0.001
0.001	0.001	0.997	0.001
0.997	0.001	0.001	0.001
0.001	0.997	0.001	0.001
0.001	0.530	0.001	0.468
0.001	0.001	0.001	0.997
0.001	0.001	0.001	0.997
>CCCTTTKAAC	7-CCCTTTKAAC,BestGuess:PB0109.1_Bbx_2/Jaspar(0.669)	9.173388	-27.146172	0	T:11.0(100.00%),B:0.0(0.00%),P:1e-11
0.113	0.773	0.113	0.001
0.354	0.532	0.001	0.113
0.001	0.644	0.354	0.001
0.001	0.354	0.001	0.644
0.354	0.001	0.001	0.644
0.001	0.001	0.354	0.644
0.001	0.001	0.531	0.467
0.997	0.001	0.001	0.001
0.987	0.011	0.001	0.001
0.001	0.773	0.113	0.113
>TTACCCTGTA	8-TTACCCTGTA,BestGuess:Dmrt1/MA1603.2/Jaspar(0.650)	6.900716	-27.146172	0	T:11.0(100.00%),B:0.0(0.00%),P:1e-11
0.001	0.001	0.129	0.869
0.001	0.001	0.001	0.997
0.997	0.001	0.001	0.001
0.001	0.845	0.001	0.153
0.001	0.997	0.001	0.001
0.001	0.997	0.001	0.001
0.001	0.001	0.001	0.997
0.001	0.001	0.997	0.001
0.001	0.001	0.001	0.997
0.845	0.105	0.001	0.049
>CGAACGGGCA	9-CGAACGGGCA,BestGuess:HIC2/MA0738.2/Jaspar(0.750)	6.806724	-27.146172	0	T:11.0(100.00%),B:0.3(0.55%),P:1e-11
0.001	0.635	0.001	0.363
0.231	0.001	0.767	0.001
0.635	0.363	0.001	0.001
0.997	0.001	0.001	0.001
0.001	0.767	0.001	0.231
0.001	0.001	0.635	0.363
0.032	0.001	0.966	0.001
0.001	0.001	0.997	0.001
0.001	0.997	0.001	0.001
0.966	0.032	0.001	0.001
>GTAAATCATTTA	1-GTAAATCATTTA,BestGuess:HNF1B/MA0153.2/Jaspar(0.904)	12.276805	-27.146172	0	T:11.0(100.00%),B:0.0(0.00%),P:1e-11
0.001	0.001	0.997	0.001
0.001	0.001	0.001	0.997
0.595	0.001	0.001	0.403
0.767	0.001	0.231	0.001
0.997	0.001	0.001	0.001
0.001	0.001	0.001	0.997
0.001	0.618	0.380	0.001
0.997	0.001	0.001	0.001
0.001	0.001	0.001	0.997
0.001	0.001	0.001	0.997
0.410	0.001	0.001	0.588
0.885	0.001	0.001	0.113
>ACAACADCANCA	3-ACAACADCANCA,BestGuess:PB0122.1_Foxk1_2/Jaspar(0.692)	8.970662	-27.146172	0	T:11.0(100.00%),B:0.0(0.00%),P:1e-11
0.755	0.198	0.046	0.001
0.244	0.657	0.098	0.001
0.608	0.339	0.001	0.052
0.612	0.140	0.006	0.242
0.051	0.849	0.092	0.008
0.683	0.315	0.001	0.001
0.288	0.001	0.349	0.362
0.095	0.856	0.048	0.001
0.611	0.291	0.001	0.097
0.191	0.297	0.322	0.189
0.245	0.515	0.003	0.237
0.758	0.001	0.195	0.046
>TCTGAWGCWCYT	4-TCTGAWGCWCYT,BestGuess:Atf4(bZIP)/MEF-Atf4-ChIP-Seq(GSE35681)/Homer(0.613)	11.035153	-27.146172	0	T:11.0(100.00%),B:0.0(0.00%),P:1e-11
0.347	0.001	0.001	0.651
0.001	0.915	0.001	0.083
0.083	0.001	0.001	0.915
0.084	0.001	0.703	0.212
0.651	0.001	0.264	0.084
0.435	0.001	0.001	0.563
0.172	0.084	0.480	0.264
0.001	0.874	0.001	0.124
0.480	0.168	0.001	0.351
0.347	0.528	0.041	0.084
0.001	0.563	0.001	0.435
0.083	0.001	0.001	0.915
>ATCTCCATTTCA	6-ATCTCCATTTCA,BestGuess:Prdm5/MA1999.2/Jaspar(0.670)	13.714816	-27.146172	0	T:11.0(100.00%),B:0.0(0.00%),P:1e-11
0.997	0.001	0.001	0.001
0.001	0.001	0.001	0.997
0.001	0.997	0.001	0.001
0.001	0.001	0.001	0.997
0.001	0.997	0.001	0.001
0.001	0.997	0.001	0.001
0.997	0.001	0.001	0.001
0.001	0.153	0.210	0.636
0.001	0.001	0.001	0.997
0.001	0.001	0.001	0.997
0.001	0.635	0.001	0.363
0.997	0.001	0.001	0.001
>CCAGTGCWGCWG	8-CCAGTGCWGCWG,BestGuess:Sox5/MA0087.3/Jaspar(0.610)	7.152444	-27.146172	0	T:11.0(100.00%),B:0.0(0.00%),P:1e-11
0.001	0.997	0.001	0.001
0.050	0.815	0.134	0.001
0.997	0.001	0.001	0.001
0.001	0.001	0.799	0.199
0.001	0.001	0.001	0.997
0.001	0.001	0.997	0.001
0.001	0.599	0.001	0.399
0.527	0.046	0.001	0.426
0.001	0.001	0.997	0.001
0.399	0.599	0.001	0.001
0.400	0.127	0.001	0.472
0.001	0.001	0.997	0.001
>GGGCTMAGCACA	10-GGGCTMAGCACA,BestGuess:ZNF682/MA1599.2/Jaspar(0.673)	4.497447	-27.146172	0	T:11.0(100.00%),B:0.8(1.52%),P:1e-11
0.001	0.001	0.997	0.001
0.001	0.356	0.613	0.030
0.355	0.001	0.643	0.001
0.001	0.997	0.001	0.001
0.001	0.302	0.001	0.696
0.374	0.465	0.013	0.148
0.986	0.001	0.012	0.001
0.001	0.001	0.997	0.001
0.001	0.997	0.001	0.001
0.612	0.386	0.001	0.001
0.001	0.997	0.001	0.001
0.997	0.001	0.001	0.001
>MCTCTTWTGTTT	12-MCTCTTWTGTTT,BestGuess:PB0071.1_Sox4_1/Jaspar(0.733)	6.420970	-27.146172	0	T:11.0(100.00%),B:0.0(0.00%),P:1e-11
0.562	0.436	0.001	0.001
0.001	0.562	0.389	0.048
0.388	0.001	0.001	0.610
0.001	0.997	0.001	0.001
0.019	0.389	0.001	0.591
0.001	0.001	0.173	0.825
0.437	0.174	0.001	0.389
0.001	0.001	0.001	0.997
0.001	0.001	0.997	0.001
0.001	0.001	0.001	0.997
0.001	0.001	0.001	0.997
0.001	0.001	0.001	0.997
>GTGGACAACT	10-GTGGACAACT,BestGuess:ZNF354C/MA0130.1/Jaspar(0.669)	8.350283	-24.661266	0	T:11.0(100.00%),B:1.1(2.13%),P:1e-10
0.100	0.100	0.700	0.100
0.100	0.100	0.100	0.700
0.100	0.100	0.700	0.100
0.100	0.100	0.700	0.100
0.700	0.100	0.100	0.100
0.100	0.700	0.100	0.100
0.700	0.100	0.100	0.100
0.700	0.100	0.100	0.100
0.100	0.700	0.100	0.100
0.100	0.100	0.100	0.700
>WTWGTTAATG	14-WTWGTTAATG,BestGuess:HMBOX1/MA0895.2/Jaspar(0.776)	10.694245	-23.175880	0	T:10.0(90.91%),B:0.0(0.00%),P:1e-10
0.429	0.100	0.001	0.470
0.001	0.003	0.001	0.995
0.428	0.001	0.001	0.570
0.001	0.001	0.995	0.003
0.004	0.100	0.001	0.895
0.321	0.001	0.001	0.677
0.899	0.001	0.099	0.001
0.899	0.099	0.001	0.001
0.313	0.001	0.001	0.685
0.001	0.001	0.997	0.001
>WATGTGKCSGHG	14-WATGTGKCSGHG,BestGuess:MXI1/MA1108.3/Jaspar(0.639)	7.540507	-23.175880	0	T:10.0(90.91%),B:0.4(0.72%),P:1e-10
0.438	0.087	0.028	0.447
0.908	0.006	0.084	0.002
0.055	0.001	0.119	0.825
0.146	0.001	0.536	0.317
0.119	0.001	0.142	0.738
0.238	0.119	0.612	0.031
0.006	0.231	0.412	0.351
0.009	0.643	0.293	0.055
0.201	0.269	0.354	0.176
0.089	0.204	0.652	0.055
0.301	0.262	0.121	0.316
0.207	0.115	0.591	0.087
>ACWGCATTKTGY	15-ACWGCATTKTGY,BestGuess:Yy1/MA0095.4/Jaspar(0.652)	10.458778	-23.175880	0	T:10.0(90.91%),B:0.2(0.42%),P:1e-10
0.766	0.232	0.001	0.001
0.001	0.997	0.001	0.001
0.534	0.001	0.001	0.464
0.322	0.001	0.676	0.001
0.001	0.851	0.147	0.001
0.851	0.147	0.001	0.001
0.001	0.001	0.001	0.997
0.001	0.302	0.001	0.696
0.001	0.148	0.387	0.465
0.001	0.001	0.001	0.997
0.001	0.001	0.696	0.302
0.001	0.465	0.148	0.387
>RAGTWAAKGCCC	16-RAGTWAAKGCCC,BestGuess:PB0143.1_Klf7_2/Jaspar(0.634)	10.095242	-23.175880	0	T:10.0(90.91%),B:0.0(0.00%),P:1e-10
0.561	0.001	0.437	0.001
0.780	0.001	0.218	0.001
0.343	0.001	0.655	0.001
0.001	0.218	0.001	0.780
0.437	0.125	0.001	0.437
0.915	0.001	0.001	0.083
0.997	0.001	0.001	0.001
0.219	0.001	0.437	0.343
0.001	0.001	0.997	0.001
0.001	0.997	0.001	0.001
0.218	0.780	0.001	0.001
0.218	0.780	0.001	0.001
>GCCCCAGC	12-GCCCCAGC,BestGuess:Plagl1/MA1615.2/Jaspar(0.716)	6.258744	-22.789463	0	T:11.0(100.00%),B:2.7(5.14%),P:1e-9
0.166	0.090	0.743	0.001
0.021	0.754	0.132	0.093
0.180	0.818	0.001	0.001
0.021	0.682	0.021	0.276
0.178	0.692	0.021	0.109
0.825	0.066	0.001	0.108
0.065	0.202	0.667	0.066
0.072	0.834	0.027	0.067
>TTTGGATT	13-TTTGGATT,BestGuess:FOXH1/MA0479.2/Jaspar(0.783)	6.354212	-20.795287	0	T:10.0(90.91%),B:1.8(3.37%),P:1e-9
0.001	0.001	0.001	0.997
0.001	0.001	0.001	0.997
0.001	0.001	0.001	0.997
0.001	0.001	0.997	0.001
0.001	0.001	0.997	0.001
0.882	0.001	0.001	0.116
0.001	0.001	0.001	0.997
0.001	0.001	0.077	0.921
>ATAACTTAAG	19-ATAACTTAAG,BestGuess:PH0167.1_Tcf1/Jaspar(0.683)	5.422889	-19.927263	0	T:11.0(100.00%),B:4.2(8.04%),P:1e-8
0.635	0.001	0.001	0.363
0.001	0.084	0.001	0.914
0.997	0.001	0.001	0.001
0.993	0.001	0.001	0.005
0.001	0.641	0.357	0.001
0.001	0.040	0.001	0.958
0.001	0.001	0.001	0.997
0.997	0.001	0.001	0.001
0.719	0.001	0.001	0.279
0.001	0.231	0.767	0.001
>CCTATGAATY	21-CCTATGAATY,BestGuess:TCF7/MA0769.3/Jaspar(0.653)	9.875470	-19.880043	0	T:9.0(81.82%),B:0.0(0.00%),P:1e-8
0.020	0.598	0.001	0.381
0.001	0.997	0.001	0.001
0.091	0.001	0.001	0.907
0.597	0.310	0.001	0.092
0.001	0.091	0.001	0.907
0.020	0.092	0.796	0.092
0.578	0.092	0.001	0.329
0.527	0.289	0.092	0.092
0.001	0.001	0.091	0.907
0.001	0.506	0.112	0.381
>WSYTKGCACATD	17-WSYTKGCACATD,BestGuess:MXI1/MA1108.3/Jaspar(0.715)	7.125994	-19.880043	0	T:9.0(81.82%),B:0.0(0.00%),P:1e-8
0.458	0.072	0.070	0.400
0.131	0.271	0.401	0.198
0.064	0.410	0.194	0.332
0.258	0.070	0.201	0.470
0.065	0.131	0.334	0.470
0.127	0.134	0.545	0.194
0.265	0.538	0.194	0.003
0.659	0.132	0.071	0.138
0.338	0.525	0.003	0.134
0.614	0.191	0.064	0.131
0.138	0.064	0.067	0.731
0.277	0.007	0.391	0.325
>TATTAGGA	14-TATTAGGA,BestGuess:SATB1/MA1963.2/Jaspar(0.818)	10.913458	-19.880043	0	T:9.0(81.82%),B:0.7(1.33%),P:1e-8
0.001	0.001	0.001	0.997
0.997	0.001	0.001	0.001
0.001	0.001	0.001	0.997
0.023	0.001	0.023	0.953
0.968	0.030	0.001	0.001
0.001	0.001	0.997	0.001
0.001	0.076	0.922	0.001
0.997	0.001	0.001	0.001
>GTGGCGGA	16-GTGGCGGA,BestGuess:YY2/MA0748.3/Jaspar(0.759)	8.236954	-19.880043	0	T:9.0(81.82%),B:0.0(0.00%),P:1e-8
0.100	0.100	0.700	0.100
0.100	0.100	0.100	0.700
0.100	0.100	0.700	0.100
0.100	0.100	0.700	0.100
0.100	0.700	0.100	0.100
0.100	0.100	0.700	0.100
0.100	0.100	0.700	0.100
0.700	0.100	0.100	0.100
>CAAACAGC	17-CAAACAGC,BestGuess:ZNF341/MA1655.2/Jaspar(0.757)	4.600811	-19.880043	0	T:9.0(81.82%),B:0.4(0.84%),P:1e-8
0.001	0.997	0.001	0.001
0.997	0.001	0.001	0.001
0.901	0.097	0.001	0.001
0.997	0.001	0.001	0.001
0.153	0.845	0.001	0.001
0.858	0.001	0.001	0.140
0.001	0.013	0.985	0.001
0.001	0.997	0.001	0.001
>TVTKKGWCACHT	21-TVTKKGWCACHT,BestGuess:Tgif2(Homeobox)/mES-Tgif2-ChIP-Seq(GSE55404)/Homer(0.687)	6.947640	-15.941091	0	T:9.0(81.82%),B:2.0(3.93%),P:1e-6
0.158	0.061	0.161	0.620
0.223	0.312	0.364	0.101
0.101	0.052	0.259	0.588
0.001	0.050	0.521	0.428
0.050	0.154	0.418	0.377
0.101	0.010	0.788	0.101
0.368	0.118	0.101	0.413
0.001	0.941	0.001	0.057
0.544	0.255	0.050	0.151
0.220	0.519	0.050	0.211
0.316	0.216	0.111	0.357
0.001	0.208	0.255	0.536
>GGCGCCCGTG	24-GGCGCCCGTG,BestGuess:Zfp961/MA2126.1/Jaspar(0.710)	6.208300	-12.317362	0	T:7.0(63.64%),B:1.2(2.26%),P:1e-5
0.335	0.001	0.663	0.001
0.001	0.001	0.997	0.001
0.001	0.756	0.001	0.242
0.077	0.001	0.636	0.286
0.001	0.971	0.001	0.027
0.001	0.997	0.001	0.001
0.001	0.646	0.001	0.352
0.001	0.001	0.997	0.001
0.001	0.001	0.352	0.646
0.001	0.001	0.997	0.001
>CATCGGGG	23-CATCGGGG,BestGuess:TWIST1/MA1123.3/Jaspar(0.792)	7.384073	-11.898652	0	T:6.0(54.55%),B:0.4(0.79%),P:1e-5
0.001	0.997	0.001	0.001
0.929	0.001	0.001	0.069
0.001	0.070	0.300	0.629
0.219	0.779	0.001	0.001
0.300	0.001	0.536	0.163
0.001	0.001	0.997	0.001
0.300	0.005	0.694	0.001
0.001	0.300	0.480	0.219
>GGGCTCTTWAAC	23-GGGCTCTTWAAC,BestGuess:ZNF667/MA1984.2/Jaspar(0.687)	9.986808	-9.629968	0	T:5.0(45.45%),B:0.4(0.68%),P:1e-4
0.001	0.001	0.997	0.001
0.321	0.001	0.677	0.001
0.209	0.205	0.585	0.001
0.001	0.789	0.001	0.209
0.001	0.321	0.001	0.677
0.312	0.483	0.001	0.205
0.102	0.001	0.001	0.896
0.209	0.001	0.102	0.688
0.473	0.001	0.102	0.424
0.473	0.322	0.001	0.205
0.678	0.001	0.116	0.205
0.102	0.795	0.001	0.102
>CAGGACGC	25-CAGGACGC,BestGuess:Foxn1/MA1684.1/Jaspar(0.789)	8.236954	-9.629968	0	T:5.0(45.45%),B:0.0(0.00%),P:1e-4
0.100	0.700	0.100	0.100
0.700	0.100	0.100	0.100
0.100	0.100	0.700	0.100
0.100	0.100	0.700	0.100
0.700	0.100	0.100	0.100
0.100	0.700	0.100	0.100
0.100	0.100	0.700	0.100
0.100	0.700	0.100	0.100
