>CATCSWTTTACM	12-CATCSWTTTACM	9.093118	-166.873584	0	T:67.0(98.53%),B:0.5(0.18%),P:1e-72
0.127	0.504	0.300	0.069
0.479	0.326	0.046	0.149
0.137	0.115	0.001	0.747
0.011	0.804	0.116	0.069
0.011	0.428	0.504	0.057
0.456	0.163	0.023	0.358
0.081	0.127	0.140	0.652
0.011	0.105	0.023	0.861
0.011	0.185	0.080	0.724
0.793	0.023	0.081	0.103
0.011	0.781	0.057	0.151
0.395	0.348	0.023	0.234
