>GGTACCCCMATA	17-GGTACCCCMATA,BestGuess:PB0156.1_Plagl1_2/Jaspar(0.759)	8.789901	-161.617155	0	T:68.0(100.00%),B:3.4(1.13%),P:1e-70
0.011	0.084	0.864	0.041
0.021	0.347	0.527	0.105
0.224	0.199	0.073	0.504
0.697	0.114	0.084	0.105
0.094	0.759	0.106	0.041
0.073	0.792	0.094	0.041
0.085	0.870	0.001	0.044
0.052	0.819	0.043	0.086
0.525	0.380	0.010	0.085
0.705	0.075	0.125	0.095
0.095	0.296	0.095	0.514
0.556	0.158	0.031	0.255
