>KAWSGCTMACAA	22-KAWSGCTMACAA	8.442312	-125.255853	0	T:61.0(89.71%),B:5.1(1.70%),P:1e-54
0.168	0.155	0.263	0.413
0.708	0.254	0.019	0.019
0.471	0.029	0.086	0.414
0.184	0.355	0.297	0.165
0.009	0.001	0.885	0.105
0.245	0.538	0.165	0.052
0.023	0.028	0.096	0.853
0.519	0.414	0.038	0.029
0.944	0.009	0.009	0.038
0.174	0.798	0.019	0.009
0.616	0.343	0.032	0.009
0.658	0.110	0.213	0.019
