>GGGTTTTTTC	1-GGGTTTTTTC	8.350283	-168.103710	0	T:68.0(100.00%),B:0.6(0.22%),P:1e-73	Tpos:72.4,Tstd:0.7,Bpos:290.7,Bstd:4.1,StrandBias:10.0,Multiplicity:1.00
0.100	0.100	0.700	0.100
0.100	0.100	0.700	0.100
0.100	0.100	0.700	0.100
0.100	0.100	0.100	0.700
0.100	0.100	0.100	0.700
0.100	0.100	0.100	0.700
0.100	0.100	0.100	0.700
0.100	0.100	0.100	0.700
0.100	0.100	0.100	0.700
0.100	0.700	0.100	0.100
>CGCCKTTRAC	2-CGCCKTTRAC	12.387459	-168.103710	0	T:68.0(100.00%),B:0.0(0.00%),P:1e-73	Tpos:394.5,Tstd:81.0,Bpos:0.0,Bstd:0.0,StrandBias:10.0,Multiplicity:1.91
0.001	0.997	0.001	0.001
0.001	0.001	0.997	0.001
0.001	0.997	0.001	0.001
0.001	0.997	0.001	0.001
0.001	0.001	0.519	0.479
0.001	0.001	0.001	0.997
0.001	0.001	0.001	0.997
0.489	0.001	0.509	0.001
0.997	0.001	0.001	0.001
0.001	0.997	0.001	0.001
>CCMTGGGARC	3-CCMTGGGARC	12.523253	-168.103710	0	T:68.0(100.00%),B:0.0(0.00%),P:1e-73	Tpos:11.9,Tstd:0.5,Bpos:0.0,Bstd:0.0,StrandBias:10.0,Multiplicity:1.00
0.001	0.997	0.001	0.001
0.001	0.997	0.001	0.001
0.485	0.513	0.001	0.001
0.001	0.001	0.001	0.997
0.001	0.001	0.997	0.001
0.001	0.001	0.997	0.001
0.001	0.001	0.997	0.001
0.997	0.001	0.001	0.001
0.523	0.001	0.475	0.001
0.001	0.997	0.001	0.001
>MGACWACTGT	4-MGACWACTGT	11.256744	-168.103710	0	T:68.0(100.00%),B:0.0(0.00%),P:1e-73	Tpos:433.5,Tstd:4.3,Bpos:0.0,Bstd:0.0,StrandBias:10.0,Multiplicity:1.01
0.544	0.454	0.001	0.001
0.150	0.001	0.848	0.001
0.997	0.001	0.001	0.001
0.001	0.997	0.001	0.001
0.496	0.001	0.001	0.502
0.997	0.001	0.001	0.001
0.001	0.997	0.001	0.001
0.001	0.001	0.301	0.697
0.150	0.001	0.848	0.001
0.001	0.344	0.001	0.654
>AACAACTGCA	5-AACAACTGCA	11.233004	-168.103710	0	T:68.0(100.00%),B:0.0(0.00%),P:1e-73	Tpos:21.9,Tstd:0.5,Bpos:0.0,Bstd:0.0,StrandBias:10.0,Multiplicity:1.00
0.668	0.001	0.330	0.001
0.997	0.001	0.001	0.001
0.350	0.648	0.001	0.001
0.681	0.001	0.001	0.317
0.688	0.001	0.310	0.001
0.001	0.997	0.001	0.001
0.001	0.001	0.001	0.997
0.001	0.001	0.997	0.001
0.001	0.997	0.001	0.001
0.668	0.001	0.001	0.330
>TTTCGATCAC	6-TTTCGATCAC	8.350283	-168.103710	0	T:68.0(100.00%),B:0.9(0.31%),P:1e-73	Tpos:128.9,Tstd:0.5,Bpos:312.8,Bstd:81.6,StrandBias:10.0,Multiplicity:1.00
0.100	0.100	0.100	0.700
0.100	0.100	0.100	0.700
0.100	0.100	0.100	0.700
0.100	0.700	0.100	0.100
0.100	0.100	0.700	0.100
0.700	0.100	0.100	0.100
0.100	0.100	0.100	0.700
0.100	0.700	0.100	0.100
0.700	0.100	0.100	0.100
0.100	0.700	0.100	0.100
>TACTTCGCCA	7-TACTTCGCCA	8.350283	-168.103710	0	T:68.0(100.00%),B:0.2(0.09%),P:1e-73	Tpos:420.0,Tstd:0.0,Bpos:308.0,Bstd:0.0,StrandBias:10.0,Multiplicity:1.00
0.100	0.100	0.100	0.700
0.700	0.100	0.100	0.100
0.100	0.700	0.100	0.100
0.100	0.100	0.100	0.700
0.100	0.100	0.100	0.700
0.100	0.700	0.100	0.100
0.100	0.100	0.700	0.100
0.100	0.700	0.100	0.100
0.100	0.700	0.100	0.100
0.700	0.100	0.100	0.100
>GCCCCTGCTA	8-GCCCCTGCTA	9.773791	-168.103710	0	T:68.0(100.00%),B:0.7(0.26%),P:1e-73	Tpos:448.1,Tstd:11.4,Bpos:347.9,Bstd:28.8,StrandBias:10.0,Multiplicity:1.07
0.001	0.001	0.997	0.001
0.001	0.997	0.001	0.001
0.001	0.997	0.001	0.001
0.001	0.997	0.001	0.001
0.001	0.997	0.001	0.001
0.001	0.001	0.001	0.997
0.131	0.001	0.867	0.001
0.001	0.997	0.001	0.001
0.001	0.001	0.001	0.997
0.867	0.001	0.131	0.001
>CMTCCTCRMA	9-CMTCCTCRMA	11.394331	-168.103710	0	T:68.0(100.00%),B:0.5(0.19%),P:1e-73	Tpos:310.2,Tstd:28.5,Bpos:142.4,Bstd:72.2,StrandBias:10.0,Multiplicity:1.88
0.001	0.997	0.001	0.001
0.442	0.556	0.001	0.001
0.001	0.001	0.001	0.997
0.001	0.913	0.085	0.001
0.001	0.913	0.001	0.085
0.001	0.001	0.001	0.997
0.001	0.997	0.001	0.001
0.442	0.001	0.556	0.001
0.528	0.470	0.001	0.001
0.997	0.001	0.001	0.001
>ATTGAGCCAT	10-ATTGAGCCAT	8.427644	-168.103710	0	T:68.0(100.00%),B:0.2(0.07%),P:1e-73	Tpos:31.9,Tstd:0.5,Bpos:256.0,Bstd:0.0,StrandBias:10.0,Multiplicity:1.00
0.765	0.212	0.001	0.022
0.001	0.001	0.001	0.997
0.001	0.001	0.001	0.997
0.203	0.001	0.795	0.001
0.997	0.001	0.001	0.001
0.001	0.001	0.997	0.001
0.001	0.997	0.001	0.001
0.001	0.997	0.001	0.001
0.997	0.001	0.001	0.001
0.001	0.001	0.001	0.997
>AAGCACCTCG	11-AAGCACCTCG	11.123531	-162.479693	0	T:67.0(98.53%),B:0.0(0.00%),P:1e-70	Tpos:459.0,Tstd:0.0,Bpos:0.0,Bstd:0.0,StrandBias:10.0,Multiplicity:1.00
0.997	0.001	0.001	0.001
0.616	0.001	0.382	0.001
0.001	0.001	0.766	0.232
0.001	0.997	0.001	0.001
0.766	0.232	0.001	0.001
0.001	0.616	0.001	0.382
0.001	0.997	0.001	0.001
0.001	0.001	0.001	0.997
0.001	0.997	0.001	0.001
0.232	0.001	0.766	0.001
>CATGGAGGTC	12-CATGGAGGTC	7.244501	-162.479693	0	T:67.0(98.53%),B:0.3(0.09%),P:1e-70	Tpos:213.9,Tstd:0.5,Bpos:307.0,Bstd:0.0,StrandBias:10.0,Multiplicity:1.00
0.001	0.997	0.001	0.001
0.997	0.001	0.001	0.001
0.001	0.076	0.001	0.922
0.001	0.001	0.997	0.001
0.001	0.001	0.997	0.001
0.997	0.001	0.001	0.001
0.001	0.001	0.997	0.001
0.001	0.001	0.997	0.001
0.001	0.018	0.001	0.980
0.001	0.997	0.001	0.001
>CTGCACCTGG	13-CTGCACCTGG	9.763503	-162.479693	0	T:67.0(98.53%),B:0.6(0.23%),P:1e-70	Tpos:407.0,Tstd:0.0,Bpos:275.0,Bstd:0.0,StrandBias:10.0,Multiplicity:1.00
0.001	0.980	0.001	0.018
0.001	0.001	0.001	0.997
0.001	0.001	0.997	0.001
0.001	0.980	0.001	0.018
0.960	0.001	0.001	0.038
0.001	0.997	0.001	0.001
0.001	0.997	0.001	0.001
0.001	0.001	0.001	0.997
0.001	0.001	0.997	0.001
0.001	0.001	0.997	0.001
>GCCVCCAATC	14-GCCVCCAATC	10.462190	-160.314256	0	T:68.0(100.00%),B:2.3(0.84%),P:1e-69	Tpos:196.9,Tstd:143.3,Bpos:266.5,Bstd:119.5,StrandBias:0.8,Multiplicity:4.26
0.001	0.001	0.997	0.001
0.007	0.611	0.381	0.001
0.369	0.629	0.001	0.001
0.298	0.339	0.362	0.001
0.006	0.992	0.001	0.001
0.001	0.997	0.001	0.001
0.992	0.001	0.001	0.006
0.991	0.001	0.007	0.001
0.001	0.001	0.320	0.678
0.001	0.997	0.001	0.001
>GTGGTGTCCR	15-GTGGTGTCCR	9.929960	-160.314256	0	T:68.0(100.00%),B:2.3(0.85%),P:1e-69	Tpos:255.9,Tstd:0.5,Bpos:319.8,Bstd:39.7,StrandBias:10.0,Multiplicity:1.00
0.001	0.001	0.997	0.001
0.001	0.242	0.001	0.756
0.001	0.001	0.997	0.001
0.001	0.001	0.997	0.001
0.001	0.001	0.237	0.761
0.001	0.102	0.896	0.001
0.001	0.001	0.001	0.997
0.001	0.896	0.001	0.102
0.001	0.792	0.001	0.206
0.522	0.001	0.476	0.001
>ATCCAATCAC	16-ATCCAATCAC	9.090304	-160.314256	0	T:68.0(100.00%),B:2.5(0.92%),P:1e-69	Tpos:199.3,Tstd:64.3,Bpos:247.1,Bstd:47.9,StrandBias:10.0,Multiplicity:1.85
0.902	0.001	0.023	0.074
0.188	0.023	0.001	0.788
0.023	0.975	0.001	0.001
0.001	0.850	0.037	0.112
0.719	0.243	0.001	0.037
0.704	0.294	0.001	0.001
0.037	0.037	0.037	0.889
0.036	0.962	0.001	0.001
0.864	0.098	0.001	0.037
0.272	0.615	0.001	0.112
>GRCAGAAGKA	17-GRCAGAAGKA	12.257308	-157.545219	0	T:66.0(97.06%),B:0.2(0.09%),P:1e-68	Tpos:375.5,Tstd:8.4,Bpos:324.0,Bstd:0.0,StrandBias:0.4,Multiplicity:1.73
0.001	0.001	0.997	0.001
0.480	0.001	0.518	0.001
0.001	0.997	0.001	0.001
0.997	0.001	0.001	0.001
0.001	0.001	0.997	0.001
0.997	0.001	0.001	0.001
0.997	0.001	0.001	0.001
0.001	0.001	0.997	0.001
0.112	0.001	0.397	0.490
0.997	0.001	0.001	0.001
>TBGTTCCTCC	18-TBGTTCCTCC	11.421711	-153.347638	0	T:66.0(97.06%),B:1.1(0.41%),P:1e-66	Tpos:205.8,Tstd:16.4,Bpos:134.0,Bstd:0.0,StrandBias:5.0,Multiplicity:1.03
0.001	0.001	0.382	0.616
0.001	0.382	0.382	0.235
0.001	0.001	0.997	0.001
0.001	0.001	0.001	0.997
0.001	0.004	0.001	0.994
0.001	0.997	0.001	0.001
0.001	0.997	0.001	0.001
0.001	0.001	0.382	0.616
0.001	0.997	0.001	0.001
0.001	0.997	0.001	0.001
>AGGTYTDGWT	19-AGGTYTDGWT	9.622677	-153.012619	0	T:65.0(95.59%),B:0.7(0.25%),P:1e-66	Tpos:95.7,Tstd:22.2,Bpos:311.9,Bstd:74.2,StrandBias:-4.4,Multiplicity:1.03
0.892	0.082	0.010	0.016
0.001	0.001	0.908	0.090
0.008	0.001	0.990	0.001
0.254	0.193	0.009	0.544
0.001	0.437	0.008	0.554
0.082	0.001	0.032	0.885
0.389	0.001	0.353	0.257
0.001	0.082	0.869	0.048
0.479	0.008	0.001	0.512
0.008	0.001	0.402	0.589
>GGTTTCGCAA	20-GGTTTCGCAA	11.467904	-153.012619	0	T:65.0(95.59%),B:0.5(0.17%),P:1e-66	Tpos:237.9,Tstd:0.5,Bpos:365.0,Bstd:0.0,StrandBias:10.0,Multiplicity:1.00
0.236	0.060	0.703	0.001
0.001	0.001	0.997	0.001
0.001	0.001	0.001	0.997
0.001	0.001	0.001	0.997
0.058	0.001	0.322	0.619
0.001	0.997	0.001	0.001
0.001	0.001	0.997	0.001
0.322	0.676	0.001	0.001
0.997	0.001	0.001	0.001
0.940	0.001	0.001	0.058
>GAGAGAGCCC	21-GAGAGAGCCC	11.149824	-153.012619	0	T:65.0(95.59%),B:0.3(0.11%),P:1e-66	Tpos:226.9,Tstd:0.5,Bpos:229.0,Bstd:0.0,StrandBias:-10.0,Multiplicity:1.00
0.205	0.001	0.793	0.001
0.997	0.001	0.001	0.001
0.091	0.139	0.769	0.001
0.984	0.001	0.014	0.001
0.109	0.001	0.889	0.001
0.909	0.001	0.045	0.045
0.001	0.215	0.783	0.001
0.001	0.997	0.001	0.001
0.001	0.813	0.001	0.185
0.001	0.950	0.001	0.048
>TGYCGCCARG	22-TGYCGCCARG	12.368752	-151.580071	0	T:67.0(98.53%),B:3.5(1.27%),P:1e-65	Tpos:422.5,Tstd:72.5,Bpos:132.7,Bstd:50.4,StrandBias:10.0,Multiplicity:1.88
0.001	0.001	0.001	0.997
0.001	0.001	0.997	0.001
0.001	0.474	0.001	0.524
0.001	0.997	0.001	0.001
0.001	0.001	0.997	0.001
0.001	0.997	0.001	0.001
0.001	0.997	0.001	0.001
0.997	0.001	0.001	0.001
0.513	0.001	0.485	0.001
0.001	0.001	0.997	0.001
>GTACCCGCGG	23-GTACCCGCGG	7.771807	-148.833611	0	T:65.0(95.59%),B:1.3(0.46%),P:1e-64	Tpos:107.4,Tstd:1.6,Bpos:276.7,Bstd:39.6,StrandBias:0.0,Multiplicity:1.00
0.001	0.001	0.997	0.001
0.050	0.001	0.001	0.948
0.891	0.050	0.058	0.001
0.001	0.997	0.001	0.001
0.001	0.997	0.001	0.001
0.038	0.960	0.001	0.001
0.001	0.001	0.997	0.001
0.001	0.960	0.038	0.001
0.001	0.001	0.997	0.001
0.001	0.001	0.997	0.001
>AAMAGGRGRR	24-AAMAGGRGRR	11.031852	-138.721379	0	T:66.0(97.06%),B:6.3(2.29%),P:1e-60	Tpos:306.6,Tstd:13.5,Bpos:314.9,Bstd:220.8,StrandBias:-0.0,Multiplicity:1.86
0.997	0.001	0.001	0.001
0.997	0.001	0.001	0.001
0.501	0.497	0.001	0.001
0.985	0.001	0.013	0.001
0.001	0.001	0.997	0.001
0.001	0.001	0.997	0.001
0.501	0.001	0.497	0.001
0.001	0.001	0.997	0.001
0.497	0.001	0.501	0.001
0.487	0.001	0.511	0.001
>CAADBCAAHT	25-CAADBCAAHT	7.397268	-134.544742	0	T:68.0(100.00%),B:13.6(4.91%),P:1e-58	Tpos:225.6,Tstd:168.9,Bpos:269.0,Bstd:215.4,StrandBias:10.0,Multiplicity:1.91
0.062	0.904	0.033	0.001
0.850	0.113	0.031	0.006
0.640	0.025	0.025	0.310
0.294	0.025	0.364	0.316
0.159	0.323	0.243	0.276
0.001	0.756	0.043	0.200
0.612	0.326	0.037	0.025
0.695	0.255	0.006	0.044
0.310	0.383	0.031	0.276
0.089	0.263	0.006	0.642
>CAGGSTTTGTTC	1-CAGGSTTTGTTC	11.635565	-168.103710	0	T:68.0(100.00%),B:0.0(0.00%),P:1e-73	Tpos:104.2,Tstd:89.6,Bpos:0.0,Bstd:0.0,StrandBias:-0.1,Multiplicity:1.94
0.001	0.616	0.001	0.382
0.986	0.001	0.012	0.001
0.001	0.001	0.997	0.001
0.001	0.001	0.779	0.219
0.001	0.397	0.382	0.220
0.001	0.382	0.001	0.616
0.001	0.001	0.001	0.997
0.001	0.001	0.001	0.997
0.001	0.001	0.616	0.382
0.001	0.001	0.001	0.997
0.001	0.382	0.001	0.616
0.001	0.997	0.001	0.001
>RYWGGGGCCCCW	2-RYWGGGGCCCCW	13.998584	-168.103710	0	T:68.0(100.00%),B:0.0(0.00%),P:1e-73	Tpos:486.0,Tstd:0.0,Bpos:0.0,Bstd:0.0,StrandBias:-10.0,Multiplicity:1.00
0.456	0.001	0.542	0.001
0.001	0.549	0.001	0.449
0.542	0.001	0.001	0.456
0.001	0.001	0.997	0.001
0.001	0.001	0.994	0.004
0.001	0.001	0.997	0.001
0.001	0.001	0.997	0.001
0.001	0.997	0.001	0.001
0.001	0.997	0.001	0.001
0.001	0.997	0.001	0.001
0.001	0.997	0.001	0.001
0.542	0.001	0.001	0.456
>CCCCAGGCACCA	3-CCCCAGGCACCA	11.861206	-168.103710	0	T:68.0(100.00%),B:0.0(0.00%),P:1e-73	Tpos:182.9,Tstd:0.5,Bpos:0.0,Bstd:0.0,StrandBias:-10.0,Multiplicity:1.00
0.352	0.646	0.001	0.001
0.314	0.647	0.001	0.038
0.001	0.997	0.001	0.001
0.001	0.997	0.001	0.001
0.997	0.001	0.001	0.001
0.314	0.001	0.684	0.001
0.001	0.038	0.647	0.314
0.001	0.997	0.001	0.001
0.873	0.001	0.125	0.001
0.188	0.810	0.001	0.001
0.001	0.997	0.001	0.001
0.997	0.001	0.001	0.001
>YCAASRATCCTY	4-YCAASRATCCTY	10.431512	-168.103710	0	T:68.0(100.00%),B:0.0(0.00%),P:1e-73	Tpos:154.2,Tstd:27.9,Bpos:0.0,Bstd:0.0,StrandBias:-2.5,Multiplicity:1.06
0.001	0.457	0.001	0.541
0.001	0.997	0.001	0.001
0.997	0.001	0.001	0.001
0.644	0.001	0.354	0.001
0.003	0.536	0.460	0.001
0.535	0.001	0.463	0.001
0.819	0.001	0.179	0.001
0.001	0.001	0.001	0.997
0.001	0.997	0.001	0.001
0.001	0.720	0.001	0.278
0.001	0.003	0.001	0.995
0.001	0.535	0.001	0.463
>ACTGCTGCTCCT	5-ACTGCTGCTCCT	10.421149	-168.103710	0	T:68.0(100.00%),B:0.0(0.00%),P:1e-73	Tpos:422.4,Tstd:18.0,Bpos:0.0,Bstd:0.0,StrandBias:10.0,Multiplicity:1.96
0.997	0.001	0.001	0.001
0.001	0.997	0.001	0.001
0.001	0.001	0.277	0.721
0.001	0.001	0.997	0.001
0.001	0.631	0.001	0.367
0.001	0.001	0.088	0.910
0.001	0.001	0.997	0.001
0.001	0.997	0.001	0.001
0.081	0.088	0.001	0.830
0.001	0.997	0.001	0.001
0.001	0.997	0.001	0.001
0.001	0.001	0.001	0.997
>GCAACCCATGGG	6-GCAACCCATGGG	11.063668	-168.103710	0	T:68.0(100.00%),B:0.0(0.00%),P:1e-73	Tpos:37.0,Tstd:25.2,Bpos:0.0,Bstd:0.0,StrandBias:10.0,Multiplicity:1.01
0.001	0.001	0.618	0.380
0.001	0.618	0.001	0.380
0.927	0.001	0.071	0.001
0.997	0.001	0.001	0.001
0.001	0.618	0.380	0.001
0.001	0.997	0.001	0.001
0.001	0.997	0.001	0.001
0.997	0.001	0.001	0.001
0.001	0.001	0.001	0.997
0.001	0.001	0.997	0.001
0.001	0.001	0.997	0.001
0.001	0.001	0.997	0.001
>CCAATCCAACCA	7-CCAATCCAACCA	9.207933	-168.103710	0	T:68.0(100.00%),B:0.6(0.22%),P:1e-73	Tpos:49.6,Tstd:13.8,Bpos:212.0,Bstd:0.0,StrandBias:10.0,Multiplicity:1.01
0.001	0.997	0.001	0.001
0.001	0.997	0.001	0.001
0.997	0.001	0.001	0.001
0.997	0.001	0.001	0.001
0.001	0.001	0.001	0.997
0.001	0.997	0.001	0.001
0.380	0.618	0.001	0.001
0.703	0.007	0.289	0.001
0.997	0.001	0.001	0.001
0.001	0.618	0.380	0.001
0.001	0.992	0.001	0.006
0.997	0.001	0.001	0.001
>CTCGCAAAAAGG	8-CTCGCAAAAAGG	7.299686	-168.103710	0	T:68.0(100.00%),B:0.8(0.28%),P:1e-73	Tpos:288.1,Tstd:0.4,Bpos:30.0,Bstd:0.0,StrandBias:10.0,Multiplicity:1.00
0.001	0.997	0.001	0.001
0.001	0.001	0.356	0.642
0.001	0.997	0.001	0.001
0.356	0.001	0.642	0.001
0.356	0.642	0.001	0.001
0.997	0.001	0.001	0.001
0.997	0.001	0.001	0.001
0.821	0.001	0.177	0.001
0.997	0.001	0.001	0.001
0.642	0.001	0.356	0.001
0.356	0.001	0.642	0.001
0.001	0.001	0.997	0.001
>CWKCCTCAARYR	9-CWKCCTCAARYR	12.570743	-168.103710	0	T:68.0(100.00%),B:0.0(0.00%),P:1e-73	Tpos:397.5,Tstd:56.0,Bpos:0.0,Bstd:0.0,StrandBias:10.0,Multiplicity:1.81
0.001	0.997	0.001	0.001
0.574	0.001	0.001	0.424
0.001	0.001	0.556	0.442
0.001	0.997	0.001	0.001
0.001	0.997	0.001	0.001
0.131	0.018	0.001	0.850
0.001	0.997	0.001	0.001
0.868	0.130	0.001	0.001
0.997	0.001	0.001	0.001
0.442	0.001	0.556	0.001
0.001	0.424	0.001	0.574
0.425	0.131	0.443	0.001
>GCGAAGTAGGTC	10-GCGAAGTAGGTC	9.248684	-168.103710	0	T:68.0(100.00%),B:0.0(0.00%),P:1e-73	Tpos:416.0,Tstd:0.0,Bpos:0.0,Bstd:0.0,StrandBias:-10.0,Multiplicity:1.00
0.001	0.018	0.944	0.037
0.001	0.973	0.001	0.025
0.025	0.041	0.933	0.001
0.973	0.025	0.001	0.001
0.997	0.001	0.001	0.001
0.001	0.001	0.980	0.018
0.001	0.029	0.001	0.969
0.944	0.018	0.037	0.001
0.001	0.037	0.961	0.001
0.001	0.001	0.913	0.085
0.001	0.001	0.001	0.997
0.001	0.913	0.085	0.001
>CAAATCCGTTGG	11-CAAATCCGTTGG	8.562045	-168.103710	0	T:68.0(100.00%),B:0.0(0.00%),P:1e-73	Tpos:347.6,Tstd:48.8,Bpos:0.0,Bstd:0.0,StrandBias:10.0,Multiplicity:1.03
0.006	0.992	0.001	0.001
0.625	0.373	0.001	0.001
0.997	0.001	0.001	0.001
0.997	0.001	0.001	0.001
0.001	0.001	0.380	0.618
0.001	0.997	0.001	0.001
0.380	0.618	0.001	0.001
0.001	0.013	0.985	0.001
0.001	0.001	0.001	0.997
0.001	0.001	0.001	0.997
0.001	0.001	0.997	0.001
0.001	0.001	0.997	0.001
>AGCCACCAGTCC	12-AGCCACCAGTCC	5.249177	-168.103710	0	T:68.0(100.00%),B:0.9(0.33%),P:1e-73	Tpos:265.9,Tstd:99.0,Bpos:132.5,Bstd:18.6,StrandBias:10.0,Multiplicity:1.91
0.997	0.001	0.001	0.001
0.001	0.001	0.997	0.001
0.098	0.900	0.001	0.001
0.001	0.937	0.001	0.061
0.997	0.001	0.001	0.001
0.061	0.901	0.037	0.001
0.037	0.961	0.001	0.001
0.938	0.060	0.001	0.001
0.001	0.001	0.997	0.001
0.001	0.001	0.001	0.997
0.098	0.900	0.001	0.001
0.001	0.997	0.001	0.001
>GTTCGCRTTACC	13-GTTCGCRTTACC	8.628440	-168.103710	0	T:68.0(100.00%),B:0.4(0.16%),P:1e-73	Tpos:329.0,Tstd:0.0,Bpos:384.0,Bstd:0.0,StrandBias:10.0,Multiplicity:1.00
0.001	0.001	0.997	0.001
0.001	0.001	0.001	0.997
0.001	0.018	0.001	0.980
0.001	0.997	0.001	0.001
0.001	0.001	0.997	0.001
0.382	0.560	0.039	0.019
0.520	0.001	0.478	0.001
0.001	0.001	0.001	0.997
0.001	0.001	0.018	0.980
0.997	0.001	0.001	0.001
0.001	0.997	0.001	0.001
0.019	0.765	0.197	0.019
>TTTTYTCCTCST	14-TTTTYTCCTCST	7.612136	-163.869604	0	T:68.0(100.00%),B:1.5(0.54%),P:1e-71	Tpos:384.0,Tstd:75.1,Bpos:92.1,Bstd:62.3,StrandBias:10.0,Multiplicity:2.96
0.001	0.004	0.001	0.994
0.001	0.187	0.001	0.811
0.281	0.001	0.182	0.536
0.022	0.021	0.001	0.956
0.001	0.463	0.001	0.535
0.001	0.001	0.001	0.997
0.001	0.768	0.001	0.230
0.001	0.997	0.001	0.001
0.001	0.001	0.177	0.821
0.001	0.735	0.001	0.263
0.001	0.458	0.540	0.001
0.001	0.005	0.177	0.817
>CVGTCACCAHCC	15-CVGTCACCAHCC	10.320014	-163.869604	0	T:68.0(100.00%),B:1.1(0.41%),P:1e-71	Tpos:156.8,Tstd:70.5,Bpos:253.9,Bstd:31.2,StrandBias:1.2,Multiplicity:2.74
0.001	0.624	0.001	0.374
0.329	0.350	0.314	0.007
0.347	0.007	0.645	0.001
0.310	0.001	0.007	0.682
0.001	0.997	0.001	0.001
0.968	0.014	0.017	0.001
0.024	0.974	0.001	0.001
0.388	0.610	0.001	0.001
0.985	0.001	0.013	0.001
0.300	0.310	0.001	0.389
0.001	0.685	0.088	0.226
0.001	0.642	0.001	0.356
>AGTTWCGCAACC	16-AGTTWCGCAACC	6.971611	-163.869604	0	T:68.0(100.00%),B:1.4(0.50%),P:1e-71	Tpos:275.4,Tstd:44.0,Bpos:288.7,Bstd:59.2,StrandBias:0.8,Multiplicity:1.69
0.585	0.413	0.001	0.001
0.001	0.001	0.997	0.001
0.001	0.001	0.001	0.997
0.419	0.001	0.001	0.579
0.426	0.001	0.001	0.572
0.001	0.997	0.001	0.001
0.001	0.001	0.997	0.001
0.001	0.997	0.001	0.001
0.579	0.001	0.419	0.001
0.993	0.004	0.001	0.002
0.419	0.579	0.001	0.001
0.001	0.997	0.001	0.001
>TTTGGGGYTTTY	17-TTTGGGGYTTTY	10.020480	-162.479693	0	T:67.0(98.53%),B:0.7(0.26%),P:1e-70	Tpos:123.3,Tstd:68.7,Bpos:233.9,Bstd:24.0,StrandBias:10.0,Multiplicity:2.34
0.294	0.007	0.065	0.634
0.001	0.006	0.001	0.992
0.007	0.001	0.367	0.625
0.001	0.007	0.942	0.050
0.007	0.001	0.978	0.014
0.014	0.344	0.641	0.001
0.001	0.007	0.639	0.353
0.042	0.401	0.193	0.363
0.192	0.001	0.001	0.806
0.001	0.401	0.028	0.570
0.007	0.007	0.007	0.979
0.001	0.409	0.035	0.555
>AGGGGATTGTGG	18-AGGGGATTGTGG	10.292956	-162.479693	0	T:67.0(98.53%),B:0.2(0.07%),P:1e-70	Tpos:232.5,Tstd:43.6,Bpos:240.0,Bstd:0.0,StrandBias:2.3,Multiplicity:1.00
0.997	0.001	0.001	0.001
0.001	0.001	0.997	0.001
0.001	0.001	0.997	0.001
0.001	0.001	0.997	0.001
0.001	0.001	0.997	0.001
0.618	0.001	0.380	0.001
0.001	0.286	0.001	0.712
0.001	0.001	0.380	0.618
0.001	0.001	0.997	0.001
0.001	0.001	0.001	0.997
0.001	0.046	0.952	0.001
0.001	0.001	0.618	0.380
>MCCYRRRGGWCY	19-MCCYRRRGGWCY	8.777772	-158.263748	0	T:67.0(98.53%),B:1.1(0.41%),P:1e-68	Tpos:135.6,Tstd:50.0,Bpos:188.7,Bstd:36.1,StrandBias:1.7,Multiplicity:1.82
0.454	0.349	0.093	0.104
0.001	0.947	0.051	0.001
0.398	0.562	0.039	0.001
0.026	0.414	0.052	0.508
0.375	0.105	0.507	0.013
0.532	0.031	0.411	0.026
0.412	0.171	0.390	0.027
0.013	0.014	0.972	0.001
0.013	0.066	0.572	0.349
0.510	0.026	0.079	0.385
0.052	0.814	0.117	0.017
0.052	0.459	0.065	0.424
>GACGGACCCCGC	20-GACGGACCCCGC	8.259940	-157.545219	0	T:66.0(97.06%),B:0.3(0.10%),P:1e-68	Tpos:185.5,Tstd:97.6,Bpos:38.0,Bstd:0.0,StrandBias:10.0,Multiplicity:1.00
0.001	0.001	0.997	0.001
0.997	0.001	0.001	0.001
0.001	0.618	0.380	0.001
0.001	0.001	0.997	0.001
0.001	0.001	0.997	0.001
0.997	0.001	0.001	0.001
0.001	0.997	0.001	0.001
0.001	0.997	0.001	0.001
0.001	0.997	0.001	0.001
0.380	0.618	0.001	0.001
0.380	0.001	0.618	0.001
0.001	0.997	0.001	0.001
>CCCAATGGATTT	21-CCCAATGGATTT	8.836762	-153.347638	0	T:66.0(97.06%),B:1.6(0.57%),P:1e-66	Tpos:106.5,Tstd:25.1,Bpos:369.9,Bstd:46.5,StrandBias:1.6,Multiplicity:1.09
0.236	0.701	0.062	0.001
0.001	0.638	0.001	0.360
0.001	0.618	0.001	0.380
0.638	0.001	0.360	0.001
0.618	0.001	0.380	0.001
0.001	0.001	0.360	0.638
0.001	0.001	0.997	0.001
0.001	0.001	0.997	0.001
0.997	0.001	0.001	0.001
0.001	0.001	0.001	0.997
0.001	0.001	0.001	0.997
0.001	0.001	0.001	0.997
>GTTGGACCCCTC	22-GTTGGACCCCTC	6.438294	-149.066489	0	T:68.0(100.00%),B:6.1(2.21%),P:1e-64	Tpos:142.2,Tstd:146.6,Bpos:256.0,Bstd:92.6,StrandBias:0.2,Multiplicity:1.81
0.155	0.001	0.843	0.001
0.145	0.006	0.001	0.848
0.001	0.001	0.001	0.997
0.017	0.139	0.843	0.001
0.027	0.001	0.823	0.149
0.997	0.001	0.001	0.001
0.001	0.860	0.138	0.001
0.138	0.860	0.001	0.001
0.001	0.997	0.001	0.001
0.001	0.993	0.005	0.001
0.001	0.012	0.001	0.986
0.001	0.816	0.156	0.027
>CATCCAATCACC	23-CATCCAATCACC	9.937156	-148.764124	0	T:64.0(94.12%),B:0.3(0.12%),P:1e-64	Tpos:268.9,Tstd:0.6,Bpos:464.0,Bstd:0.0,StrandBias:10.0,Multiplicity:1.00
0.107	0.640	0.036	0.217
0.569	0.358	0.036	0.037
0.233	0.250	0.071	0.445
0.037	0.856	0.071	0.036
0.036	0.819	0.144	0.001
0.820	0.144	0.035	0.001
0.857	0.071	0.071	0.001
0.179	0.071	0.001	0.749
0.035	0.857	0.001	0.107
0.497	0.323	0.144	0.036
0.178	0.571	0.001	0.250
0.107	0.679	0.107	0.107
>CGCCTCACGGGG	24-CGCCTCACGGGG	12.629934	-61.335267	0	T:33.0(48.53%),B:0.0(0.00%),P:1e-26	Tpos:210.0,Tstd:0.0,Bpos:0.0,Bstd:0.0,StrandBias:10.0,Multiplicity:1.00
0.001	0.997	0.001	0.001
0.001	0.001	0.618	0.380
0.001	0.997	0.001	0.001
0.001	0.997	0.001	0.001
0.001	0.001	0.380	0.618
0.001	0.997	0.001	0.001
0.997	0.001	0.001	0.001
0.001	0.658	0.001	0.340
0.001	0.001	0.997	0.001
0.001	0.001	0.997	0.001
0.380	0.001	0.618	0.001
0.001	0.001	0.997	0.001
>GGAAMAAA	1-GGAAMAAA	9.648016	-168.103710	0	T:68.0(100.00%),B:0.9(0.31%),P:1e-73	Tpos:104.0,Tstd:90.5,Bpos:172.5,Bstd:69.2,StrandBias:-0.0,Multiplicity:2.01
0.001	0.001	0.997	0.001
0.001	0.001	0.997	0.001
0.727	0.001	0.271	0.001
0.997	0.001	0.001	0.001
0.544	0.454	0.001	0.001
0.997	0.001	0.001	0.001
0.997	0.001	0.001	0.001
0.727	0.271	0.001	0.001
>CAAATGTC	2-CAAATGTC	8.236954	-168.103710	0	T:68.0(100.00%),B:1.0(0.34%),P:1e-73	Tpos:345.0,Tstd:0.0,Bpos:64.1,Bstd:12.8,StrandBias:10.0,Multiplicity:1.00
0.100	0.700	0.100	0.100
0.700	0.100	0.100	0.100
0.700	0.100	0.100	0.100
0.700	0.100	0.100	0.100
0.100	0.100	0.100	0.700
0.100	0.100	0.700	0.100
0.100	0.100	0.100	0.700
0.100	0.700	0.100	0.100
>ACTACTGT	3-ACTACTGT	8.236954	-168.103710	0	T:68.0(100.00%),B:0.6(0.21%),P:1e-73	Tpos:435.0,Tstd:0.0,Bpos:246.3,Bstd:70.4,StrandBias:10.0,Multiplicity:1.00
0.700	0.100	0.100	0.100
0.100	0.700	0.100	0.100
0.100	0.100	0.100	0.700
0.700	0.100	0.100	0.100
0.100	0.700	0.100	0.100
0.100	0.100	0.100	0.700
0.100	0.100	0.700	0.100
0.100	0.100	0.100	0.700
>GCCAATCA	4-GCCAATCA	8.236954	-162.479693	0	T:67.0(98.53%),B:0.9(0.32%),P:1e-70	Tpos:48.2,Tstd:27.0,Bpos:213.6,Bstd:145.8,StrandBias:10.0,Multiplicity:1.01
0.100	0.100	0.700	0.100
0.100	0.700	0.100	0.100
0.100	0.700	0.100	0.100
0.700	0.100	0.100	0.100
0.700	0.100	0.100	0.100
0.100	0.100	0.100	0.700
0.100	0.700	0.100	0.100
0.700	0.100	0.100	0.100
>GAAGTASG	5-GAAGTASG	10.318546	-160.314256	0	T:68.0(100.00%),B:2.7(0.97%),P:1e-69	Tpos:393.5,Tstd:22.5,Bpos:268.0,Bstd:89.9,StrandBias:0.0,Multiplicity:1.94
0.001	0.001	0.997	0.001
0.997	0.001	0.001	0.001
0.997	0.001	0.001	0.001
0.001	0.001	0.997	0.001
0.001	0.001	0.001	0.997
0.997	0.001	0.001	0.001
0.001	0.526	0.472	0.001
0.001	0.001	0.997	0.001
>CCTACTGC	6-CCTACTGC	8.236954	-160.314256	0	T:68.0(100.00%),B:2.2(0.81%),P:1e-69	Tpos:447.0,Tstd:0.0,Bpos:229.3,Bstd:57.9,StrandBias:10.0,Multiplicity:1.00
0.100	0.700	0.100	0.100
0.100	0.700	0.100	0.100
0.100	0.100	0.100	0.700
0.700	0.100	0.100	0.100
0.100	0.700	0.100	0.100
0.100	0.100	0.100	0.700
0.100	0.100	0.700	0.100
0.100	0.700	0.100	0.100
>TCTCTCAG	7-TCTCTCAG	8.236954	-157.545219	0	T:66.0(97.06%),B:0.3(0.10%),P:1e-68	Tpos:230.9,Tstd:0.5,Bpos:179.0,Bstd:0.0,StrandBias:10.0,Multiplicity:1.00
0.100	0.100	0.100	0.700
0.100	0.700	0.100	0.100
0.100	0.100	0.100	0.700
0.100	0.700	0.100	0.100
0.100	0.100	0.100	0.700
0.100	0.700	0.100	0.100
0.700	0.100	0.100	0.100
0.100	0.100	0.700	0.100
>CACCTGGA	8-CACCTGGA	8.150142	-157.545219	0	T:66.0(97.06%),B:0.9(0.34%),P:1e-68	Tpos:409.0,Tstd:0.0,Bpos:272.0,Bstd:79.2,StrandBias:10.0,Multiplicity:1.00
0.001	0.997	0.001	0.001
0.942	0.001	0.001	0.056
0.001	0.997	0.001	0.001
0.001	0.961	0.001	0.037
0.001	0.001	0.001	0.997
0.001	0.001	0.997	0.001
0.001	0.001	0.997	0.001
0.997	0.001	0.001	0.001
>ACTCCTCC	9-ACTCCTCC	8.236954	-153.347638	0	T:66.0(97.06%),B:1.2(0.42%),P:1e-66	Tpos:316.3,Tstd:8.0,Bpos:155.3,Bstd:141.0,StrandBias:10.0,Multiplicity:1.05
0.700	0.100	0.100	0.100
0.100	0.700	0.100	0.100
0.100	0.100	0.100	0.700
0.100	0.700	0.100	0.100
0.100	0.700	0.100	0.100
0.100	0.100	0.100	0.700
0.100	0.700	0.100	0.100
0.100	0.700	0.100	0.100
>CCCGCGGG	10-CCCGCGGG	8.236954	-153.012619	0	T:65.0(95.59%),B:0.4(0.13%),P:1e-66	Tpos:107.4,Tstd:0.7,Bpos:470.5,Bstd:0.3,StrandBias:0.0,Multiplicity:1.00
0.100	0.700	0.100	0.100
0.100	0.700	0.100	0.100
0.100	0.700	0.100	0.100
0.100	0.100	0.700	0.100
0.100	0.700	0.100	0.100
0.100	0.100	0.700	0.100
0.100	0.100	0.700	0.100
0.100	0.100	0.700	0.100
>TYGCRAMA	11-TYGCRAMA	8.471893	-153.012619	0	T:65.0(95.59%),B:0.2(0.09%),P:1e-66	Tpos:287.0,Tstd:0.0,Bpos:17.0,Bstd:0.0,StrandBias:10.0,Multiplicity:1.00
0.001	0.001	0.049	0.949
0.001	0.518	0.001	0.480
0.001	0.049	0.949	0.001
0.001	0.997	0.001	0.001
0.518	0.001	0.480	0.001
0.930	0.001	0.001	0.068
0.537	0.393	0.001	0.069
0.606	0.392	0.001	0.001
>ATTATACC	12-ATTATACC	8.236954	-149.828415	0	T:66.0(97.06%),B:2.8(1.00%),P:1e-65	Tpos:4.0,Tstd:0.0,Bpos:397.0,Bstd:59.0,StrandBias:10.0,Multiplicity:1.00
0.700	0.100	0.100	0.100
0.100	0.100	0.100	0.700
0.100	0.100	0.100	0.700
0.700	0.100	0.100	0.100
0.100	0.100	0.100	0.700
0.700	0.100	0.100	0.100
0.100	0.700	0.100	0.100
0.100	0.700	0.100	0.100
>TCACAATC	13-TCACAATC	8.236954	-146.700084	0	T:66.0(97.06%),B:3.2(1.16%),P:1e-63	Tpos:109.9,Tstd:24.0,Bpos:244.3,Bstd:26.2,StrandBias:10.0,Multiplicity:2.00
0.100	0.100	0.100	0.700
0.100	0.700	0.100	0.100
0.700	0.100	0.100	0.100
0.100	0.700	0.100	0.100
0.700	0.100	0.100	0.100
0.700	0.100	0.100	0.100
0.100	0.100	0.100	0.700
0.100	0.700	0.100	0.100
>CCCCAATC	14-CCCCAATC	9.256928	-146.694911	0	T:68.0(100.00%),B:7.5(2.70%),P:1e-63	Tpos:246.9,Tstd:122.5,Bpos:309.8,Bstd:70.3,StrandBias:0.5,Multiplicity:3.82
0.001	0.997	0.001	0.001
0.339	0.659	0.001	0.001
0.001	0.997	0.001	0.001
0.001	0.997	0.001	0.001
0.997	0.001	0.001	0.001
0.997	0.001	0.001	0.001
0.001	0.001	0.247	0.751
0.001	0.997	0.001	0.001
>TTTCGCAA	15-TTTCGCAA	8.236954	-145.332749	0	T:65.0(95.59%),B:2.6(0.95%),P:1e-63	Tpos:238.9,Tstd:0.5,Bpos:154.0,Bstd:157.9,StrandBias:10.0,Multiplicity:1.00
0.100	0.100	0.100	0.700
0.100	0.100	0.100	0.700
0.100	0.100	0.100	0.700
0.100	0.700	0.100	0.100
0.100	0.100	0.700	0.100
0.100	0.700	0.100	0.100
0.700	0.100	0.100	0.100
0.700	0.100	0.100	0.100
>AGACCTGA	16-AGACCTGA	8.236954	-144.735207	0	T:63.0(92.65%),B:0.5(0.18%),P:1e-62	Tpos:94.9,Tstd:0.5,Bpos:115.0,Bstd:0.0,StrandBias:10.0,Multiplicity:1.00
0.700	0.100	0.100	0.100
0.100	0.100	0.700	0.100
0.700	0.100	0.100	0.100
0.100	0.700	0.100	0.100
0.100	0.700	0.100	0.100
0.100	0.100	0.100	0.700
0.100	0.100	0.700	0.100
0.700	0.100	0.100	0.100
>GGGTTTTC	17-GGGTTTTC	8.245851	-142.297038	0	T:68.0(100.00%),B:9.7(3.50%),P:1e-61	Tpos:99.2,Tstd:25.5,Bpos:251.1,Bstd:112.6,StrandBias:10.0,Multiplicity:1.91
0.001	0.001	0.992	0.006
0.001	0.007	0.657	0.335
0.001	0.001	0.623	0.375
0.330	0.001	0.001	0.668
0.028	0.001	0.001	0.970
0.001	0.001	0.001	0.997
0.001	0.335	0.001	0.663
0.001	0.677	0.001	0.321
>AACTGCAC	18-AACTGCAC	8.592384	-142.222576	0	T:65.0(95.59%),B:3.6(1.30%),P:1e-61	Tpos:23.9,Tstd:0.5,Bpos:192.6,Bstd:134.9,StrandBias:10.0,Multiplicity:1.00
0.997	0.001	0.001	0.001
0.997	0.001	0.001	0.001
0.001	0.997	0.001	0.001
0.001	0.001	0.001	0.997
0.001	0.001	0.997	0.001
0.001	0.997	0.001	0.001
0.997	0.001	0.001	0.001
0.001	0.914	0.001	0.084
>GCCCAAGA	19-GCCCAAGA	10.994599	-141.194088	0	T:67.0(98.53%),B:7.1(2.58%),P:1e-61	Tpos:313.2,Tstd:84.8,Bpos:372.6,Bstd:52.1,StrandBias:0.2,Multiplicity:1.84
0.001	0.001	0.997	0.001
0.001	0.997	0.001	0.001
0.001	0.997	0.001	0.001
0.001	0.997	0.001	0.001
0.997	0.001	0.001	0.001
0.997	0.001	0.001	0.001
0.070	0.001	0.928	0.001
0.997	0.001	0.001	0.001
>GCATTCCA	20-GCATTCCA	8.236954	-140.593995	0	T:63.0(92.65%),B:1.7(0.61%),P:1e-61	Tpos:54.9,Tstd:0.5,Bpos:112.8,Bstd:61.2,StrandBias:10.0,Multiplicity:1.00
0.100	0.100	0.700	0.100
0.100	0.700	0.100	0.100
0.700	0.100	0.100	0.100
0.100	0.100	0.100	0.700
0.100	0.100	0.100	0.700
0.100	0.700	0.100	0.100
0.100	0.700	0.100	0.100
0.700	0.100	0.100	0.100
>CATGGAGG	21-CATGGAGG	8.236954	-137.185523	0	T:61.0(89.71%),B:0.7(0.25%),P:1e-59	Tpos:212.9,Tstd:0.5,Bpos:343.5,Bstd:2.1,StrandBias:10.0,Multiplicity:1.00
0.100	0.700	0.100	0.100
0.700	0.100	0.100	0.100
0.100	0.100	0.100	0.700
0.100	0.100	0.700	0.100
0.100	0.100	0.700	0.100
0.700	0.100	0.100	0.100
0.100	0.100	0.700	0.100
0.100	0.100	0.700	0.100
>ACCTCGTC	22-ACCTCGTC	8.236954	-133.318586	0	T:62.0(91.18%),B:2.8(1.02%),P:1e-57	Tpos:462.0,Tstd:0.0,Bpos:173.0,Bstd:137.9,StrandBias:10.0,Multiplicity:1.00
0.700	0.100	0.100	0.100
0.100	0.700	0.100	0.100
0.100	0.700	0.100	0.100
0.100	0.100	0.100	0.700
0.100	0.700	0.100	0.100
0.100	0.100	0.700	0.100
0.100	0.100	0.100	0.700
0.100	0.700	0.100	0.100
>AGCCGTTG	23-AGCCGTTG	8.990015	-131.066290	0	T:68.0(100.00%),B:15.6(5.63%),P:1e-56	Tpos:410.3,Tstd:47.9,Bpos:254.7,Bstd:206.6,StrandBias:1.1,Multiplicity:2.90
0.697	0.301	0.001	0.001
0.001	0.001	0.997	0.001
0.001	0.718	0.280	0.001
0.423	0.575	0.001	0.001
0.001	0.001	0.997	0.001
0.001	0.001	0.001	0.997
0.001	0.001	0.001	0.997
0.001	0.001	0.997	0.001
>ATCTCCTT	24-ATCTCCTT	7.811489	-117.813885	0	T:66.0(97.06%),B:17.8(6.45%),P:1e-51	Tpos:338.8,Tstd:36.5,Bpos:258.3,Bstd:153.3,StrandBias:10.0,Multiplicity:1.64
0.997	0.001	0.001	0.001
0.260	0.001	0.001	0.738
0.001	0.997	0.001	0.001
0.001	0.001	0.260	0.738
0.001	0.751	0.247	0.001
0.247	0.751	0.001	0.001
0.001	0.001	0.001	0.997
0.001	0.001	0.001	0.997
>AYCCATGG	25-AYCCATGG	8.141196	-112.570488	0	T:68.0(100.00%),B:28.2(10.19%),P:1e-48	Tpos:84.6,Tstd:51.4,Bpos:254.0,Bstd:195.3,StrandBias:0.8,Multiplicity:2.74
0.745	0.001	0.001	0.253
0.001	0.492	0.003	0.504
0.001	0.997	0.001	0.001
0.001	0.997	0.001	0.001
0.747	0.001	0.001	0.251
0.001	0.001	0.237	0.761
0.001	0.001	0.747	0.251
0.001	0.001	0.997	0.001
