>GGGTTTTTTC	1-GGGTTTTTTC	8.350283	-168.103710	0	T:68.0(100.00%),B:0.6(0.22%),P:1e-73	Tpos:72.4,Tstd:0.7,Bpos:290.7,Bstd:4.1,StrandBias:10.0,Multiplicity:1.00
0.100	0.100	0.700	0.100
0.100	0.100	0.700	0.100
0.100	0.100	0.700	0.100
0.100	0.100	0.100	0.700
0.100	0.100	0.100	0.700
0.100	0.100	0.100	0.700
0.100	0.100	0.100	0.700
0.100	0.100	0.100	0.700
0.100	0.100	0.100	0.700
0.100	0.700	0.100	0.100
>CGCCKTTRAC	2-CGCCKTTRAC	12.387459	-168.103710	0	T:68.0(100.00%),B:0.0(0.00%),P:1e-73	Tpos:394.5,Tstd:81.0,Bpos:0.0,Bstd:0.0,StrandBias:10.0,Multiplicity:1.91
0.001	0.997	0.001	0.001
0.001	0.001	0.997	0.001
0.001	0.997	0.001	0.001
0.001	0.997	0.001	0.001
0.001	0.001	0.519	0.479
0.001	0.001	0.001	0.997
0.001	0.001	0.001	0.997
0.489	0.001	0.509	0.001
0.997	0.001	0.001	0.001
0.001	0.997	0.001	0.001
>CCMTGGGARC	3-CCMTGGGARC	12.523253	-168.103710	0	T:68.0(100.00%),B:0.0(0.00%),P:1e-73	Tpos:11.9,Tstd:0.5,Bpos:0.0,Bstd:0.0,StrandBias:10.0,Multiplicity:1.00
0.001	0.997	0.001	0.001
0.001	0.997	0.001	0.001
0.485	0.513	0.001	0.001
0.001	0.001	0.001	0.997
0.001	0.001	0.997	0.001
0.001	0.001	0.997	0.001
0.001	0.001	0.997	0.001
0.997	0.001	0.001	0.001
0.523	0.001	0.475	0.001
0.001	0.997	0.001	0.001
>MGACWACTGT	4-MGACWACTGT	11.256744	-168.103710	0	T:68.0(100.00%),B:0.0(0.00%),P:1e-73	Tpos:433.5,Tstd:4.3,Bpos:0.0,Bstd:0.0,StrandBias:10.0,Multiplicity:1.01
0.544	0.454	0.001	0.001
0.150	0.001	0.848	0.001
0.997	0.001	0.001	0.001
0.001	0.997	0.001	0.001
0.496	0.001	0.001	0.502
0.997	0.001	0.001	0.001
0.001	0.997	0.001	0.001
0.001	0.001	0.301	0.697
0.150	0.001	0.848	0.001
0.001	0.344	0.001	0.654
>AACAACTGCA	5-AACAACTGCA	11.233004	-168.103710	0	T:68.0(100.00%),B:0.0(0.00%),P:1e-73	Tpos:21.9,Tstd:0.5,Bpos:0.0,Bstd:0.0,StrandBias:10.0,Multiplicity:1.00
0.668	0.001	0.330	0.001
0.997	0.001	0.001	0.001
0.350	0.648	0.001	0.001
0.681	0.001	0.001	0.317
0.688	0.001	0.310	0.001
0.001	0.997	0.001	0.001
0.001	0.001	0.001	0.997
0.001	0.001	0.997	0.001
0.001	0.997	0.001	0.001
0.668	0.001	0.001	0.330
>TTTCGATCAC	6-TTTCGATCAC	8.350283	-168.103710	0	T:68.0(100.00%),B:0.9(0.31%),P:1e-73	Tpos:128.9,Tstd:0.5,Bpos:312.8,Bstd:81.6,StrandBias:10.0,Multiplicity:1.00
0.100	0.100	0.100	0.700
0.100	0.100	0.100	0.700
0.100	0.100	0.100	0.700
0.100	0.700	0.100	0.100
0.100	0.100	0.700	0.100
0.700	0.100	0.100	0.100
0.100	0.100	0.100	0.700
0.100	0.700	0.100	0.100
0.700	0.100	0.100	0.100
0.100	0.700	0.100	0.100
>TACTTCGCCA	7-TACTTCGCCA	8.350283	-168.103710	0	T:68.0(100.00%),B:0.2(0.09%),P:1e-73	Tpos:420.0,Tstd:0.0,Bpos:308.0,Bstd:0.0,StrandBias:10.0,Multiplicity:1.00
0.100	0.100	0.100	0.700
0.700	0.100	0.100	0.100
0.100	0.700	0.100	0.100
0.100	0.100	0.100	0.700
0.100	0.100	0.100	0.700
0.100	0.700	0.100	0.100
0.100	0.100	0.700	0.100
0.100	0.700	0.100	0.100
0.100	0.700	0.100	0.100
0.700	0.100	0.100	0.100
>GCCCCTGCTA	8-GCCCCTGCTA	9.773791	-168.103710	0	T:68.0(100.00%),B:0.7(0.26%),P:1e-73	Tpos:448.1,Tstd:11.4,Bpos:347.9,Bstd:28.8,StrandBias:10.0,Multiplicity:1.07
0.001	0.001	0.997	0.001
0.001	0.997	0.001	0.001
0.001	0.997	0.001	0.001
0.001	0.997	0.001	0.001
0.001	0.997	0.001	0.001
0.001	0.001	0.001	0.997
0.131	0.001	0.867	0.001
0.001	0.997	0.001	0.001
0.001	0.001	0.001	0.997
0.867	0.001	0.131	0.001
>CMTCCTCRMA	9-CMTCCTCRMA	11.394331	-168.103710	0	T:68.0(100.00%),B:0.5(0.19%),P:1e-73	Tpos:310.2,Tstd:28.5,Bpos:142.4,Bstd:72.2,StrandBias:10.0,Multiplicity:1.88
0.001	0.997	0.001	0.001
0.442	0.556	0.001	0.001
0.001	0.001	0.001	0.997
0.001	0.913	0.085	0.001
0.001	0.913	0.001	0.085
0.001	0.001	0.001	0.997
0.001	0.997	0.001	0.001
0.442	0.001	0.556	0.001
0.528	0.470	0.001	0.001
0.997	0.001	0.001	0.001
>ATTGAGCCAT	10-ATTGAGCCAT	8.427644	-168.103710	0	T:68.0(100.00%),B:0.2(0.07%),P:1e-73	Tpos:31.9,Tstd:0.5,Bpos:256.0,Bstd:0.0,StrandBias:10.0,Multiplicity:1.00
0.765	0.212	0.001	0.022
0.001	0.001	0.001	0.997
0.001	0.001	0.001	0.997
0.203	0.001	0.795	0.001
0.997	0.001	0.001	0.001
0.001	0.001	0.997	0.001
0.001	0.997	0.001	0.001
0.001	0.997	0.001	0.001
0.997	0.001	0.001	0.001
0.001	0.001	0.001	0.997
>AAGCACCTCG	11-AAGCACCTCG	11.123531	-162.479693	0	T:67.0(98.53%),B:0.0(0.00%),P:1e-70	Tpos:459.0,Tstd:0.0,Bpos:0.0,Bstd:0.0,StrandBias:10.0,Multiplicity:1.00
0.997	0.001	0.001	0.001
0.616	0.001	0.382	0.001
0.001	0.001	0.766	0.232
0.001	0.997	0.001	0.001
0.766	0.232	0.001	0.001
0.001	0.616	0.001	0.382
0.001	0.997	0.001	0.001
0.001	0.001	0.001	0.997
0.001	0.997	0.001	0.001
0.232	0.001	0.766	0.001
>CATGGAGGTC	12-CATGGAGGTC	7.244501	-162.479693	0	T:67.0(98.53%),B:0.3(0.09%),P:1e-70	Tpos:213.9,Tstd:0.5,Bpos:307.0,Bstd:0.0,StrandBias:10.0,Multiplicity:1.00
0.001	0.997	0.001	0.001
0.997	0.001	0.001	0.001
0.001	0.076	0.001	0.922
0.001	0.001	0.997	0.001
0.001	0.001	0.997	0.001
0.997	0.001	0.001	0.001
0.001	0.001	0.997	0.001
0.001	0.001	0.997	0.001
0.001	0.018	0.001	0.980
0.001	0.997	0.001	0.001
>CTGCACCTGG	13-CTGCACCTGG	9.763503	-162.479693	0	T:67.0(98.53%),B:0.6(0.23%),P:1e-70	Tpos:407.0,Tstd:0.0,Bpos:275.0,Bstd:0.0,StrandBias:10.0,Multiplicity:1.00
0.001	0.980	0.001	0.018
0.001	0.001	0.001	0.997
0.001	0.001	0.997	0.001
0.001	0.980	0.001	0.018
0.960	0.001	0.001	0.038
0.001	0.997	0.001	0.001
0.001	0.997	0.001	0.001
0.001	0.001	0.001	0.997
0.001	0.001	0.997	0.001
0.001	0.001	0.997	0.001
>GCCVCCAATC	14-GCCVCCAATC	10.462190	-160.314256	0	T:68.0(100.00%),B:2.3(0.84%),P:1e-69	Tpos:196.9,Tstd:143.3,Bpos:266.5,Bstd:119.5,StrandBias:0.8,Multiplicity:4.26
0.001	0.001	0.997	0.001
0.007	0.611	0.381	0.001
0.369	0.629	0.001	0.001
0.298	0.339	0.362	0.001
0.006	0.992	0.001	0.001
0.001	0.997	0.001	0.001
0.992	0.001	0.001	0.006
0.991	0.001	0.007	0.001
0.001	0.001	0.320	0.678
0.001	0.997	0.001	0.001
>GTGGTGTCCR	15-GTGGTGTCCR	9.929960	-160.314256	0	T:68.0(100.00%),B:2.3(0.85%),P:1e-69	Tpos:255.9,Tstd:0.5,Bpos:319.8,Bstd:39.7,StrandBias:10.0,Multiplicity:1.00
0.001	0.001	0.997	0.001
0.001	0.242	0.001	0.756
0.001	0.001	0.997	0.001
0.001	0.001	0.997	0.001
0.001	0.001	0.237	0.761
0.001	0.102	0.896	0.001
0.001	0.001	0.001	0.997
0.001	0.896	0.001	0.102
0.001	0.792	0.001	0.206
0.522	0.001	0.476	0.001
>ATCCAATCAC	16-ATCCAATCAC	9.090304	-160.314256	0	T:68.0(100.00%),B:2.5(0.92%),P:1e-69	Tpos:199.3,Tstd:64.3,Bpos:247.1,Bstd:47.9,StrandBias:10.0,Multiplicity:1.85
0.902	0.001	0.023	0.074
0.188	0.023	0.001	0.788
0.023	0.975	0.001	0.001
0.001	0.850	0.037	0.112
0.719	0.243	0.001	0.037
0.704	0.294	0.001	0.001
0.037	0.037	0.037	0.889
0.036	0.962	0.001	0.001
0.864	0.098	0.001	0.037
0.272	0.615	0.001	0.112
>GRCAGAAGKA	17-GRCAGAAGKA	12.257308	-157.545219	0	T:66.0(97.06%),B:0.2(0.09%),P:1e-68	Tpos:375.5,Tstd:8.4,Bpos:324.0,Bstd:0.0,StrandBias:0.4,Multiplicity:1.73
0.001	0.001	0.997	0.001
0.480	0.001	0.518	0.001
0.001	0.997	0.001	0.001
0.997	0.001	0.001	0.001
0.001	0.001	0.997	0.001
0.997	0.001	0.001	0.001
0.997	0.001	0.001	0.001
0.001	0.001	0.997	0.001
0.112	0.001	0.397	0.490
0.997	0.001	0.001	0.001
>TBGTTCCTCC	18-TBGTTCCTCC	11.421711	-153.347638	0	T:66.0(97.06%),B:1.1(0.41%),P:1e-66	Tpos:205.8,Tstd:16.4,Bpos:134.0,Bstd:0.0,StrandBias:5.0,Multiplicity:1.03
0.001	0.001	0.382	0.616
0.001	0.382	0.382	0.235
0.001	0.001	0.997	0.001
0.001	0.001	0.001	0.997
0.001	0.004	0.001	0.994
0.001	0.997	0.001	0.001
0.001	0.997	0.001	0.001
0.001	0.001	0.382	0.616
0.001	0.997	0.001	0.001
0.001	0.997	0.001	0.001
>AGGTYTDGWT	19-AGGTYTDGWT	9.622677	-153.012619	0	T:65.0(95.59%),B:0.7(0.25%),P:1e-66	Tpos:95.7,Tstd:22.2,Bpos:311.9,Bstd:74.2,StrandBias:-4.4,Multiplicity:1.03
0.892	0.082	0.010	0.016
0.001	0.001	0.908	0.090
0.008	0.001	0.990	0.001
0.254	0.193	0.009	0.544
0.001	0.437	0.008	0.554
0.082	0.001	0.032	0.885
0.389	0.001	0.353	0.257
0.001	0.082	0.869	0.048
0.479	0.008	0.001	0.512
0.008	0.001	0.402	0.589
>GGTTTCGCAA	20-GGTTTCGCAA	11.467904	-153.012619	0	T:65.0(95.59%),B:0.5(0.17%),P:1e-66	Tpos:237.9,Tstd:0.5,Bpos:365.0,Bstd:0.0,StrandBias:10.0,Multiplicity:1.00
0.236	0.060	0.703	0.001
0.001	0.001	0.997	0.001
0.001	0.001	0.001	0.997
0.001	0.001	0.001	0.997
0.058	0.001	0.322	0.619
0.001	0.997	0.001	0.001
0.001	0.001	0.997	0.001
0.322	0.676	0.001	0.001
0.997	0.001	0.001	0.001
0.940	0.001	0.001	0.058
>GAGAGAGCCC	21-GAGAGAGCCC	11.149824	-153.012619	0	T:65.0(95.59%),B:0.3(0.11%),P:1e-66	Tpos:226.9,Tstd:0.5,Bpos:229.0,Bstd:0.0,StrandBias:-10.0,Multiplicity:1.00
0.205	0.001	0.793	0.001
0.997	0.001	0.001	0.001
0.091	0.139	0.769	0.001
0.984	0.001	0.014	0.001
0.109	0.001	0.889	0.001
0.909	0.001	0.045	0.045
0.001	0.215	0.783	0.001
0.001	0.997	0.001	0.001
0.001	0.813	0.001	0.185
0.001	0.950	0.001	0.048
>TGYCGCCARG	22-TGYCGCCARG	12.368752	-151.580071	0	T:67.0(98.53%),B:3.5(1.27%),P:1e-65	Tpos:422.5,Tstd:72.5,Bpos:132.7,Bstd:50.4,StrandBias:10.0,Multiplicity:1.88
0.001	0.001	0.001	0.997
0.001	0.001	0.997	0.001
0.001	0.474	0.001	0.524
0.001	0.997	0.001	0.001
0.001	0.001	0.997	0.001
0.001	0.997	0.001	0.001
0.001	0.997	0.001	0.001
0.997	0.001	0.001	0.001
0.513	0.001	0.485	0.001
0.001	0.001	0.997	0.001
>GTACCCGCGG	23-GTACCCGCGG	7.771807	-148.833611	0	T:65.0(95.59%),B:1.3(0.46%),P:1e-64	Tpos:107.4,Tstd:1.6,Bpos:276.7,Bstd:39.6,StrandBias:0.0,Multiplicity:1.00
0.001	0.001	0.997	0.001
0.050	0.001	0.001	0.948
0.891	0.050	0.058	0.001
0.001	0.997	0.001	0.001
0.001	0.997	0.001	0.001
0.038	0.960	0.001	0.001
0.001	0.001	0.997	0.001
0.001	0.960	0.038	0.001
0.001	0.001	0.997	0.001
0.001	0.001	0.997	0.001
>AAMAGGRGRR	24-AAMAGGRGRR	11.031852	-138.721379	0	T:66.0(97.06%),B:6.3(2.29%),P:1e-60	Tpos:306.6,Tstd:13.5,Bpos:314.9,Bstd:220.8,StrandBias:-0.0,Multiplicity:1.86
0.997	0.001	0.001	0.001
0.997	0.001	0.001	0.001
0.501	0.497	0.001	0.001
0.985	0.001	0.013	0.001
0.001	0.001	0.997	0.001
0.001	0.001	0.997	0.001
0.501	0.001	0.497	0.001
0.001	0.001	0.997	0.001
0.497	0.001	0.501	0.001
0.487	0.001	0.511	0.001
>CAADBCAAHT	25-CAADBCAAHT	7.397268	-134.544742	0	T:68.0(100.00%),B:13.6(4.91%),P:1e-58	Tpos:225.6,Tstd:168.9,Bpos:269.0,Bstd:215.4,StrandBias:10.0,Multiplicity:1.91
0.062	0.904	0.033	0.001
0.850	0.113	0.031	0.006
0.640	0.025	0.025	0.310
0.294	0.025	0.364	0.316
0.159	0.323	0.243	0.276
0.001	0.756	0.043	0.200
0.612	0.326	0.037	0.025
0.695	0.255	0.006	0.044
0.310	0.383	0.031	0.276
0.089	0.263	0.006	0.642
