>ACAGAACTCC	1-ACAGAACTCC	8.350283	-25.507866	0	T:11.0(100.00%),B:0.5(1.08%),P:1e-11	Tpos:292.2,Tstd:51.7,Bpos:343.0,Bstd:0.0,StrandBias:10.0,Multiplicity:1.36
0.700	0.100	0.100	0.100
0.100	0.700	0.100	0.100
0.700	0.100	0.100	0.100
0.100	0.100	0.700	0.100
0.700	0.100	0.100	0.100
0.700	0.100	0.100	0.100
0.100	0.700	0.100	0.100
0.100	0.100	0.100	0.700
0.100	0.700	0.100	0.100
0.100	0.700	0.100	0.100
>CCACCTCAAC	2-CCACCTCAAC	8.350283	-25.507866	0	T:11.0(100.00%),B:0.0(0.00%),P:1e-11	Tpos:250.2,Tstd:43.8,Bpos:0.0,Bstd:0.0,StrandBias:10.0,Multiplicity:1.36
0.100	0.700	0.100	0.100
0.100	0.700	0.100	0.100
0.700	0.100	0.100	0.100
0.100	0.700	0.100	0.100
0.100	0.700	0.100	0.100
0.100	0.100	0.100	0.700
0.100	0.700	0.100	0.100
0.700	0.100	0.100	0.100
0.700	0.100	0.100	0.100
0.100	0.700	0.100	0.100
>KTGGGRACAK	3-KTGGGRACAK	4.853747	-25.507866	0	T:11.0(100.00%),B:0.2(0.53%),P:1e-11	Tpos:191.8,Tstd:142.0,Bpos:203.0,Bstd:0.0,StrandBias:4.5,Multiplicity:2.09
0.001	0.001	0.532	0.466
0.001	0.001	0.001	0.997
0.001	0.001	0.997	0.001
0.001	0.001	0.997	0.001
0.001	0.001	0.997	0.001
0.499	0.001	0.466	0.034
0.997	0.001	0.001	0.001
0.007	0.991	0.001	0.001
0.997	0.001	0.001	0.001
0.067	0.001	0.466	0.466
>MCTCWSMASC	4-MCTCWSMASC	7.623486	-25.507866	0	T:11.0(100.00%),B:0.0(0.00%),P:1e-11	Tpos:129.0,Tstd:61.2,Bpos:0.0,Bstd:0.0,StrandBias:1.3,Multiplicity:1.27
0.438	0.345	0.001	0.215
0.001	0.997	0.001	0.001
0.001	0.277	0.001	0.721
0.001	0.468	0.317	0.215
0.445	0.001	0.001	0.553
0.214	0.346	0.439	0.001
0.542	0.456	0.001	0.001
0.723	0.275	0.001	0.001
0.001	0.540	0.458	0.001
0.001	0.723	0.275	0.001
>GGCAATATTG	5-GGCAATATTG	8.275241	-21.701204	0	T:10.0(90.91%),B:0.3(0.67%),P:1e-9	Tpos:397.7,Tstd:98.1,Bpos:175.0,Bstd:0.0,StrandBias:-0.3,Multiplicity:1.50
0.001	0.001	0.922	0.076
0.080	0.192	0.727	0.001
0.001	0.587	0.387	0.025
0.537	0.105	0.253	0.105
0.789	0.001	0.026	0.184
0.076	0.186	0.249	0.489
0.764	0.080	0.080	0.076
0.050	0.142	0.001	0.807
0.080	0.188	0.157	0.575
0.025	0.105	0.819	0.051
>CCTCTCCCWS	6-CCTCTCCCWS	7.671541	-21.701204	0	T:10.0(90.91%),B:1.0(2.25%),P:1e-9	Tpos:355.9,Tstd:84.7,Bpos:185.9,Bstd:41.9,StrandBias:-0.2,Multiplicity:1.50
0.185	0.640	0.057	0.118
0.001	0.651	0.237	0.111
0.003	0.167	0.001	0.829
0.011	0.874	0.056	0.059
0.055	0.186	0.001	0.758
0.001	0.883	0.115	0.001
0.001	0.582	0.416	0.001
0.118	0.707	0.174	0.001
0.304	0.114	0.175	0.407
0.001	0.465	0.475	0.059
>TTCCYMGTCG	7-TTCCYMGTCG	9.861262	-21.701204	0	T:10.0(90.91%),B:0.0(0.00%),P:1e-9	Tpos:326.8,Tstd:108.1,Bpos:0.0,Bstd:0.0,StrandBias:-0.6,Multiplicity:1.50
0.001	0.001	0.311	0.687
0.001	0.030	0.001	0.968
0.001	0.900	0.001	0.098
0.001	0.900	0.098	0.001
0.001	0.571	0.001	0.427
0.472	0.526	0.001	0.001
0.001	0.098	0.900	0.001
0.001	0.001	0.001	0.997
0.001	0.997	0.001	0.001
0.001	0.001	0.687	0.311
>CTGGGGTACT	8-CTGGGGTACT	7.384360	-21.701204	0	T:10.0(90.91%),B:0.0(0.00%),P:1e-9	Tpos:163.9,Tstd:172.5,Bpos:0.0,Bstd:0.0,StrandBias:10.0,Multiplicity:1.40
0.290	0.660	0.049	0.001
0.001	0.080	0.259	0.660
0.001	0.001	0.997	0.001
0.001	0.001	0.997	0.001
0.001	0.001	0.997	0.001
0.339	0.001	0.659	0.001
0.293	0.001	0.038	0.668
0.997	0.001	0.001	0.001
0.001	0.789	0.001	0.209
0.001	0.001	0.001	0.997
>TCCAAGGCAG	9-TCCAAGGCAG	6.942683	-18.565710	0	T:9.0(81.82%),B:0.5(1.08%),P:1e-8	Tpos:231.6,Tstd:12.9,Bpos:0.0,Bstd:0.0,StrandBias:10.0,Multiplicity:1.00
0.001	0.001	0.158	0.840
0.001	0.997	0.001	0.001
0.001	0.997	0.001	0.001
0.997	0.001	0.001	0.001
0.911	0.087	0.001	0.001
0.080	0.004	0.915	0.001
0.001	0.005	0.993	0.001
0.077	0.841	0.001	0.081
0.988	0.001	0.010	0.001
0.001	0.001	0.997	0.001
>GGGGCCCCKG	10-GGGGCCCCKG	7.036775	-15.139890	0	T:11.0(100.00%),B:7.0(15.92%),P:1e-6	Tpos:349.0,Tstd:158.6,Bpos:297.5,Bstd:208.9,StrandBias:0.2,Multiplicity:2.00
0.023	0.023	0.785	0.169
0.023	0.001	0.811	0.165
0.001	0.001	0.706	0.292
0.004	0.122	0.696	0.178
0.073	0.638	0.122	0.167
0.240	0.664	0.001	0.095
0.118	0.858	0.023	0.001
0.167	0.737	0.001	0.095
0.229	0.099	0.267	0.405
0.073	0.001	0.710	0.216
>SACTGSAAAA	11-SACTGSAAAA	5.960872	-13.476385	0	T:11.0(100.00%),B:9.5(21.58%),P:1e-5	Tpos:153.2,Tstd:76.3,Bpos:323.5,Bstd:95.2,StrandBias:1.9,Multiplicity:2.18
0.085	0.353	0.392	0.170
0.712	0.089	0.114	0.085
0.001	0.630	0.170	0.199
0.001	0.001	0.001	0.997
0.014	0.255	0.646	0.085
0.085	0.392	0.438	0.085
0.914	0.001	0.084	0.001
0.647	0.001	0.267	0.085
0.897	0.017	0.001	0.085
0.829	0.085	0.001	0.085
>ATGGATTTGA	12-ATGGATTTGA	-0.936368	-12.041301	0	T:11.0(100.00%),B:11.3(25.49%),P:1e-5	Tpos:293.7,Tstd:131.1,Bpos:276.3,Bstd:103.7,StrandBias:0.3,Multiplicity:2.64
0.617	0.342	0.001	0.040
0.001	0.001	0.001	0.997
0.001	0.001	0.997	0.001
0.001	0.001	0.997	0.001
0.997	0.001	0.001	0.001
0.001	0.001	0.001	0.997
0.001	0.001	0.381	0.617
0.001	0.001	0.128	0.870
0.128	0.001	0.870	0.001
0.997	0.001	0.001	0.001
>TTCAGCCTCG	13-TTCAGCCTCG	8.350283	-11.046885	0	T:6.0(54.55%),B:0.5(1.07%),P:1e-4	Tpos:266.8,Tstd:217.1,Bpos:168.7,Bstd:15.0,StrandBias:10.0,Multiplicity:1.83
0.100	0.100	0.100	0.700
0.100	0.100	0.100	0.700
0.100	0.700	0.100	0.100
0.700	0.100	0.100	0.100
0.100	0.100	0.700	0.100
0.100	0.700	0.100	0.100
0.100	0.700	0.100	0.100
0.100	0.100	0.100	0.700
0.100	0.700	0.100	0.100
0.100	0.100	0.700	0.100
