>AMTMCTSCCTCM	1-AMTMCTSCCTCM	9.628918	-25.507866	0	T:11.0(100.00%),B:0.2(0.47%),P:1e-11	Tpos:351.7,Tstd:133.0,Bpos:147.0,Bstd:0.0,StrandBias:10.0,Multiplicity:1.45
0.785	0.213	0.001	0.001
0.560	0.438	0.001	0.001
0.214	0.016	0.001	0.769
0.545	0.438	0.001	0.016
0.001	0.930	0.001	0.068
0.001	0.001	0.001	0.997
0.001	0.438	0.560	0.001
0.001	0.997	0.001	0.001
0.214	0.571	0.001	0.214
0.001	0.001	0.001	0.997
0.001	0.997	0.001	0.001
0.570	0.428	0.001	0.001
>GGGGTGGAAACC	2-GGGGTGGAAACC	8.373961	-25.507866	0	T:11.0(100.00%),B:0.3(0.76%),P:1e-11	Tpos:203.3,Tstd:97.0,Bpos:463.0,Bstd:0.0,StrandBias:-2.9,Multiplicity:1.55
0.001	0.397	0.601	0.001
0.125	0.001	0.873	0.001
0.030	0.001	0.964	0.005
0.001	0.001	0.601	0.397
0.030	0.001	0.126	0.843
0.001	0.397	0.601	0.001
0.397	0.001	0.601	0.001
0.997	0.001	0.001	0.001
0.601	0.001	0.397	0.001
0.561	0.030	0.001	0.408
0.001	0.997	0.001	0.001
0.001	0.843	0.001	0.155
>GAGAGSGAGAGR	3-GAGAGSGAGAGR	3.582232	-21.701204	0	T:10.0(90.91%),B:0.7(1.57%),P:1e-9	Tpos:331.4,Tstd:103.7,Bpos:350.9,Bstd:63.7,StrandBias:10.0,Multiplicity:1.00
0.001	0.226	0.772	0.001
0.964	0.034	0.001	0.001
0.001	0.001	0.997	0.001
0.976	0.022	0.001	0.001
0.001	0.001	0.997	0.001
0.063	0.477	0.459	0.001
0.001	0.001	0.997	0.001
0.733	0.016	0.250	0.001
0.001	0.001	0.997	0.001
0.976	0.001	0.022	0.001
0.226	0.001	0.772	0.001
0.521	0.001	0.477	0.001
>TGGGGWHCCTGT	4-TGGGGWHCCTGT	11.872039	-21.701204	0	T:10.0(90.91%),B:0.0(0.00%),P:1e-9	Tpos:326.4,Tstd:193.0,Bpos:0.0,Bstd:0.0,StrandBias:10.0,Multiplicity:1.00
0.001	0.001	0.284	0.714
0.001	0.001	0.624	0.374
0.001	0.001	0.909	0.089
0.001	0.001	0.997	0.001
0.001	0.001	0.997	0.001
0.420	0.010	0.001	0.569
0.284	0.430	0.001	0.284
0.284	0.714	0.001	0.001
0.001	0.714	0.001	0.284
0.284	0.001	0.001	0.714
0.001	0.001	0.997	0.001
0.001	0.001	0.089	0.909
>TGGGAGAGTGCC	5-TGGGAGAGTGCC	11.667900	-18.565710	0	T:9.0(81.82%),B:0.0(0.00%),P:1e-8	Tpos:341.1,Tstd:110.2,Bpos:0.0,Bstd:0.0,StrandBias:-1.0,Multiplicity:1.33
0.001	0.001	0.231	0.767
0.001	0.001	0.997	0.001
0.001	0.001	0.997	0.001
0.001	0.001	0.997	0.001
0.997	0.001	0.001	0.001
0.001	0.001	0.997	0.001
0.997	0.001	0.001	0.001
0.001	0.001	0.767	0.231
0.001	0.001	0.001	0.997
0.001	0.001	0.997	0.001
0.001	0.864	0.134	0.001
0.001	0.997	0.001	0.001
