>ACAGAACTCC	1-ACAGAACTCC	8.350283	-25.507866	0	T:11.0(100.00%),B:0.5(1.08%),P:1e-11	Tpos:292.2,Tstd:51.7,Bpos:343.0,Bstd:0.0,StrandBias:10.0,Multiplicity:1.36
0.700	0.100	0.100	0.100
0.100	0.700	0.100	0.100
0.700	0.100	0.100	0.100
0.100	0.100	0.700	0.100
0.700	0.100	0.100	0.100
0.700	0.100	0.100	0.100
0.100	0.700	0.100	0.100
0.100	0.100	0.100	0.700
0.100	0.700	0.100	0.100
0.100	0.700	0.100	0.100
>CCACCTCAAC	2-CCACCTCAAC	8.350283	-25.507866	0	T:11.0(100.00%),B:0.0(0.00%),P:1e-11	Tpos:250.2,Tstd:43.8,Bpos:0.0,Bstd:0.0,StrandBias:10.0,Multiplicity:1.36
0.100	0.700	0.100	0.100
0.100	0.700	0.100	0.100
0.700	0.100	0.100	0.100
0.100	0.700	0.100	0.100
0.100	0.700	0.100	0.100
0.100	0.100	0.100	0.700
0.100	0.700	0.100	0.100
0.700	0.100	0.100	0.100
0.700	0.100	0.100	0.100
0.100	0.700	0.100	0.100
>KTGGGRACAK	3-KTGGGRACAK	4.853747	-25.507866	0	T:11.0(100.00%),B:0.2(0.53%),P:1e-11	Tpos:191.8,Tstd:142.0,Bpos:203.0,Bstd:0.0,StrandBias:4.5,Multiplicity:2.09
0.001	0.001	0.532	0.466
0.001	0.001	0.001	0.997
0.001	0.001	0.997	0.001
0.001	0.001	0.997	0.001
0.001	0.001	0.997	0.001
0.499	0.001	0.466	0.034
0.997	0.001	0.001	0.001
0.007	0.991	0.001	0.001
0.997	0.001	0.001	0.001
0.067	0.001	0.466	0.466
>MCTCWSMASC	4-MCTCWSMASC	7.623486	-25.507866	0	T:11.0(100.00%),B:0.0(0.00%),P:1e-11	Tpos:129.0,Tstd:61.2,Bpos:0.0,Bstd:0.0,StrandBias:1.3,Multiplicity:1.27
0.438	0.345	0.001	0.215
0.001	0.997	0.001	0.001
0.001	0.277	0.001	0.721
0.001	0.468	0.317	0.215
0.445	0.001	0.001	0.553
0.214	0.346	0.439	0.001
0.542	0.456	0.001	0.001
0.723	0.275	0.001	0.001
0.001	0.540	0.458	0.001
0.001	0.723	0.275	0.001
>GGCAATATTG	5-GGCAATATTG	8.275241	-21.701204	0	T:10.0(90.91%),B:0.3(0.67%),P:1e-9	Tpos:397.7,Tstd:98.1,Bpos:175.0,Bstd:0.0,StrandBias:-0.3,Multiplicity:1.50
0.001	0.001	0.922	0.076
0.080	0.192	0.727	0.001
0.001	0.587	0.387	0.025
0.537	0.105	0.253	0.105
0.789	0.001	0.026	0.184
0.076	0.186	0.249	0.489
0.764	0.080	0.080	0.076
0.050	0.142	0.001	0.807
0.080	0.188	0.157	0.575
0.025	0.105	0.819	0.051
>CCTCTCCCWS	6-CCTCTCCCWS	7.671541	-21.701204	0	T:10.0(90.91%),B:1.0(2.25%),P:1e-9	Tpos:355.9,Tstd:84.7,Bpos:185.9,Bstd:41.9,StrandBias:-0.2,Multiplicity:1.50
0.185	0.640	0.057	0.118
0.001	0.651	0.237	0.111
0.003	0.167	0.001	0.829
0.011	0.874	0.056	0.059
0.055	0.186	0.001	0.758
0.001	0.883	0.115	0.001
0.001	0.582	0.416	0.001
0.118	0.707	0.174	0.001
0.304	0.114	0.175	0.407
0.001	0.465	0.475	0.059
>TTCCYMGTCG	7-TTCCYMGTCG	9.861262	-21.701204	0	T:10.0(90.91%),B:0.0(0.00%),P:1e-9	Tpos:326.8,Tstd:108.1,Bpos:0.0,Bstd:0.0,StrandBias:-0.6,Multiplicity:1.50
0.001	0.001	0.311	0.687
0.001	0.030	0.001	0.968
0.001	0.900	0.001	0.098
0.001	0.900	0.098	0.001
0.001	0.571	0.001	0.427
0.472	0.526	0.001	0.001
0.001	0.098	0.900	0.001
0.001	0.001	0.001	0.997
0.001	0.997	0.001	0.001
0.001	0.001	0.687	0.311
>CTGGGGTACT	8-CTGGGGTACT	7.384360	-21.701204	0	T:10.0(90.91%),B:0.0(0.00%),P:1e-9	Tpos:163.9,Tstd:172.5,Bpos:0.0,Bstd:0.0,StrandBias:10.0,Multiplicity:1.40
0.290	0.660	0.049	0.001
0.001	0.080	0.259	0.660
0.001	0.001	0.997	0.001
0.001	0.001	0.997	0.001
0.001	0.001	0.997	0.001
0.339	0.001	0.659	0.001
0.293	0.001	0.038	0.668
0.997	0.001	0.001	0.001
0.001	0.789	0.001	0.209
0.001	0.001	0.001	0.997
>TCCAAGGCAG	9-TCCAAGGCAG	6.942683	-18.565710	0	T:9.0(81.82%),B:0.5(1.08%),P:1e-8	Tpos:231.6,Tstd:12.9,Bpos:0.0,Bstd:0.0,StrandBias:10.0,Multiplicity:1.00
0.001	0.001	0.158	0.840
0.001	0.997	0.001	0.001
0.001	0.997	0.001	0.001
0.997	0.001	0.001	0.001
0.911	0.087	0.001	0.001
0.080	0.004	0.915	0.001
0.001	0.005	0.993	0.001
0.077	0.841	0.001	0.081
0.988	0.001	0.010	0.001
0.001	0.001	0.997	0.001
>GGGGCCCCKG	10-GGGGCCCCKG	7.036775	-15.139890	0	T:11.0(100.00%),B:7.0(15.92%),P:1e-6	Tpos:349.0,Tstd:158.6,Bpos:297.5,Bstd:208.9,StrandBias:0.2,Multiplicity:2.00
0.023	0.023	0.785	0.169
0.023	0.001	0.811	0.165
0.001	0.001	0.706	0.292
0.004	0.122	0.696	0.178
0.073	0.638	0.122	0.167
0.240	0.664	0.001	0.095
0.118	0.858	0.023	0.001
0.167	0.737	0.001	0.095
0.229	0.099	0.267	0.405
0.073	0.001	0.710	0.216
>SACTGSAAAA	11-SACTGSAAAA	5.960872	-13.476385	0	T:11.0(100.00%),B:9.5(21.58%),P:1e-5	Tpos:153.2,Tstd:76.3,Bpos:323.5,Bstd:95.2,StrandBias:1.9,Multiplicity:2.18
0.085	0.353	0.392	0.170
0.712	0.089	0.114	0.085
0.001	0.630	0.170	0.199
0.001	0.001	0.001	0.997
0.014	0.255	0.646	0.085
0.085	0.392	0.438	0.085
0.914	0.001	0.084	0.001
0.647	0.001	0.267	0.085
0.897	0.017	0.001	0.085
0.829	0.085	0.001	0.085
>ATGGATTTGA	12-ATGGATTTGA	-0.936368	-12.041301	0	T:11.0(100.00%),B:11.3(25.49%),P:1e-5	Tpos:293.7,Tstd:131.1,Bpos:276.3,Bstd:103.7,StrandBias:0.3,Multiplicity:2.64
0.617	0.342	0.001	0.040
0.001	0.001	0.001	0.997
0.001	0.001	0.997	0.001
0.001	0.001	0.997	0.001
0.997	0.001	0.001	0.001
0.001	0.001	0.001	0.997
0.001	0.001	0.381	0.617
0.001	0.001	0.128	0.870
0.128	0.001	0.870	0.001
0.997	0.001	0.001	0.001
>TTCAGCCTCG	13-TTCAGCCTCG	8.350283	-11.046885	0	T:6.0(54.55%),B:0.5(1.07%),P:1e-4	Tpos:266.8,Tstd:217.1,Bpos:168.7,Bstd:15.0,StrandBias:10.0,Multiplicity:1.83
0.100	0.100	0.100	0.700
0.100	0.100	0.100	0.700
0.100	0.700	0.100	0.100
0.700	0.100	0.100	0.100
0.100	0.100	0.700	0.100
0.100	0.700	0.100	0.100
0.100	0.700	0.100	0.100
0.100	0.100	0.100	0.700
0.100	0.700	0.100	0.100
0.100	0.100	0.700	0.100
>AMTMCTSCCTCM	1-AMTMCTSCCTCM	9.628918	-25.507866	0	T:11.0(100.00%),B:0.2(0.47%),P:1e-11	Tpos:351.7,Tstd:133.0,Bpos:147.0,Bstd:0.0,StrandBias:10.0,Multiplicity:1.45
0.785	0.213	0.001	0.001
0.560	0.438	0.001	0.001
0.214	0.016	0.001	0.769
0.545	0.438	0.001	0.016
0.001	0.930	0.001	0.068
0.001	0.001	0.001	0.997
0.001	0.438	0.560	0.001
0.001	0.997	0.001	0.001
0.214	0.571	0.001	0.214
0.001	0.001	0.001	0.997
0.001	0.997	0.001	0.001
0.570	0.428	0.001	0.001
>GGGGTGGAAACC	2-GGGGTGGAAACC	8.373961	-25.507866	0	T:11.0(100.00%),B:0.3(0.76%),P:1e-11	Tpos:203.3,Tstd:97.0,Bpos:463.0,Bstd:0.0,StrandBias:-2.9,Multiplicity:1.55
0.001	0.397	0.601	0.001
0.125	0.001	0.873	0.001
0.030	0.001	0.964	0.005
0.001	0.001	0.601	0.397
0.030	0.001	0.126	0.843
0.001	0.397	0.601	0.001
0.397	0.001	0.601	0.001
0.997	0.001	0.001	0.001
0.601	0.001	0.397	0.001
0.561	0.030	0.001	0.408
0.001	0.997	0.001	0.001
0.001	0.843	0.001	0.155
>GAGAGSGAGAGR	3-GAGAGSGAGAGR	3.582232	-21.701204	0	T:10.0(90.91%),B:0.7(1.57%),P:1e-9	Tpos:331.4,Tstd:103.7,Bpos:350.9,Bstd:63.7,StrandBias:10.0,Multiplicity:1.00
0.001	0.226	0.772	0.001
0.964	0.034	0.001	0.001
0.001	0.001	0.997	0.001
0.976	0.022	0.001	0.001
0.001	0.001	0.997	0.001
0.063	0.477	0.459	0.001
0.001	0.001	0.997	0.001
0.733	0.016	0.250	0.001
0.001	0.001	0.997	0.001
0.976	0.001	0.022	0.001
0.226	0.001	0.772	0.001
0.521	0.001	0.477	0.001
>TGGGGWHCCTGT	4-TGGGGWHCCTGT	11.872039	-21.701204	0	T:10.0(90.91%),B:0.0(0.00%),P:1e-9	Tpos:326.4,Tstd:193.0,Bpos:0.0,Bstd:0.0,StrandBias:10.0,Multiplicity:1.00
0.001	0.001	0.284	0.714
0.001	0.001	0.624	0.374
0.001	0.001	0.909	0.089
0.001	0.001	0.997	0.001
0.001	0.001	0.997	0.001
0.420	0.010	0.001	0.569
0.284	0.430	0.001	0.284
0.284	0.714	0.001	0.001
0.001	0.714	0.001	0.284
0.284	0.001	0.001	0.714
0.001	0.001	0.997	0.001
0.001	0.001	0.089	0.909
>TGGGAGAGTGCC	5-TGGGAGAGTGCC	11.667900	-18.565710	0	T:9.0(81.82%),B:0.0(0.00%),P:1e-8	Tpos:341.1,Tstd:110.2,Bpos:0.0,Bstd:0.0,StrandBias:-1.0,Multiplicity:1.33
0.001	0.001	0.231	0.767
0.001	0.001	0.997	0.001
0.001	0.001	0.997	0.001
0.001	0.001	0.997	0.001
0.997	0.001	0.001	0.001
0.001	0.001	0.997	0.001
0.997	0.001	0.001	0.001
0.001	0.001	0.767	0.231
0.001	0.001	0.001	0.997
0.001	0.001	0.997	0.001
0.001	0.864	0.134	0.001
0.001	0.997	0.001	0.001
>GACTGGGA	1-GACTGGGA	10.462499	-25.507866	0	T:11.0(100.00%),B:0.0(0.00%),P:1e-11	Tpos:299.2,Tstd:133.5,Bpos:0.0,Bstd:0.0,StrandBias:-0.3,Multiplicity:1.00
0.240	0.001	0.758	0.001
0.997	0.001	0.001	0.001
0.001	0.997	0.001	0.001
0.001	0.001	0.001	0.997
0.001	0.001	0.997	0.001
0.001	0.001	0.997	0.001
0.055	0.001	0.943	0.001
0.758	0.001	0.240	0.001
>GTTCCCTA	2-GTTCCCTA	3.897081	-23.022960	0	T:11.0(100.00%),B:1.3(3.02%),P:1e-9	Tpos:206.2,Tstd:164.7,Bpos:161.7,Bstd:58.1,StrandBias:-0.9,Multiplicity:2.36
0.001	0.001	0.997	0.001
0.001	0.001	0.104	0.894
0.120	0.001	0.005	0.874
0.001	0.997	0.001	0.001
0.001	0.997	0.001	0.001
0.001	0.997	0.001	0.001
0.001	0.125	0.001	0.873
0.997	0.001	0.001	0.001
>GGCAATAT	3-GGCAATAT	9.321752	-21.701204	0	T:10.0(90.91%),B:0.0(0.00%),P:1e-9	Tpos:454.2,Tstd:19.2,Bpos:0.0,Bstd:0.0,StrandBias:-1.0,Multiplicity:1.00
0.001	0.001	0.997	0.001
0.068	0.001	0.930	0.001
0.001	0.997	0.001	0.001
0.997	0.001	0.001	0.001
0.858	0.001	0.140	0.001
0.001	0.001	0.001	0.997
0.781	0.217	0.001	0.001
0.001	0.001	0.001	0.997
>TGCAAAAT	4-TGCAAAAT	8.727092	-21.701204	0	T:10.0(90.91%),B:0.0(0.00%),P:1e-9	Tpos:155.2,Tstd:66.6,Bpos:0.0,Bstd:0.0,StrandBias:1.2,Multiplicity:1.30
0.001	0.001	0.001	0.997
0.001	0.001	0.997	0.001
0.001	0.662	0.001	0.336
0.997	0.001	0.001	0.001
0.997	0.001	0.001	0.001
0.780	0.218	0.001	0.001
0.997	0.001	0.001	0.001
0.336	0.001	0.001	0.662
>GAACAAGT	5-GAACAAGT	7.132042	-21.701204	0	T:10.0(90.91%),B:0.2(0.55%),P:1e-9	Tpos:59.3,Tstd:22.7,Bpos:225.0,Bstd:0.0,StrandBias:0.6,Multiplicity:1.50
0.109	0.001	0.841	0.049
0.468	0.001	0.272	0.260
0.901	0.001	0.097	0.001
0.001	0.796	0.202	0.001
0.690	0.260	0.001	0.049
0.950	0.001	0.048	0.001
0.210	0.001	0.788	0.001
0.198	0.001	0.203	0.598
>TCTGSCAG	6-TCTGSCAG	8.481179	-21.701204	0	T:10.0(90.91%),B:0.5(1.06%),P:1e-9	Tpos:223.4,Tstd:155.1,Bpos:258.0,Bstd:0.0,StrandBias:1.8,Multiplicity:1.40
0.001	0.173	0.001	0.825
0.001	0.997	0.001	0.001
0.018	0.173	0.001	0.808
0.001	0.394	0.604	0.001
0.001	0.453	0.545	0.001
0.001	0.997	0.001	0.001
0.635	0.001	0.018	0.346
0.001	0.001	0.980	0.018
>GAGATTGG	7-GAGATTGG	10.579932	-21.701204	0	T:10.0(90.91%),B:0.0(0.00%),P:1e-9	Tpos:352.5,Tstd:124.5,Bpos:0.0,Bstd:0.0,StrandBias:0.0,Multiplicity:1.00
0.385	0.001	0.613	0.001
0.997	0.001	0.001	0.001
0.001	0.001	0.997	0.001
0.997	0.001	0.001	0.001
0.001	0.001	0.001	0.997
0.001	0.001	0.001	0.997
0.001	0.001	0.997	0.001
0.001	0.001	0.997	0.001
>TGGGGACA	8-TGGGGACA	8.933936	-21.701204	0	T:10.0(90.91%),B:0.3(0.62%),P:1e-9	Tpos:258.7,Tstd:149.5,Bpos:159.0,Bstd:0.0,StrandBias:10.0,Multiplicity:2.00
0.210	0.001	0.001	0.788
0.001	0.001	0.997	0.001
0.001	0.001	0.788	0.210
0.001	0.001	0.997	0.001
0.001	0.001	0.710	0.288
0.997	0.001	0.001	0.001
0.001	0.997	0.001	0.001
0.997	0.001	0.001	0.001
>GATTCCAC	9-GATTCCAC	6.437655	-19.323718	0	T:10.0(90.91%),B:1.7(3.74%),P:1e-8	Tpos:176.9,Tstd:57.1,Bpos:251.2,Bstd:96.5,StrandBias:-0.4,Multiplicity:2.30
0.137	0.001	0.861	0.001
0.826	0.001	0.032	0.141
0.138	0.101	0.032	0.729
0.001	0.101	0.138	0.760
0.001	0.728	0.239	0.032
0.001	0.861	0.137	0.001
0.632	0.133	0.001	0.234
0.068	0.629	0.165	0.138
>AAGAAGGC	10-AAGAAGGC	8.540630	-18.565710	0	T:9.0(81.82%),B:0.9(1.99%),P:1e-8	Tpos:342.5,Tstd:180.6,Bpos:433.1,Bstd:13.2,StrandBias:-1.0,Multiplicity:1.33
0.997	0.001	0.001	0.001
0.716	0.001	0.282	0.001
0.001	0.001	0.997	0.001
0.716	0.001	0.282	0.001
0.997	0.001	0.001	0.001
0.001	0.001	0.997	0.001
0.001	0.001	0.997	0.001
0.001	0.997	0.001	0.001
>SCATCCAG	11-SCATCCAG	9.806550	-18.565710	0	T:9.0(81.82%),B:0.2(0.55%),P:1e-8	Tpos:286.8,Tstd:104.2,Bpos:19.0,Bstd:0.0,StrandBias:10.0,Multiplicity:1.33
0.215	0.422	0.295	0.068
0.001	0.997	0.001	0.001
0.956	0.042	0.001	0.001
0.001	0.001	0.001	0.997
0.001	0.997	0.001	0.001
0.001	0.997	0.001	0.001
0.997	0.001	0.001	0.001
0.001	0.001	0.997	0.001
>SCTCACCA	12-SCTCACCA	7.616174	-16.107733	0	T:10.0(90.91%),B:3.3(7.41%),P:1e-6	Tpos:294.1,Tstd:168.3,Bpos:171.0,Bstd:56.9,StrandBias:0.6,Multiplicity:1.50
0.001	0.524	0.474	0.001
0.001	0.889	0.001	0.109
0.001	0.067	0.001	0.931
0.001	0.997	0.001	0.001
0.997	0.001	0.001	0.001
0.346	0.652	0.001	0.001
0.001	0.997	0.001	0.001
0.997	0.001	0.001	0.001
>GAAACTTT	13-GAAACTTT	8.274091	-15.814174	0	T:8.0(72.73%),B:0.8(1.82%),P:1e-6	Tpos:180.1,Tstd:145.3,Bpos:365.5,Bstd:18.2,StrandBias:-0.3,Multiplicity:1.00
0.001	0.288	0.710	0.001
0.997	0.001	0.001	0.001
0.710	0.001	0.288	0.001
0.858	0.001	0.140	0.001
0.001	0.858	0.140	0.001
0.001	0.001	0.001	0.997
0.001	0.001	0.001	0.997
0.001	0.001	0.001	0.997
>CCTCAAYT	14-CCTCAAYT	7.110762	-14.876710	0	T:10.0(90.91%),B:4.2(9.54%),P:1e-6	Tpos:259.7,Tstd:108.7,Bpos:283.0,Bstd:67.9,StrandBias:10.0,Multiplicity:1.60
0.009	0.788	0.001	0.202
0.001	0.800	0.099	0.100
0.029	0.001	0.004	0.966
0.001	0.796	0.202	0.001
0.969	0.027	0.003	0.001
0.863	0.108	0.028	0.001
0.211	0.453	0.001	0.335
0.001	0.363	0.099	0.537
>GAGAGAGA	15-GAGAGAGA	8.143156	-11.046885	0	T:6.0(54.55%),B:0.5(1.13%),P:1e-4	Tpos:369.1,Tstd:3.4,Bpos:113.1,Bstd:15.0,StrandBias:10.0,Multiplicity:1.83
0.124	0.001	0.874	0.001
0.997	0.001	0.001	0.001
0.001	0.001	0.997	0.001
0.475	0.262	0.262	0.001
0.001	0.191	0.747	0.061
0.585	0.223	0.001	0.191
0.184	0.001	0.814	0.001
0.938	0.060	0.001	0.001
>CTKACGGG	16-CTKACGGG	8.213605	-9.192503	0	T:6.0(54.55%),B:1.3(2.89%),P:1e-3	Tpos:190.0,Tstd:197.2,Bpos:398.9,Bstd:21.9,StrandBias:0.3,Multiplicity:1.83
0.001	0.997	0.001	0.001
0.001	0.001	0.001	0.997
0.001	0.001	0.495	0.503
0.884	0.001	0.114	0.001
0.001	0.997	0.001	0.001
0.001	0.001	0.997	0.001
0.001	0.001	0.997	0.001
0.001	0.001	0.997	0.001
>CAAARCCA	17-CAAARCCA	9.641499	-6.940706	0	T:4.0(36.36%),B:0.6(1.28%),P:1e-3	Tpos:327.5,Tstd:14.5,Bpos:203.0,Bstd:0.0,StrandBias:0.0,Multiplicity:2.00
0.001	0.772	0.001	0.226
0.997	0.001	0.001	0.001
0.772	0.226	0.001	0.001
0.997	0.001	0.001	0.001
0.400	0.001	0.527	0.072
0.001	0.997	0.001	0.001
0.001	0.997	0.001	0.001
0.997	0.001	0.001	0.001
>TGGAGCTG	18-TGGAGCTG	8.236954	-6.094369	0	T:5.0(45.45%),B:2.0(4.57%),P:1e-2	Tpos:165.0,Tstd:109.4,Bpos:124.7,Bstd:99.8,StrandBias:-0.3,Multiplicity:1.80
0.100	0.100	0.100	0.700
0.100	0.100	0.700	0.100
0.100	0.100	0.700	0.100
0.700	0.100	0.100	0.100
0.100	0.100	0.700	0.100
0.100	0.700	0.100	0.100
0.100	0.100	0.100	0.700
0.100	0.100	0.700	0.100
