>ACAGAACTCC	1-ACAGAACTCC,BestGuess:ZIM3/MA1709.2/Jaspar(0.695)	8.350283	-25.507866	0	T:11.0(100.00%),B:0.5(1.08%),P:1e-11
0.700	0.100	0.100	0.100
0.100	0.700	0.100	0.100
0.700	0.100	0.100	0.100
0.100	0.100	0.700	0.100
0.700	0.100	0.100	0.100
0.700	0.100	0.100	0.100
0.100	0.700	0.100	0.100
0.100	0.100	0.100	0.700
0.100	0.700	0.100	0.100
0.100	0.700	0.100	0.100
>CCACCTCAAC	2-CCACCTCAAC,BestGuess:RUNX3/MA0684.3/Jaspar(0.755)	8.350283	-25.507866	0	T:11.0(100.00%),B:0.0(0.00%),P:1e-11
0.100	0.700	0.100	0.100
0.100	0.700	0.100	0.100
0.700	0.100	0.100	0.100
0.100	0.700	0.100	0.100
0.100	0.700	0.100	0.100
0.100	0.100	0.100	0.700
0.100	0.700	0.100	0.100
0.700	0.100	0.100	0.100
0.700	0.100	0.100	0.100
0.100	0.700	0.100	0.100
>KTGGGRACAK	3-KTGGGRACAK,BestGuess:ZNF816/MA1719.2/Jaspar(0.779)	4.853747	-25.507866	0	T:11.0(100.00%),B:0.2(0.53%),P:1e-11
0.001	0.001	0.532	0.466
0.001	0.001	0.001	0.997
0.001	0.001	0.997	0.001
0.001	0.001	0.997	0.001
0.001	0.001	0.997	0.001
0.499	0.001	0.466	0.034
0.997	0.001	0.001	0.001
0.007	0.991	0.001	0.001
0.997	0.001	0.001	0.001
0.067	0.001	0.466	0.466
>MCTCWSMASC	4-MCTCWSMASC,BestGuess:NR2C2/MA0504.2/Jaspar(0.585)	7.623486	-25.507866	0	T:11.0(100.00%),B:0.0(0.00%),P:1e-11
0.438	0.345	0.001	0.215
0.001	0.997	0.001	0.001
0.001	0.277	0.001	0.721
0.001	0.468	0.317	0.215
0.445	0.001	0.001	0.553
0.214	0.346	0.439	0.001
0.542	0.456	0.001	0.001
0.723	0.275	0.001	0.001
0.001	0.540	0.458	0.001
0.001	0.723	0.275	0.001
>AMTMCTSCCTCM	1-AMTMCTSCCTCM,BestGuess:ZNF770/MA2099.1/Jaspar(0.667)	9.628918	-25.507866	0	T:11.0(100.00%),B:0.2(0.47%),P:1e-11
0.785	0.213	0.001	0.001
0.560	0.438	0.001	0.001
0.214	0.016	0.001	0.769
0.545	0.438	0.001	0.016
0.001	0.930	0.001	0.068
0.001	0.001	0.001	0.997
0.001	0.438	0.560	0.001
0.001	0.997	0.001	0.001
0.214	0.571	0.001	0.214
0.001	0.001	0.001	0.997
0.001	0.997	0.001	0.001
0.570	0.428	0.001	0.001
>GGGGTGGAAACC	2-GGGGTGGAAACC,BestGuess:ZNF524/MA2096.1/Jaspar(0.632)	8.373961	-25.507866	0	T:11.0(100.00%),B:0.3(0.76%),P:1e-11
0.001	0.397	0.601	0.001
0.125	0.001	0.873	0.001
0.030	0.001	0.964	0.005
0.001	0.001	0.601	0.397
0.030	0.001	0.126	0.843
0.001	0.397	0.601	0.001
0.397	0.001	0.601	0.001
0.997	0.001	0.001	0.001
0.601	0.001	0.397	0.001
0.561	0.030	0.001	0.408
0.001	0.997	0.001	0.001
0.001	0.843	0.001	0.155
>GACTGGGA	1-GACTGGGA,BestGuess:Zfp809/MA2125.1/Jaspar(0.817)	10.462499	-25.507866	0	T:11.0(100.00%),B:0.0(0.00%),P:1e-11
0.240	0.001	0.758	0.001
0.997	0.001	0.001	0.001
0.001	0.997	0.001	0.001
0.001	0.001	0.001	0.997
0.001	0.001	0.997	0.001
0.001	0.001	0.997	0.001
0.055	0.001	0.943	0.001
0.758	0.001	0.240	0.001
>GGCAATATTG	5-GGCAATATTG,BestGuess:Arid5a/MA0602.2/Jaspar(0.687)	8.275241	-21.701204	0	T:10.0(90.91%),B:0.3(0.67%),P:1e-9
0.001	0.001	0.922	0.076
0.080	0.192	0.727	0.001
0.001	0.587	0.387	0.025
0.537	0.105	0.253	0.105
0.789	0.001	0.026	0.184
0.076	0.186	0.249	0.489
0.764	0.080	0.080	0.076
0.050	0.142	0.001	0.807
0.080	0.188	0.157	0.575
0.025	0.105	0.819	0.051
>CCTCTCCCWS	6-CCTCTCCCWS,BestGuess:Wt1/MA1627.2/Jaspar(0.761)	7.671541	-21.701204	0	T:10.0(90.91%),B:1.0(2.25%),P:1e-9
0.185	0.640	0.057	0.118
0.001	0.651	0.237	0.111
0.003	0.167	0.001	0.829
0.011	0.874	0.056	0.059
0.055	0.186	0.001	0.758
0.001	0.883	0.115	0.001
0.001	0.582	0.416	0.001
0.118	0.707	0.174	0.001
0.304	0.114	0.175	0.407
0.001	0.465	0.475	0.059
>TGGGGWHCCTGT	4-TGGGGWHCCTGT,BestGuess:PB0156.1_Plagl1_2/Jaspar(0.622)	11.872039	-21.701204	0	T:10.0(90.91%),B:0.0(0.00%),P:1e-9
0.001	0.001	0.284	0.714
0.001	0.001	0.624	0.374
0.001	0.001	0.909	0.089
0.001	0.001	0.997	0.001
0.001	0.001	0.997	0.001
0.420	0.010	0.001	0.569
0.284	0.430	0.001	0.284
0.284	0.714	0.001	0.001
0.001	0.714	0.001	0.284
0.284	0.001	0.001	0.714
0.001	0.001	0.997	0.001
0.001	0.001	0.089	0.909
>TGCAAAAT	4-TGCAAAAT,BestGuess:PB0145.1_Mafb_2/Jaspar(0.869)	8.727092	-21.701204	0	T:10.0(90.91%),B:0.0(0.00%),P:1e-9
0.001	0.001	0.001	0.997
0.001	0.001	0.997	0.001
0.001	0.662	0.001	0.336
0.997	0.001	0.001	0.001
0.997	0.001	0.001	0.001
0.780	0.218	0.001	0.001
0.997	0.001	0.001	0.001
0.336	0.001	0.001	0.662
>GAACAAGT	5-GAACAAGT,BestGuess:PB0200.1_Zfp187_2/Jaspar(0.742)	7.132042	-21.701204	0	T:10.0(90.91%),B:0.2(0.55%),P:1e-9
0.109	0.001	0.841	0.049
0.468	0.001	0.272	0.260
0.901	0.001	0.097	0.001
0.001	0.796	0.202	0.001
0.690	0.260	0.001	0.049
0.950	0.001	0.048	0.001
0.210	0.001	0.788	0.001
0.198	0.001	0.203	0.598
>TCCAAGGCAG	9-TCCAAGGCAG,BestGuess:ZNF213/MA2121.1/Jaspar(0.695)	6.942683	-18.565710	0	T:9.0(81.82%),B:0.5(1.08%),P:1e-8
0.001	0.001	0.158	0.840
0.001	0.997	0.001	0.001
0.001	0.997	0.001	0.001
0.997	0.001	0.001	0.001
0.911	0.087	0.001	0.001
0.080	0.004	0.915	0.001
0.001	0.005	0.993	0.001
0.077	0.841	0.001	0.081
0.988	0.001	0.010	0.001
0.001	0.001	0.997	0.001
>AAGAAGGC	10-AAGAAGGC,BestGuess:IKZF2/MA2326.1/Jaspar(0.723)	8.540630	-18.565710	0	T:9.0(81.82%),B:0.9(1.99%),P:1e-8
0.997	0.001	0.001	0.001
0.716	0.001	0.282	0.001
0.001	0.001	0.997	0.001
0.716	0.001	0.282	0.001
0.997	0.001	0.001	0.001
0.001	0.001	0.997	0.001
0.001	0.001	0.997	0.001
0.001	0.997	0.001	0.001
>SCATCCAG	11-SCATCCAG,BestGuess:ZBTB26/MA1579.2/Jaspar(0.722)	9.806550	-18.565710	0	T:9.0(81.82%),B:0.2(0.55%),P:1e-8
0.215	0.422	0.295	0.068
0.001	0.997	0.001	0.001
0.956	0.042	0.001	0.001
0.001	0.001	0.001	0.997
0.001	0.997	0.001	0.001
0.001	0.997	0.001	0.001
0.997	0.001	0.001	0.001
0.001	0.001	0.997	0.001
>GAAACTTT	13-GAAACTTT,BestGuess:Nr2e3/MA0164.2/Jaspar(0.704)	8.274091	-15.814174	0	T:8.0(72.73%),B:0.8(1.82%),P:1e-6
0.001	0.288	0.710	0.001
0.997	0.001	0.001	0.001
0.710	0.001	0.288	0.001
0.858	0.001	0.140	0.001
0.001	0.858	0.140	0.001
0.001	0.001	0.001	0.997
0.001	0.001	0.001	0.997
0.001	0.001	0.001	0.997
>TTCAGCCTCG	13-TTCAGCCTCG,BestGuess:ZNF770/MA2099.1/Jaspar(0.698)	8.350283	-11.046885	0	T:6.0(54.55%),B:0.5(1.07%),P:1e-4
0.100	0.100	0.100	0.700
0.100	0.100	0.100	0.700
0.100	0.700	0.100	0.100
0.700	0.100	0.100	0.100
0.100	0.100	0.700	0.100
0.100	0.700	0.100	0.100
0.100	0.700	0.100	0.100
0.100	0.100	0.100	0.700
0.100	0.700	0.100	0.100
0.100	0.100	0.700	0.100
>CTKACGGG	16-CTKACGGG,BestGuess:ELF4/MA0641.1/Jaspar(0.691)	8.213605	-9.192503	0	T:6.0(54.55%),B:1.3(2.89%),P:1e-3
0.001	0.997	0.001	0.001
0.001	0.001	0.001	0.997
0.001	0.001	0.495	0.503
0.884	0.001	0.114	0.001
0.001	0.997	0.001	0.001
0.001	0.001	0.997	0.001
0.001	0.001	0.997	0.001
0.001	0.001	0.997	0.001
>CAAARCCA	17-CAAARCCA,BestGuess:RUNX1(Runt)/Jurkat-RUNX1-ChIP-Seq(GSE29180)/Homer(0.667)	9.641499	-6.940706	0	T:4.0(36.36%),B:0.6(1.28%),P:1e-3
0.001	0.772	0.001	0.226
0.997	0.001	0.001	0.001
0.772	0.226	0.001	0.001
0.997	0.001	0.001	0.001
0.400	0.001	0.527	0.072
0.001	0.997	0.001	0.001
0.001	0.997	0.001	0.001
0.997	0.001	0.001	0.001
>TGGAGCTG	18-TGGAGCTG,BestGuess:POL013.1_MED-1/Jaspar(0.711)	8.236954	-6.094369	0	T:5.0(45.45%),B:2.0(4.57%),P:1e-2
0.100	0.100	0.100	0.700
0.100	0.100	0.700	0.100
0.100	0.100	0.700	0.100
0.700	0.100	0.100	0.100
0.100	0.100	0.700	0.100
0.100	0.700	0.100	0.100
0.100	0.100	0.100	0.700
0.100	0.100	0.700	0.100
