>GAAGAAATTTCC	1-GAAGAAATTTCC	10.420394	-172.570677	0	T:68.0(100.00%),B:0.0(0.00%),P:1e-74	Tpos:198.1,Tstd:143.7,Bpos:0.0,Bstd:0.0,StrandBias:-0.6,Multiplicity:2.06
0.001	0.001	0.727	0.271
0.726	0.045	0.180	0.049
0.705	0.269	0.023	0.003
0.001	0.001	0.997	0.001
0.997	0.001	0.001	0.001
0.997	0.001	0.001	0.001
0.705	0.249	0.001	0.045
0.010	0.001	0.012	0.977
0.021	0.001	0.001	0.977
0.001	0.001	0.001	0.997
0.001	0.996	0.001	0.002
0.001	0.704	0.022	0.273
>CADGTTTTTGCC	2-CADGTTTTTGCC	11.850480	-172.570677	0	T:68.0(100.00%),B:0.0(0.00%),P:1e-74	Tpos:133.3,Tstd:67.4,Bpos:0.0,Bstd:0.0,StrandBias:10.0,Multiplicity:1.72
0.001	0.997	0.001	0.001
0.997	0.001	0.001	0.001
0.358	0.009	0.374	0.259
0.001	0.001	0.997	0.001
0.001	0.352	0.001	0.646
0.001	0.364	0.023	0.612
0.001	0.008	0.001	0.990
0.001	0.001	0.003	0.995
0.001	0.008	0.001	0.990
0.361	0.001	0.637	0.001
0.001	0.726	0.001	0.272
0.004	0.719	0.009	0.268
>RBARGTGTGTGW	3-RBARGTGTGTGW	10.167450	-172.570677	0	T:68.0(100.00%),B:0.0(0.00%),P:1e-74	Tpos:258.0,Tstd:0.0,Bpos:0.0,Bstd:0.0,StrandBias:-10.0,Multiplicity:1.00
0.306	0.200	0.386	0.109
0.171	0.369	0.237	0.222
0.817	0.045	0.131	0.007
0.399	0.204	0.352	0.045
0.255	0.015	0.569	0.161
0.196	0.041	0.011	0.752
0.018	0.041	0.784	0.157
0.037	0.011	0.060	0.892
0.030	0.007	0.603	0.360
0.048	0.124	0.045	0.783
0.145	0.112	0.728	0.015
0.379	0.203	0.007	0.410
>SCGYYSTCRGCR	4-SCGYYSTCRGCR	11.034690	-172.570677	0	T:68.0(100.00%),B:0.0(0.00%),P:1e-74	Tpos:365.2,Tstd:86.5,Bpos:0.0,Bstd:0.0,StrandBias:10.0,Multiplicity:1.96
0.001	0.477	0.521	0.001
0.001	0.997	0.001	0.001
0.001	0.001	0.997	0.001
0.001	0.477	0.001	0.521
0.001	0.477	0.001	0.521
0.098	0.423	0.478	0.001
0.001	0.001	0.001	0.997
0.001	0.997	0.001	0.001
0.477	0.001	0.521	0.001
0.001	0.001	0.997	0.001
0.001	0.997	0.001	0.001
0.477	0.001	0.521	0.001
>TGCGTAGCTCGC	5-TGCGTAGCTCGC	10.409522	-172.570677	0	T:68.0(100.00%),B:0.0(0.00%),P:1e-74	Tpos:423.0,Tstd:0.0,Bpos:0.0,Bstd:0.0,StrandBias:10.0,Multiplicity:1.00
0.100	0.100	0.100	0.700
0.100	0.100	0.700	0.100
0.100	0.700	0.100	0.100
0.100	0.100	0.700	0.100
0.100	0.100	0.100	0.700
0.700	0.100	0.100	0.100
0.100	0.100	0.700	0.100
0.100	0.700	0.100	0.100
0.100	0.100	0.100	0.700
0.100	0.700	0.100	0.100
0.100	0.100	0.700	0.100
0.100	0.700	0.100	0.100
>TCCAKGCCACAA	6-TCCAKGCCACAA	9.932089	-172.570677	0	T:68.0(100.00%),B:0.7(0.23%),P:1e-74	Tpos:80.7,Tstd:120.6,Bpos:373.0,Bstd:0.0,StrandBias:3.6,Multiplicity:1.18
0.053	0.001	0.343	0.603
0.106	0.732	0.161	0.001
0.130	0.594	0.001	0.275
0.997	0.001	0.001	0.001
0.001	0.053	0.430	0.516
0.214	0.106	0.679	0.001
0.001	0.675	0.001	0.323
0.001	0.997	0.001	0.001
0.515	0.323	0.161	0.001
0.053	0.893	0.053	0.001
0.515	0.001	0.323	0.161
0.675	0.001	0.323	0.001
>TTTGTCCCTGCT	7-TTTGTCCCTGCT	8.236715	-172.570677	0	T:68.0(100.00%),B:0.7(0.24%),P:1e-74	Tpos:222.0,Tstd:0.0,Bpos:322.3,Bstd:31.7,StrandBias:10.0,Multiplicity:1.00
0.001	0.001	0.001	0.997
0.001	0.001	0.001	0.997
0.001	0.001	0.001	0.997
0.001	0.001	0.997	0.001
0.001	0.001	0.001	0.997
0.385	0.613	0.001	0.001
0.001	0.997	0.001	0.001
0.001	0.997	0.001	0.001
0.001	0.228	0.001	0.770
0.001	0.001	0.995	0.003
0.001	0.997	0.001	0.001
0.004	0.386	0.060	0.550
>ATCGTGTGTTCT	8-ATCGTGTGTTCT	10.061413	-172.570677	0	T:68.0(100.00%),B:0.0(0.00%),P:1e-74	Tpos:469.7,Tstd:5.4,Bpos:0.0,Bstd:0.0,StrandBias:0.6,Multiplicity:1.62
0.613	0.001	0.385	0.001
0.001	0.001	0.001	0.997
0.006	0.596	0.001	0.397
0.001	0.001	0.997	0.001
0.001	0.001	0.001	0.997
0.198	0.001	0.800	0.001
0.001	0.001	0.001	0.997
0.001	0.001	0.788	0.210
0.001	0.011	0.211	0.777
0.001	0.001	0.001	0.997
0.001	0.997	0.001	0.001
0.199	0.011	0.001	0.789
>CCGTTASYCTYT	9-CCGTTASYCTYT	10.517439	-172.570677	0	T:68.0(100.00%),B:1.0(0.33%),P:1e-74	Tpos:117.0,Tstd:0.0,Bpos:423.9,Bstd:17.3,StrandBias:-10.0,Multiplicity:1.00
0.385	0.613	0.001	0.001
0.001	0.770	0.001	0.228
0.001	0.001	0.997	0.001
0.001	0.001	0.001	0.997
0.001	0.001	0.385	0.613
0.997	0.001	0.001	0.001
0.165	0.385	0.449	0.001
0.001	0.549	0.001	0.449
0.001	0.997	0.001	0.001
0.001	0.001	0.385	0.613
0.001	0.528	0.001	0.470
0.001	0.001	0.001	0.997
>WCACCBCTTCYC	10-WCACCBCTTCYC	9.244458	-168.336571	0	T:68.0(100.00%),B:1.8(0.60%),P:1e-73	Tpos:384.0,Tstd:0.0,Bpos:414.8,Bstd:7.4,StrandBias:10.0,Multiplicity:1.00
0.436	0.046	0.008	0.510
0.312	0.657	0.023	0.008
0.576	0.355	0.023	0.046
0.046	0.577	0.001	0.376
0.139	0.796	0.001	0.064
0.023	0.292	0.358	0.327
0.106	0.708	0.117	0.069
0.155	0.038	0.023	0.784
0.008	0.053	0.034	0.905
0.309	0.554	0.016	0.121
0.099	0.453	0.140	0.309
0.282	0.492	0.038	0.189
>TTTGATGCCTTT	11-TTTGATGCCTTT	11.727960	-166.873584	0	T:67.0(98.53%),B:0.0(0.00%),P:1e-72	Tpos:131.1,Tstd:62.5,Bpos:0.0,Bstd:0.0,StrandBias:1.0,Multiplicity:1.45
0.001	0.355	0.001	0.643
0.001	0.001	0.001	0.997
0.001	0.001	0.383	0.615
0.406	0.001	0.592	0.001
0.976	0.022	0.001	0.001
0.001	0.013	0.001	0.985
0.014	0.001	0.971	0.014
0.001	0.615	0.001	0.383
0.001	0.608	0.384	0.007
0.001	0.001	0.001	0.997
0.001	0.001	0.014	0.984
0.001	0.001	0.001	0.997
>CATCSWTTTACM	12-CATCSWTTTACM	9.093118	-166.873584	0	T:67.0(98.53%),B:0.5(0.18%),P:1e-72	Tpos:309.6,Tstd:169.4,Bpos:277.0,Bstd:19.3,StrandBias:10.0,Multiplicity:1.84
0.127	0.504	0.300	0.069
0.479	0.326	0.046	0.149
0.137	0.115	0.001	0.747
0.011	0.804	0.116	0.069
0.011	0.428	0.504	0.057
0.456	0.163	0.023	0.358
0.081	0.127	0.140	0.652
0.011	0.105	0.023	0.861
0.011	0.185	0.080	0.724
0.793	0.023	0.081	0.103
0.011	0.781	0.057	0.151
0.395	0.348	0.023	0.234
>CAAAGGTTTGTG	13-CAAAGGTTTGTG	9.410804	-166.873584	0	T:67.0(98.53%),B:0.4(0.14%),P:1e-72	Tpos:89.0,Tstd:0.0,Bpos:133.0,Bstd:0.0,StrandBias:-10.0,Multiplicity:1.00
0.001	0.997	0.001	0.001
0.955	0.001	0.043	0.001
0.997	0.001	0.001	0.001
0.997	0.001	0.001	0.001
0.001	0.054	0.944	0.001
0.001	0.033	0.944	0.022
0.001	0.001	0.001	0.997
0.001	0.001	0.001	0.997
0.001	0.021	0.001	0.977
0.001	0.001	0.955	0.043
0.001	0.001	0.054	0.944
0.056	0.001	0.942	0.001
>GGTCGGGGGCTC	14-GGTCGGGGGCTC	7.384996	-166.873584	0	T:67.0(98.53%),B:0.9(0.32%),P:1e-72	Tpos:158.8,Tstd:206.9,Bpos:208.9,Bstd:35.4,StrandBias:10.0,Multiplicity:1.51
0.001	0.001	0.997	0.001
0.001	0.001	0.997	0.001
0.001	0.136	0.001	0.862
0.001	0.997	0.001	0.001
0.234	0.001	0.628	0.137
0.001	0.001	0.997	0.001
0.001	0.001	0.997	0.001
0.371	0.001	0.627	0.001
0.136	0.001	0.862	0.001
0.136	0.862	0.001	0.001
0.001	0.233	0.001	0.765
0.001	0.997	0.001	0.001
>CCTGGTTAATYA	15-CCTGGTTAATYA	7.177659	-164.781223	0	T:68.0(100.00%),B:2.6(0.88%),P:1e-71	Tpos:261.1,Tstd:66.9,Bpos:317.2,Bstd:79.2,StrandBias:1.8,Multiplicity:2.41
0.024	0.599	0.376	0.001
0.001	0.987	0.011	0.001
0.400	0.001	0.001	0.598
0.086	0.004	0.837	0.073
0.001	0.001	0.997	0.001
0.002	0.001	0.374	0.623
0.001	0.001	0.001	0.997
0.987	0.001	0.001	0.011
0.997	0.001	0.001	0.001
0.001	0.388	0.001	0.610
0.175	0.376	0.001	0.448
0.987	0.001	0.011	0.001
>AAAGTTCAAATG	16-AAAGTTCAAATG	7.312044	-161.866287	0	T:66.0(97.06%),B:0.7(0.22%),P:1e-70	Tpos:57.0,Tstd:0.0,Bpos:442.4,Bstd:12.8,StrandBias:10.0,Multiplicity:1.00
0.997	0.001	0.001	0.001
0.997	0.001	0.001	0.001
0.997	0.001	0.001	0.001
0.001	0.001	0.997	0.001
0.001	0.001	0.001	0.997
0.001	0.001	0.001	0.997
0.001	0.997	0.001	0.001
0.816	0.001	0.182	0.001
0.997	0.001	0.001	0.001
0.884	0.001	0.001	0.114
0.001	0.129	0.001	0.869
0.129	0.001	0.869	0.001
>GGTACCCCMATA	17-GGTACCCCMATA	8.789901	-161.617155	0	T:68.0(100.00%),B:3.4(1.13%),P:1e-70	Tpos:225.0,Tstd:93.0,Bpos:299.6,Bstd:76.5,StrandBias:0.0,Multiplicity:1.97
0.011	0.084	0.864	0.041
0.021	0.347	0.527	0.105
0.224	0.199	0.073	0.504
0.697	0.114	0.084	0.105
0.094	0.759	0.106	0.041
0.073	0.792	0.094	0.041
0.085	0.870	0.001	0.044
0.052	0.819	0.043	0.086
0.525	0.380	0.010	0.085
0.705	0.075	0.125	0.095
0.095	0.296	0.095	0.514
0.556	0.158	0.031	0.255
>CYRGBCAGGKGK	18-CYRGBCAGGKGK	8.718071	-155.973202	0	T:67.0(98.53%),B:3.5(1.17%),P:1e-67	Tpos:353.5,Tstd:56.3,Bpos:343.1,Bstd:63.6,StrandBias:10.0,Multiplicity:2.37
0.232	0.705	0.025	0.038
0.030	0.449	0.029	0.492
0.497	0.017	0.372	0.115
0.017	0.001	0.748	0.234
0.046	0.354	0.240	0.360
0.237	0.729	0.017	0.017
0.774	0.033	0.184	0.009
0.025	0.021	0.736	0.218
0.012	0.043	0.881	0.064
0.051	0.046	0.441	0.462
0.055	0.227	0.689	0.029
0.025	0.242	0.415	0.317
>TTATTCCGGKCG	19-TTATTCCGGKCG	10.639903	-154.148478	0	T:66.0(97.06%),B:2.5(0.85%),P:1e-66	Tpos:280.6,Tstd:80.2,Bpos:301.4,Bstd:166.2,StrandBias:10.0,Multiplicity:1.08
0.001	0.001	0.397	0.601
0.001	0.001	0.001	0.997
0.997	0.001	0.001	0.001
0.001	0.001	0.001	0.997
0.397	0.001	0.001	0.601
0.001	0.997	0.001	0.001
0.131	0.737	0.001	0.131
0.001	0.001	0.997	0.001
0.001	0.398	0.600	0.001
0.131	0.131	0.397	0.340
0.405	0.593	0.001	0.001
0.001	0.001	0.601	0.397
>GCRGAAMWGATT	20-GCRGAAMWGATT	9.189850	-153.081360	0	T:65.0(95.59%),B:1.1(0.37%),P:1e-66	Tpos:407.1,Tstd:2.0,Bpos:38.0,Bstd:0.0,StrandBias:-0.1,Multiplicity:1.00
0.290	0.012	0.482	0.216
0.057	0.597	0.056	0.290
0.403	0.019	0.350	0.229
0.006	0.013	0.826	0.155
0.578	0.359	0.038	0.025
0.890	0.012	0.092	0.006
0.333	0.414	0.246	0.006
0.443	0.031	0.025	0.501
0.006	0.236	0.542	0.216
0.675	0.012	0.282	0.031
0.006	0.167	0.327	0.499
0.001	0.006	0.037	0.956
>TTTGGTTATCCT	21-TTTGGTTATCCT	6.389744	-130.554728	0	T:58.0(85.29%),B:1.0(0.32%),P:1e-56	Tpos:162.0,Tstd:0.0,Bpos:424.5,Bstd:2.4,StrandBias:10.0,Multiplicity:1.00
0.001	0.001	0.001	0.997
0.001	0.001	0.038	0.960
0.001	0.001	0.001	0.997
0.001	0.001	0.997	0.001
0.001	0.001	0.997	0.001
0.001	0.038	0.001	0.960
0.001	0.001	0.001	0.997
0.997	0.001	0.001	0.001
0.001	0.001	0.001	0.997
0.001	0.960	0.001	0.038
0.001	0.997	0.001	0.001
0.001	0.001	0.001	0.997
>KAWSGCTMACAA	22-KAWSGCTMACAA	8.442312	-125.255853	0	T:61.0(89.71%),B:5.1(1.70%),P:1e-54	Tpos:154.7,Tstd:39.4,Bpos:130.9,Bstd:89.7,StrandBias:10.0,Multiplicity:1.84
0.168	0.155	0.263	0.413
0.708	0.254	0.019	0.019
0.471	0.029	0.086	0.414
0.184	0.355	0.297	0.165
0.009	0.001	0.885	0.105
0.245	0.538	0.165	0.052
0.023	0.028	0.096	0.853
0.519	0.414	0.038	0.029
0.944	0.009	0.009	0.038
0.174	0.798	0.019	0.009
0.616	0.343	0.032	0.009
0.658	0.110	0.213	0.019
>TCSTCCATGGGC	23-TCSTCCATGGGC	10.704228	-113.701897	0	T:56.0(82.35%),B:3.5(1.17%),P:1e-49	Tpos:18.0,Tstd:0.0,Bpos:370.0,Bstd:0.0,StrandBias:10.0,Multiplicity:1.00
0.001	0.001	0.001	0.997
0.001	0.997	0.001	0.001
0.001	0.385	0.385	0.228
0.001	0.001	0.001	0.997
0.001	0.997	0.001	0.001
0.001	0.997	0.001	0.001
0.997	0.001	0.001	0.001
0.001	0.001	0.001	0.997
0.001	0.001	0.997	0.001
0.001	0.001	0.997	0.001
0.001	0.001	0.997	0.001
0.001	0.986	0.001	0.012
>CTGAACATGTTT	24-CTGAACATGTTT	9.564185	-65.634604	0	T:34.0(50.00%),B:0.0(0.00%),P:1e-28	Tpos:44.0,Tstd:0.0,Bpos:0.0,Bstd:0.0,StrandBias:-10.0,Multiplicity:1.00
0.053	0.913	0.001	0.033
0.019	0.001	0.033	0.947
0.019	0.033	0.947	0.001
0.997	0.001	0.001	0.001
0.997	0.001	0.001	0.001
0.001	0.997	0.001	0.001
0.966	0.001	0.032	0.001
0.033	0.001	0.001	0.965
0.001	0.001	0.997	0.001
0.001	0.001	0.001	0.997
0.001	0.001	0.001	0.997
0.001	0.052	0.001	0.946
>TTYACTCACTTC	25-TTYACTCACTTC	12.942168	-48.300868	0	T:26.0(38.24%),B:0.0(0.00%),P:1e-20	Tpos:492.0,Tstd:0.0,Bpos:0.0,Bstd:0.0,StrandBias:10.0,Multiplicity:1.00
0.001	0.001	0.001	0.997
0.038	0.289	0.019	0.654
0.001	0.431	0.011	0.557
0.997	0.001	0.001	0.001
0.277	0.654	0.001	0.068
0.315	0.001	0.019	0.665
0.001	0.683	0.315	0.001
0.665	0.001	0.315	0.019
0.001	0.980	0.018	0.001
0.037	0.001	0.001	0.961
0.001	0.307	0.001	0.691
0.289	0.691	0.019	0.001
