>CAGGYKTTTR	1-CAGGYKTTTR	10.797750	-172.570677	0	T:68.0(100.00%),B:0.0(0.00%),P:1e-74	Tpos:302.0,Tstd:0.0,Bpos:0.0,Bstd:0.0,StrandBias:10.0,Multiplicity:1.00
0.105	0.869	0.001	0.025
0.997	0.001	0.001	0.001
0.417	0.001	0.581	0.001
0.024	0.001	0.974	0.001
0.001	0.442	0.001	0.556
0.001	0.156	0.430	0.413
0.001	0.001	0.001	0.997
0.002	0.001	0.121	0.876
0.001	0.001	0.001	0.997
0.429	0.001	0.457	0.114
>ACACWATWGT	2-ACACWATWGT	9.514273	-172.570677	0	T:68.0(100.00%),B:0.4(0.12%),P:1e-74	Tpos:381.0,Tstd:102.9,Bpos:473.0,Bstd:0.0,StrandBias:1.1,Multiplicity:1.75
0.997	0.001	0.001	0.001
0.001	0.997	0.001	0.001
0.997	0.001	0.001	0.001
0.001	0.997	0.001	0.001
0.519	0.001	0.045	0.435
0.949	0.049	0.001	0.001
0.001	0.001	0.001	0.997
0.435	0.045	0.001	0.519
0.001	0.001	0.997	0.001
0.001	0.001	0.001	0.997
>TYGCTGCCKG	3-TYGCTGCCKG	11.278259	-172.570677	0	T:68.0(100.00%),B:0.5(0.17%),P:1e-74	Tpos:422.0,Tstd:8.0,Bpos:403.0,Bstd:0.0,StrandBias:10.0,Multiplicity:1.91
0.001	0.001	0.001	0.997
0.001	0.493	0.001	0.505
0.090	0.001	0.908	0.001
0.409	0.589	0.001	0.001
0.001	0.001	0.001	0.997
0.001	0.001	0.997	0.001
0.001	0.997	0.001	0.001
0.001	0.997	0.001	0.001
0.001	0.001	0.493	0.505
0.001	0.001	0.589	0.409
>TCCCATCGAT	4-TCCCATCGAT	6.784174	-172.570677	0	T:68.0(100.00%),B:0.9(0.29%),P:1e-74	Tpos:379.4,Tstd:99.9,Bpos:226.1,Bstd:91.5,StrandBias:10.0,Multiplicity:2.62
0.001	0.001	0.070	0.928
0.001	0.997	0.001	0.001
0.001	0.928	0.001	0.070
0.001	0.815	0.001	0.183
0.997	0.001	0.001	0.001
0.001	0.001	0.001	0.997
0.001	0.997	0.001	0.001
0.001	0.041	0.957	0.001
0.997	0.001	0.001	0.001
0.001	0.001	0.001	0.997
>CCCCCACTGG	5-CCCCCACTGG	11.563362	-172.570677	0	T:68.0(100.00%),B:0.0(0.00%),P:1e-74	Tpos:321.0,Tstd:0.0,Bpos:0.0,Bstd:0.0,StrandBias:10.0,Multiplicity:1.00
0.001	0.997	0.001	0.001
0.315	0.683	0.001	0.001
0.315	0.683	0.001	0.001
0.001	0.997	0.001	0.001
0.315	0.683	0.001	0.001
0.997	0.001	0.001	0.001
0.001	0.683	0.315	0.001
0.001	0.315	0.001	0.683
0.315	0.001	0.683	0.001
0.001	0.001	0.997	0.001
>TGGGGCCTGG	6-TGGGGCCTGG	10.296193	-172.570677	0	T:68.0(100.00%),B:0.0(0.00%),P:1e-74	Tpos:332.0,Tstd:0.0,Bpos:0.0,Bstd:0.0,StrandBias:10.0,Multiplicity:1.00
0.100	0.100	0.100	0.700
0.100	0.100	0.700	0.100
0.100	0.100	0.700	0.100
0.100	0.100	0.700	0.100
0.100	0.100	0.700	0.100
0.100	0.700	0.100	0.100
0.100	0.700	0.100	0.100
0.100	0.100	0.100	0.700
0.100	0.100	0.700	0.100
0.100	0.100	0.700	0.100
>TAATWATTMM	7-TAATWATTMM	10.490851	-168.336571	0	T:68.0(100.00%),B:1.3(0.42%),P:1e-73	Tpos:291.3,Tstd:47.2,Bpos:329.2,Bstd:72.4,StrandBias:0.2,Multiplicity:2.53
0.001	0.007	0.001	0.991
0.564	0.042	0.001	0.393
0.991	0.007	0.001	0.001
0.007	0.001	0.001	0.991
0.452	0.042	0.042	0.464
0.991	0.001	0.001	0.007
0.001	0.001	0.007	0.991
0.001	0.001	0.001	0.997
0.563	0.435	0.001	0.001
0.320	0.454	0.173	0.052
>CCAAAGGTTT	8-CCAAAGGTTT	12.791745	-166.873584	0	T:67.0(98.53%),B:0.0(0.00%),P:1e-72	Tpos:91.0,Tstd:0.0,Bpos:0.0,Bstd:0.0,StrandBias:-10.0,Multiplicity:1.00
0.001	0.997	0.001	0.001
0.001	0.997	0.001	0.001
0.997	0.001	0.001	0.001
0.987	0.001	0.011	0.001
0.997	0.001	0.001	0.001
0.001	0.001	0.997	0.001
0.001	0.001	0.997	0.001
0.001	0.391	0.001	0.607
0.001	0.001	0.001	0.997
0.414	0.001	0.001	0.584
>TCTCAGGTCT	9-TCTCAGGTCT	10.522992	-166.873584	0	T:67.0(98.53%),B:0.0(0.00%),P:1e-72	Tpos:86.2,Tstd:24.4,Bpos:0.0,Bstd:0.0,StrandBias:10.0,Multiplicity:1.42
0.001	0.001	0.001	0.997
0.119	0.879	0.001	0.001
0.346	0.001	0.001	0.652
0.001	0.997	0.001	0.001
0.997	0.001	0.001	0.001
0.001	0.001	0.997	0.001
0.001	0.001	0.997	0.001
0.001	0.001	0.001	0.997
0.001	0.879	0.001	0.119
0.001	0.001	0.001	0.997
>GTTKTTGTGG	10-GTTKTTGTGG	7.642292	-166.873584	0	T:67.0(98.53%),B:0.0(0.00%),P:1e-72	Tpos:37.0,Tstd:0.0,Bpos:0.0,Bstd:0.0,StrandBias:-10.0,Multiplicity:1.00
0.006	0.011	0.719	0.264
0.255	0.202	0.030	0.513
0.020	0.010	0.001	0.969
0.030	0.001	0.514	0.455
0.010	0.286	0.197	0.507
0.259	0.237	0.001	0.503
0.254	0.010	0.498	0.238
0.005	0.249	0.010	0.736
0.010	0.284	0.446	0.260
0.016	0.284	0.503	0.197
>CTCCTTYYAC	11-CTCCTTYYAC	12.252824	-166.873584	0	T:67.0(98.53%),B:0.4(0.13%),P:1e-72	Tpos:239.0,Tstd:105.9,Bpos:87.0,Bstd:0.0,StrandBias:0.4,Multiplicity:1.70
0.001	0.997	0.001	0.001
0.001	0.001	0.001	0.997
0.001	0.997	0.001	0.001
0.001	0.997	0.001	0.001
0.001	0.001	0.001	0.997
0.001	0.001	0.001	0.997
0.001	0.447	0.001	0.551
0.001	0.458	0.001	0.540
0.997	0.001	0.001	0.001
0.001	0.997	0.001	0.001
>CTTTGTCCSC	12-CTTTGTCCSC	13.122626	-166.873584	0	T:67.0(98.53%),B:0.0(0.00%),P:1e-72	Tpos:245.7,Tstd:25.5,Bpos:0.0,Bstd:0.0,StrandBias:10.0,Multiplicity:1.99
0.001	0.997	0.001	0.001
0.001	0.001	0.001	0.997
0.001	0.001	0.001	0.997
0.001	0.001	0.001	0.997
0.001	0.001	0.997	0.001
0.001	0.001	0.001	0.997
0.001	0.997	0.001	0.001
0.001	0.997	0.001	0.001
0.001	0.504	0.494	0.001
0.001	0.989	0.001	0.009
>GGAAAWTTCT	13-GGAAAWTTCT	11.647869	-164.781223	0	T:68.0(100.00%),B:2.7(0.90%),P:1e-71	Tpos:58.6,Tstd:47.5,Bpos:149.0,Bstd:0.0,StrandBias:6.0,Multiplicity:1.87
0.001	0.050	0.872	0.077
0.001	0.001	0.997	0.001
0.980	0.018	0.001	0.001
0.997	0.001	0.001	0.001
0.850	0.130	0.001	0.019
0.482	0.038	0.001	0.479
0.019	0.348	0.001	0.632
0.001	0.001	0.001	0.997
0.001	0.931	0.001	0.067
0.001	0.021	0.001	0.977
>YGCGTTSACR	14-YGCGTTSACR	7.731365	-159.119752	0	T:67.0(98.53%),B:2.4(0.79%),P:1e-69	Tpos:453.8,Tstd:4.5,Bpos:208.9,Bstd:68.7,StrandBias:10.0,Multiplicity:1.81
0.194	0.287	0.159	0.360
0.001	0.076	0.759	0.164
0.175	0.697	0.055	0.073
0.113	0.017	0.677	0.193
0.063	0.152	0.046	0.739
0.025	0.001	0.184	0.790
0.145	0.337	0.485	0.033
0.525	0.021	0.171	0.283
0.052	0.746	0.018	0.184
0.426	0.035	0.509	0.030
>TCACSGAWCT	15-TCACSGAWCT	8.950382	-157.261117	0	T:65.0(95.59%),B:0.7(0.24%),P:1e-68	Tpos:405.6,Tstd:16.8,Bpos:177.7,Bstd:65.1,StrandBias:10.0,Multiplicity:1.05
0.001	0.001	0.001	0.997
0.081	0.740	0.001	0.178
0.580	0.178	0.241	0.001
0.001	0.997	0.001	0.001
0.178	0.358	0.463	0.001
0.001	0.001	0.820	0.178
0.602	0.001	0.219	0.178
0.284	0.179	0.179	0.358
0.001	0.641	0.001	0.357
0.001	0.001	0.001	0.997
>CTATCGCTCA	16-CTATCGCTCA	7.480074	-154.148478	0	T:66.0(97.06%),B:2.4(0.80%),P:1e-66	Tpos:203.2,Tstd:37.7,Bpos:308.8,Bstd:86.8,StrandBias:10.0,Multiplicity:1.05
0.001	0.997	0.001	0.001
0.001	0.013	0.001	0.985
0.613	0.001	0.001	0.385
0.001	0.001	0.001	0.997
0.385	0.573	0.001	0.041
0.001	0.001	0.997	0.001
0.001	0.613	0.385	0.001
0.001	0.385	0.001	0.613
0.001	0.997	0.001	0.001
0.997	0.001	0.001	0.001
>TGGCATAGAA	17-TGGCATAGAA	5.278947	-153.533456	0	T:68.0(100.00%),B:6.5(2.18%),P:1e-66	Tpos:181.2,Tstd:103.2,Bpos:364.5,Bstd:71.7,StrandBias:-0.6,Multiplicity:2.44
0.001	0.163	0.001	0.835
0.088	0.001	0.910	0.001
0.001	0.001	0.997	0.001
0.001	0.923	0.001	0.075
0.997	0.001	0.001	0.001
0.001	0.001	0.001	0.997
0.910	0.001	0.088	0.001
0.001	0.163	0.835	0.001
0.997	0.001	0.001	0.001
0.997	0.001	0.001	0.001
>AGGTWACCCW	18-AGGTWACCCW	9.814600	-153.081360	0	T:65.0(95.59%),B:1.3(0.45%),P:1e-66	Tpos:144.6,Tstd:14.0,Bpos:308.8,Bstd:26.6,StrandBias:-0.8,Multiplicity:1.55
0.453	0.001	0.284	0.262
0.010	0.042	0.947	0.001
0.001	0.001	0.990	0.008
0.001	0.001	0.314	0.684
0.466	0.008	0.001	0.525
0.585	0.413	0.001	0.001
0.001	0.997	0.001	0.001
0.001	0.936	0.008	0.055
0.001	0.724	0.001	0.274
0.462	0.001	0.003	0.534
>TCCATGGGAG	19-TCCATGGGAG	8.780236	-152.940301	0	T:64.0(94.12%),B:0.6(0.19%),P:1e-66	Tpos:20.0,Tstd:0.0,Bpos:468.0,Bstd:0.0,StrandBias:10.0,Multiplicity:1.00
0.001	0.001	0.001	0.997
0.001	0.997	0.001	0.001
0.001	0.997	0.001	0.001
0.997	0.001	0.001	0.001
0.001	0.001	0.001	0.997
0.001	0.001	0.997	0.001
0.001	0.001	0.997	0.001
0.001	0.001	0.997	0.001
0.627	0.354	0.018	0.001
0.001	0.001	0.645	0.353
>RCMCACTYMC	20-RCMCACTYMC	6.253732	-148.910587	0	T:68.0(100.00%),B:8.3(2.79%),P:1e-64	Tpos:296.1,Tstd:205.8,Bpos:356.0,Bstd:173.9,StrandBias:10.0,Multiplicity:1.87
0.467	0.001	0.531	0.001
0.001	0.997	0.001	0.001
0.460	0.534	0.001	0.005
0.001	0.997	0.001	0.001
0.997	0.001	0.001	0.001
0.001	0.997	0.001	0.001
0.001	0.001	0.001	0.997
0.001	0.532	0.001	0.466
0.534	0.464	0.001	0.001
0.001	0.997	0.001	0.001
>GCTTTSATGC	21-GCTTTSATGC	10.160226	-146.764006	0	T:68.0(100.00%),B:9.6(3.24%),P:1e-63	Tpos:185.3,Tstd:14.7,Bpos:274.8,Bstd:194.5,StrandBias:0.5,Multiplicity:1.69
0.001	0.001	0.997	0.001
0.001	0.997	0.001	0.001
0.001	0.001	0.001	0.997
0.001	0.001	0.001	0.997
0.001	0.001	0.408	0.590
0.120	0.408	0.470	0.001
0.590	0.001	0.001	0.408
0.001	0.001	0.001	0.997
0.001	0.001	0.997	0.001
0.001	0.601	0.001	0.397
>AWBGGAAAGT	22-AWBGGAAAGT	8.009025	-137.347893	0	T:62.0(91.18%),B:2.7(0.90%),P:1e-59	Tpos:212.0,Tstd:161.0,Bpos:170.4,Bstd:81.3,StrandBias:0.0,Multiplicity:1.68
0.510	0.137	0.064	0.289
0.464	0.093	0.024	0.419
0.001	0.381	0.260	0.358
0.337	0.018	0.603	0.042
0.176	0.112	0.637	0.075
0.916	0.037	0.001	0.046
0.805	0.075	0.037	0.083
0.846	0.068	0.061	0.025
0.133	0.221	0.603	0.043
0.155	0.028	0.047	0.770
>AGGATAACCA	23-AGGATAACCA	7.219989	-133.615006	0	T:61.0(89.71%),B:2.9(0.98%),P:1e-58	Tpos:137.8,Tstd:21.3,Bpos:129.9,Bstd:56.3,StrandBias:0.4,Multiplicity:1.12
0.997	0.001	0.001	0.001
0.001	0.069	0.929	0.001
0.001	0.001	0.997	0.001
0.838	0.160	0.001	0.001
0.069	0.001	0.001	0.929
0.929	0.035	0.001	0.035
0.894	0.001	0.070	0.035
0.001	0.997	0.001	0.001
0.126	0.838	0.035	0.001
0.839	0.035	0.091	0.035
>AAKATTTTVC	24-AAKATTTTVC	8.307124	-100.340310	0	T:48.0(70.59%),B:0.0(0.00%),P:1e-43	Tpos:171.9,Tstd:71.6,Bpos:0.0,Bstd:0.0,StrandBias:4.3,Multiplicity:1.00
0.997	0.001	0.001	0.001
0.680	0.152	0.005	0.163
0.167	0.001	0.365	0.467
0.624	0.212	0.001	0.163
0.001	0.151	0.001	0.847
0.151	0.316	0.001	0.532
0.001	0.012	0.188	0.799
0.151	0.047	0.001	0.801
0.315	0.343	0.303	0.039
0.001	0.811	0.001	0.187
>DAWCGATCGT	25-DAWCGATCGT	8.285032	-51.154398	0	T:37.0(54.41%),B:10.0(3.37%),P:1e-22	Tpos:334.0,Tstd:125.8,Bpos:259.5,Bstd:150.3,StrandBias:0.1,Multiplicity:1.33
0.243	0.001	0.384	0.372
0.817	0.091	0.001	0.091
0.541	0.001	0.001	0.457
0.001	0.971	0.001	0.027
0.057	0.005	0.910	0.028
0.971	0.027	0.001	0.001
0.085	0.005	0.028	0.882
0.005	0.910	0.028	0.057
0.028	0.085	0.886	0.001
0.388	0.001	0.001	0.610
>GAAGAAATTTCC	1-GAAGAAATTTCC	10.420394	-172.570677	0	T:68.0(100.00%),B:0.0(0.00%),P:1e-74	Tpos:198.1,Tstd:143.7,Bpos:0.0,Bstd:0.0,StrandBias:-0.6,Multiplicity:2.06
0.001	0.001	0.727	0.271
0.726	0.045	0.180	0.049
0.705	0.269	0.023	0.003
0.001	0.001	0.997	0.001
0.997	0.001	0.001	0.001
0.997	0.001	0.001	0.001
0.705	0.249	0.001	0.045
0.010	0.001	0.012	0.977
0.021	0.001	0.001	0.977
0.001	0.001	0.001	0.997
0.001	0.996	0.001	0.002
0.001	0.704	0.022	0.273
>CADGTTTTTGCC	2-CADGTTTTTGCC	11.850480	-172.570677	0	T:68.0(100.00%),B:0.0(0.00%),P:1e-74	Tpos:133.3,Tstd:67.4,Bpos:0.0,Bstd:0.0,StrandBias:10.0,Multiplicity:1.72
0.001	0.997	0.001	0.001
0.997	0.001	0.001	0.001
0.358	0.009	0.374	0.259
0.001	0.001	0.997	0.001
0.001	0.352	0.001	0.646
0.001	0.364	0.023	0.612
0.001	0.008	0.001	0.990
0.001	0.001	0.003	0.995
0.001	0.008	0.001	0.990
0.361	0.001	0.637	0.001
0.001	0.726	0.001	0.272
0.004	0.719	0.009	0.268
>RBARGTGTGTGW	3-RBARGTGTGTGW	10.167450	-172.570677	0	T:68.0(100.00%),B:0.0(0.00%),P:1e-74	Tpos:258.0,Tstd:0.0,Bpos:0.0,Bstd:0.0,StrandBias:-10.0,Multiplicity:1.00
0.306	0.200	0.386	0.109
0.171	0.369	0.237	0.222
0.817	0.045	0.131	0.007
0.399	0.204	0.352	0.045
0.255	0.015	0.569	0.161
0.196	0.041	0.011	0.752
0.018	0.041	0.784	0.157
0.037	0.011	0.060	0.892
0.030	0.007	0.603	0.360
0.048	0.124	0.045	0.783
0.145	0.112	0.728	0.015
0.379	0.203	0.007	0.410
>SCGYYSTCRGCR	4-SCGYYSTCRGCR	11.034690	-172.570677	0	T:68.0(100.00%),B:0.0(0.00%),P:1e-74	Tpos:365.2,Tstd:86.5,Bpos:0.0,Bstd:0.0,StrandBias:10.0,Multiplicity:1.96
0.001	0.477	0.521	0.001
0.001	0.997	0.001	0.001
0.001	0.001	0.997	0.001
0.001	0.477	0.001	0.521
0.001	0.477	0.001	0.521
0.098	0.423	0.478	0.001
0.001	0.001	0.001	0.997
0.001	0.997	0.001	0.001
0.477	0.001	0.521	0.001
0.001	0.001	0.997	0.001
0.001	0.997	0.001	0.001
0.477	0.001	0.521	0.001
>TGCGTAGCTCGC	5-TGCGTAGCTCGC	10.409522	-172.570677	0	T:68.0(100.00%),B:0.0(0.00%),P:1e-74	Tpos:423.0,Tstd:0.0,Bpos:0.0,Bstd:0.0,StrandBias:10.0,Multiplicity:1.00
0.100	0.100	0.100	0.700
0.100	0.100	0.700	0.100
0.100	0.700	0.100	0.100
0.100	0.100	0.700	0.100
0.100	0.100	0.100	0.700
0.700	0.100	0.100	0.100
0.100	0.100	0.700	0.100
0.100	0.700	0.100	0.100
0.100	0.100	0.100	0.700
0.100	0.700	0.100	0.100
0.100	0.100	0.700	0.100
0.100	0.700	0.100	0.100
>TCCAKGCCACAA	6-TCCAKGCCACAA	9.932089	-172.570677	0	T:68.0(100.00%),B:0.7(0.23%),P:1e-74	Tpos:80.7,Tstd:120.6,Bpos:373.0,Bstd:0.0,StrandBias:3.6,Multiplicity:1.18
0.053	0.001	0.343	0.603
0.106	0.732	0.161	0.001
0.130	0.594	0.001	0.275
0.997	0.001	0.001	0.001
0.001	0.053	0.430	0.516
0.214	0.106	0.679	0.001
0.001	0.675	0.001	0.323
0.001	0.997	0.001	0.001
0.515	0.323	0.161	0.001
0.053	0.893	0.053	0.001
0.515	0.001	0.323	0.161
0.675	0.001	0.323	0.001
>TTTGTCCCTGCT	7-TTTGTCCCTGCT	8.236715	-172.570677	0	T:68.0(100.00%),B:0.7(0.24%),P:1e-74	Tpos:222.0,Tstd:0.0,Bpos:322.3,Bstd:31.7,StrandBias:10.0,Multiplicity:1.00
0.001	0.001	0.001	0.997
0.001	0.001	0.001	0.997
0.001	0.001	0.001	0.997
0.001	0.001	0.997	0.001
0.001	0.001	0.001	0.997
0.385	0.613	0.001	0.001
0.001	0.997	0.001	0.001
0.001	0.997	0.001	0.001
0.001	0.228	0.001	0.770
0.001	0.001	0.995	0.003
0.001	0.997	0.001	0.001
0.004	0.386	0.060	0.550
>ATCGTGTGTTCT	8-ATCGTGTGTTCT	10.061413	-172.570677	0	T:68.0(100.00%),B:0.0(0.00%),P:1e-74	Tpos:469.7,Tstd:5.4,Bpos:0.0,Bstd:0.0,StrandBias:0.6,Multiplicity:1.62
0.613	0.001	0.385	0.001
0.001	0.001	0.001	0.997
0.006	0.596	0.001	0.397
0.001	0.001	0.997	0.001
0.001	0.001	0.001	0.997
0.198	0.001	0.800	0.001
0.001	0.001	0.001	0.997
0.001	0.001	0.788	0.210
0.001	0.011	0.211	0.777
0.001	0.001	0.001	0.997
0.001	0.997	0.001	0.001
0.199	0.011	0.001	0.789
>CCGTTASYCTYT	9-CCGTTASYCTYT	10.517439	-172.570677	0	T:68.0(100.00%),B:1.0(0.33%),P:1e-74	Tpos:117.0,Tstd:0.0,Bpos:423.9,Bstd:17.3,StrandBias:-10.0,Multiplicity:1.00
0.385	0.613	0.001	0.001
0.001	0.770	0.001	0.228
0.001	0.001	0.997	0.001
0.001	0.001	0.001	0.997
0.001	0.001	0.385	0.613
0.997	0.001	0.001	0.001
0.165	0.385	0.449	0.001
0.001	0.549	0.001	0.449
0.001	0.997	0.001	0.001
0.001	0.001	0.385	0.613
0.001	0.528	0.001	0.470
0.001	0.001	0.001	0.997
>WCACCBCTTCYC	10-WCACCBCTTCYC	9.244458	-168.336571	0	T:68.0(100.00%),B:1.8(0.60%),P:1e-73	Tpos:384.0,Tstd:0.0,Bpos:414.8,Bstd:7.4,StrandBias:10.0,Multiplicity:1.00
0.436	0.046	0.008	0.510
0.312	0.657	0.023	0.008
0.576	0.355	0.023	0.046
0.046	0.577	0.001	0.376
0.139	0.796	0.001	0.064
0.023	0.292	0.358	0.327
0.106	0.708	0.117	0.069
0.155	0.038	0.023	0.784
0.008	0.053	0.034	0.905
0.309	0.554	0.016	0.121
0.099	0.453	0.140	0.309
0.282	0.492	0.038	0.189
>TTTGATGCCTTT	11-TTTGATGCCTTT	11.727960	-166.873584	0	T:67.0(98.53%),B:0.0(0.00%),P:1e-72	Tpos:131.1,Tstd:62.5,Bpos:0.0,Bstd:0.0,StrandBias:1.0,Multiplicity:1.45
0.001	0.355	0.001	0.643
0.001	0.001	0.001	0.997
0.001	0.001	0.383	0.615
0.406	0.001	0.592	0.001
0.976	0.022	0.001	0.001
0.001	0.013	0.001	0.985
0.014	0.001	0.971	0.014
0.001	0.615	0.001	0.383
0.001	0.608	0.384	0.007
0.001	0.001	0.001	0.997
0.001	0.001	0.014	0.984
0.001	0.001	0.001	0.997
>CATCSWTTTACM	12-CATCSWTTTACM	9.093118	-166.873584	0	T:67.0(98.53%),B:0.5(0.18%),P:1e-72	Tpos:309.6,Tstd:169.4,Bpos:277.0,Bstd:19.3,StrandBias:10.0,Multiplicity:1.84
0.127	0.504	0.300	0.069
0.479	0.326	0.046	0.149
0.137	0.115	0.001	0.747
0.011	0.804	0.116	0.069
0.011	0.428	0.504	0.057
0.456	0.163	0.023	0.358
0.081	0.127	0.140	0.652
0.011	0.105	0.023	0.861
0.011	0.185	0.080	0.724
0.793	0.023	0.081	0.103
0.011	0.781	0.057	0.151
0.395	0.348	0.023	0.234
>CAAAGGTTTGTG	13-CAAAGGTTTGTG	9.410804	-166.873584	0	T:67.0(98.53%),B:0.4(0.14%),P:1e-72	Tpos:89.0,Tstd:0.0,Bpos:133.0,Bstd:0.0,StrandBias:-10.0,Multiplicity:1.00
0.001	0.997	0.001	0.001
0.955	0.001	0.043	0.001
0.997	0.001	0.001	0.001
0.997	0.001	0.001	0.001
0.001	0.054	0.944	0.001
0.001	0.033	0.944	0.022
0.001	0.001	0.001	0.997
0.001	0.001	0.001	0.997
0.001	0.021	0.001	0.977
0.001	0.001	0.955	0.043
0.001	0.001	0.054	0.944
0.056	0.001	0.942	0.001
>GGTCGGGGGCTC	14-GGTCGGGGGCTC	7.384996	-166.873584	0	T:67.0(98.53%),B:0.9(0.32%),P:1e-72	Tpos:158.8,Tstd:206.9,Bpos:208.9,Bstd:35.4,StrandBias:10.0,Multiplicity:1.51
0.001	0.001	0.997	0.001
0.001	0.001	0.997	0.001
0.001	0.136	0.001	0.862
0.001	0.997	0.001	0.001
0.234	0.001	0.628	0.137
0.001	0.001	0.997	0.001
0.001	0.001	0.997	0.001
0.371	0.001	0.627	0.001
0.136	0.001	0.862	0.001
0.136	0.862	0.001	0.001
0.001	0.233	0.001	0.765
0.001	0.997	0.001	0.001
>CCTGGTTAATYA	15-CCTGGTTAATYA	7.177659	-164.781223	0	T:68.0(100.00%),B:2.6(0.88%),P:1e-71	Tpos:261.1,Tstd:66.9,Bpos:317.2,Bstd:79.2,StrandBias:1.8,Multiplicity:2.41
0.024	0.599	0.376	0.001
0.001	0.987	0.011	0.001
0.400	0.001	0.001	0.598
0.086	0.004	0.837	0.073
0.001	0.001	0.997	0.001
0.002	0.001	0.374	0.623
0.001	0.001	0.001	0.997
0.987	0.001	0.001	0.011
0.997	0.001	0.001	0.001
0.001	0.388	0.001	0.610
0.175	0.376	0.001	0.448
0.987	0.001	0.011	0.001
>AAAGTTCAAATG	16-AAAGTTCAAATG	7.312044	-161.866287	0	T:66.0(97.06%),B:0.7(0.22%),P:1e-70	Tpos:57.0,Tstd:0.0,Bpos:442.4,Bstd:12.8,StrandBias:10.0,Multiplicity:1.00
0.997	0.001	0.001	0.001
0.997	0.001	0.001	0.001
0.997	0.001	0.001	0.001
0.001	0.001	0.997	0.001
0.001	0.001	0.001	0.997
0.001	0.001	0.001	0.997
0.001	0.997	0.001	0.001
0.816	0.001	0.182	0.001
0.997	0.001	0.001	0.001
0.884	0.001	0.001	0.114
0.001	0.129	0.001	0.869
0.129	0.001	0.869	0.001
>GGTACCCCMATA	17-GGTACCCCMATA	8.789901	-161.617155	0	T:68.0(100.00%),B:3.4(1.13%),P:1e-70	Tpos:225.0,Tstd:93.0,Bpos:299.6,Bstd:76.5,StrandBias:0.0,Multiplicity:1.97
0.011	0.084	0.864	0.041
0.021	0.347	0.527	0.105
0.224	0.199	0.073	0.504
0.697	0.114	0.084	0.105
0.094	0.759	0.106	0.041
0.073	0.792	0.094	0.041
0.085	0.870	0.001	0.044
0.052	0.819	0.043	0.086
0.525	0.380	0.010	0.085
0.705	0.075	0.125	0.095
0.095	0.296	0.095	0.514
0.556	0.158	0.031	0.255
>CYRGBCAGGKGK	18-CYRGBCAGGKGK	8.718071	-155.973202	0	T:67.0(98.53%),B:3.5(1.17%),P:1e-67	Tpos:353.5,Tstd:56.3,Bpos:343.1,Bstd:63.6,StrandBias:10.0,Multiplicity:2.37
0.232	0.705	0.025	0.038
0.030	0.449	0.029	0.492
0.497	0.017	0.372	0.115
0.017	0.001	0.748	0.234
0.046	0.354	0.240	0.360
0.237	0.729	0.017	0.017
0.774	0.033	0.184	0.009
0.025	0.021	0.736	0.218
0.012	0.043	0.881	0.064
0.051	0.046	0.441	0.462
0.055	0.227	0.689	0.029
0.025	0.242	0.415	0.317
>TTATTCCGGKCG	19-TTATTCCGGKCG	10.639903	-154.148478	0	T:66.0(97.06%),B:2.5(0.85%),P:1e-66	Tpos:280.6,Tstd:80.2,Bpos:301.4,Bstd:166.2,StrandBias:10.0,Multiplicity:1.08
0.001	0.001	0.397	0.601
0.001	0.001	0.001	0.997
0.997	0.001	0.001	0.001
0.001	0.001	0.001	0.997
0.397	0.001	0.001	0.601
0.001	0.997	0.001	0.001
0.131	0.737	0.001	0.131
0.001	0.001	0.997	0.001
0.001	0.398	0.600	0.001
0.131	0.131	0.397	0.340
0.405	0.593	0.001	0.001
0.001	0.001	0.601	0.397
>GCRGAAMWGATT	20-GCRGAAMWGATT	9.189850	-153.081360	0	T:65.0(95.59%),B:1.1(0.37%),P:1e-66	Tpos:407.1,Tstd:2.0,Bpos:38.0,Bstd:0.0,StrandBias:-0.1,Multiplicity:1.00
0.290	0.012	0.482	0.216
0.057	0.597	0.056	0.290
0.403	0.019	0.350	0.229
0.006	0.013	0.826	0.155
0.578	0.359	0.038	0.025
0.890	0.012	0.092	0.006
0.333	0.414	0.246	0.006
0.443	0.031	0.025	0.501
0.006	0.236	0.542	0.216
0.675	0.012	0.282	0.031
0.006	0.167	0.327	0.499
0.001	0.006	0.037	0.956
>TTTGGTTATCCT	21-TTTGGTTATCCT	6.389744	-130.554728	0	T:58.0(85.29%),B:1.0(0.32%),P:1e-56	Tpos:162.0,Tstd:0.0,Bpos:424.5,Bstd:2.4,StrandBias:10.0,Multiplicity:1.00
0.001	0.001	0.001	0.997
0.001	0.001	0.038	0.960
0.001	0.001	0.001	0.997
0.001	0.001	0.997	0.001
0.001	0.001	0.997	0.001
0.001	0.038	0.001	0.960
0.001	0.001	0.001	0.997
0.997	0.001	0.001	0.001
0.001	0.001	0.001	0.997
0.001	0.960	0.001	0.038
0.001	0.997	0.001	0.001
0.001	0.001	0.001	0.997
>KAWSGCTMACAA	22-KAWSGCTMACAA	8.442312	-125.255853	0	T:61.0(89.71%),B:5.1(1.70%),P:1e-54	Tpos:154.7,Tstd:39.4,Bpos:130.9,Bstd:89.7,StrandBias:10.0,Multiplicity:1.84
0.168	0.155	0.263	0.413
0.708	0.254	0.019	0.019
0.471	0.029	0.086	0.414
0.184	0.355	0.297	0.165
0.009	0.001	0.885	0.105
0.245	0.538	0.165	0.052
0.023	0.028	0.096	0.853
0.519	0.414	0.038	0.029
0.944	0.009	0.009	0.038
0.174	0.798	0.019	0.009
0.616	0.343	0.032	0.009
0.658	0.110	0.213	0.019
>TCSTCCATGGGC	23-TCSTCCATGGGC	10.704228	-113.701897	0	T:56.0(82.35%),B:3.5(1.17%),P:1e-49	Tpos:18.0,Tstd:0.0,Bpos:370.0,Bstd:0.0,StrandBias:10.0,Multiplicity:1.00
0.001	0.001	0.001	0.997
0.001	0.997	0.001	0.001
0.001	0.385	0.385	0.228
0.001	0.001	0.001	0.997
0.001	0.997	0.001	0.001
0.001	0.997	0.001	0.001
0.997	0.001	0.001	0.001
0.001	0.001	0.001	0.997
0.001	0.001	0.997	0.001
0.001	0.001	0.997	0.001
0.001	0.001	0.997	0.001
0.001	0.986	0.001	0.012
>CTGAACATGTTT	24-CTGAACATGTTT	9.564185	-65.634604	0	T:34.0(50.00%),B:0.0(0.00%),P:1e-28	Tpos:44.0,Tstd:0.0,Bpos:0.0,Bstd:0.0,StrandBias:-10.0,Multiplicity:1.00
0.053	0.913	0.001	0.033
0.019	0.001	0.033	0.947
0.019	0.033	0.947	0.001
0.997	0.001	0.001	0.001
0.997	0.001	0.001	0.001
0.001	0.997	0.001	0.001
0.966	0.001	0.032	0.001
0.033	0.001	0.001	0.965
0.001	0.001	0.997	0.001
0.001	0.001	0.001	0.997
0.001	0.001	0.001	0.997
0.001	0.052	0.001	0.946
>TTYACTCACTTC	25-TTYACTCACTTC	12.942168	-48.300868	0	T:26.0(38.24%),B:0.0(0.00%),P:1e-20	Tpos:492.0,Tstd:0.0,Bpos:0.0,Bstd:0.0,StrandBias:10.0,Multiplicity:1.00
0.001	0.001	0.001	0.997
0.038	0.289	0.019	0.654
0.001	0.431	0.011	0.557
0.997	0.001	0.001	0.001
0.277	0.654	0.001	0.068
0.315	0.001	0.019	0.665
0.001	0.683	0.315	0.001
0.665	0.001	0.315	0.019
0.001	0.980	0.018	0.001
0.037	0.001	0.001	0.961
0.001	0.307	0.001	0.691
0.289	0.691	0.019	0.001
>AATAATTA	1-AATAATTA	10.333584	-172.570677	0	T:68.0(100.00%),B:0.9(0.29%),P:1e-74	Tpos:293.7,Tstd:45.5,Bpos:247.3,Bstd:1.0,StrandBias:0.1,Multiplicity:1.87
0.997	0.001	0.001	0.001
0.997	0.001	0.001	0.001
0.001	0.001	0.001	0.997
0.618	0.001	0.001	0.380
0.997	0.001	0.001	0.001
0.001	0.001	0.001	0.997
0.225	0.001	0.001	0.773
0.997	0.001	0.001	0.001
>CAGGTGTT	2-CAGGTGTT	9.972501	-172.570677	0	T:68.0(100.00%),B:0.3(0.10%),P:1e-74	Tpos:301.0,Tstd:0.0,Bpos:26.0,Bstd:0.0,StrandBias:10.0,Multiplicity:1.00
0.001	0.997	0.001	0.001
0.577	0.001	0.421	0.001
0.001	0.001	0.577	0.421
0.001	0.001	0.997	0.001
0.001	0.001	0.001	0.997
0.001	0.001	0.997	0.001
0.001	0.001	0.001	0.997
0.001	0.001	0.001	0.997
>GSKGCCTG	3-GSKGCCTG	9.709890	-172.570677	0	T:68.0(100.00%),B:0.4(0.13%),P:1e-74	Tpos:332.0,Tstd:0.0,Bpos:125.0,Bstd:0.0,StrandBias:10.0,Multiplicity:1.00
0.001	0.001	0.997	0.001
0.001	0.492	0.506	0.001
0.001	0.001	0.506	0.492
0.001	0.001	0.997	0.001
0.001	0.997	0.001	0.001
0.001	0.997	0.001	0.001
0.001	0.001	0.001	0.997
0.001	0.001	0.997	0.001
>CAACAAAA	4-CAACAAAA	10.566796	-166.873584	0	T:67.0(98.53%),B:0.9(0.30%),P:1e-72	Tpos:37.0,Tstd:0.0,Bpos:284.0,Bstd:0.0,StrandBias:10.0,Multiplicity:1.00
0.001	0.997	0.001	0.001
0.997	0.001	0.001	0.001
0.997	0.001	0.001	0.001
0.001	0.997	0.001	0.001
0.997	0.001	0.001	0.001
0.605	0.393	0.001	0.001
0.997	0.001	0.001	0.001
0.997	0.001	0.001	0.001
>MCCASTGG	5-MCCASTGG	8.557975	-164.781223	0	T:68.0(100.00%),B:2.4(0.82%),P:1e-71	Tpos:322.0,Tstd:0.0,Bpos:270.5,Bstd:131.3,StrandBias:10.0,Multiplicity:1.00
0.430	0.487	0.082	0.001
0.001	0.851	0.001	0.147
0.001	0.997	0.001	0.001
0.997	0.001	0.001	0.001
0.001	0.568	0.430	0.001
0.230	0.001	0.001	0.768
0.001	0.333	0.665	0.001
0.333	0.001	0.665	0.001
>CGGAACTC	6-CGGAACTC	8.236954	-161.866287	0	T:66.0(97.06%),B:0.8(0.27%),P:1e-70	Tpos:404.0,Tstd:0.0,Bpos:260.5,Bstd:117.0,StrandBias:10.0,Multiplicity:1.00
0.100	0.700	0.100	0.100
0.100	0.100	0.700	0.100
0.100	0.100	0.700	0.100
0.700	0.100	0.100	0.100
0.700	0.100	0.100	0.100
0.100	0.700	0.100	0.100
0.100	0.100	0.100	0.700
0.100	0.700	0.100	0.100
>ACACACCT	7-ACACACCT	9.440320	-161.617155	0	T:68.0(100.00%),B:3.2(1.09%),P:1e-70	Tpos:345.7,Tstd:113.0,Bpos:169.5,Bstd:33.5,StrandBias:10.0,Multiplicity:1.59
0.997	0.001	0.001	0.001
0.301	0.697	0.001	0.001
0.997	0.001	0.001	0.001
0.297	0.701	0.001	0.001
0.997	0.001	0.001	0.001
0.001	0.997	0.001	0.001
0.001	0.599	0.001	0.399
0.001	0.001	0.001	0.997
>CCGGTCRG	8-CCGGTCRG	10.213656	-161.617155	0	T:68.0(100.00%),B:3.8(1.29%),P:1e-70	Tpos:396.0,Tstd:41.0,Bpos:282.1,Bstd:96.8,StrandBias:10.0,Multiplicity:1.82
0.001	0.997	0.001	0.001
0.001	0.997	0.001	0.001
0.001	0.001	0.997	0.001
0.001	0.001	0.997	0.001
0.001	0.001	0.001	0.997
0.001	0.997	0.001	0.001
0.425	0.001	0.573	0.001
0.001	0.001	0.997	0.001
>TTCCTATC	9-TTCCTATC	8.236954	-161.617155	0	T:68.0(100.00%),B:3.5(1.17%),P:1e-70	Tpos:389.0,Tstd:0.0,Bpos:167.8,Bstd:69.6,StrandBias:10.0,Multiplicity:1.00
0.100	0.100	0.100	0.700
0.100	0.100	0.100	0.700
0.100	0.700	0.100	0.100
0.100	0.700	0.100	0.100
0.100	0.100	0.100	0.700
0.700	0.100	0.100	0.100
0.100	0.100	0.100	0.700
0.100	0.700	0.100	0.100
>CTCGCGTT	10-CTCGCGTT	8.236954	-157.668206	0	T:66.0(97.06%),B:1.8(0.62%),P:1e-68	Tpos:446.0,Tstd:0.0,Bpos:319.3,Bstd:129.6,StrandBias:10.0,Multiplicity:1.00
0.100	0.700	0.100	0.100
0.100	0.100	0.100	0.700
0.100	0.700	0.100	0.100
0.100	0.100	0.700	0.100
0.100	0.700	0.100	0.100
0.100	0.100	0.700	0.100
0.100	0.100	0.100	0.700
0.100	0.100	0.100	0.700
>WCAGGTCT	11-WCAGGTCT	10.048273	-154.148478	0	T:66.0(97.06%),B:2.9(0.98%),P:1e-66	Tpos:71.0,Tstd:0.0,Bpos:362.2,Bstd:18.0,StrandBias:10.0,Multiplicity:1.00
0.471	0.006	0.001	0.522
0.001	0.997	0.001	0.001
0.997	0.001	0.001	0.001
0.001	0.001	0.997	0.001
0.001	0.001	0.997	0.001
0.001	0.001	0.001	0.997
0.001	0.688	0.006	0.305
0.001	0.001	0.001	0.997
>CTGCATGC	12-CTGCATGC	9.136956	-153.533456	0	T:68.0(100.00%),B:6.7(2.25%),P:1e-66	Tpos:327.2,Tstd:62.3,Bpos:251.0,Bstd:120.4,StrandBias:1.0,Multiplicity:1.93
0.001	0.671	0.001	0.327
0.342	0.001	0.001	0.656
0.001	0.001	0.997	0.001
0.001	0.997	0.001	0.001
0.671	0.327	0.001	0.001
0.001	0.001	0.001	0.997
0.001	0.001	0.997	0.001
0.001	0.997	0.001	0.001
>SCTTTTAC	13-SCTTTTAC	10.498393	-153.081360	0	T:65.0(95.59%),B:1.4(0.48%),P:1e-66	Tpos:148.0,Tstd:0.0,Bpos:341.4,Bstd:119.2,StrandBias:10.0,Multiplicity:1.00
0.001	0.565	0.433	0.001
0.001	0.997	0.001	0.001
0.001	0.001	0.001	0.997
0.001	0.001	0.001	0.997
0.001	0.001	0.001	0.997
0.001	0.001	0.001	0.997
0.997	0.001	0.001	0.001
0.001	0.997	0.001	0.001
>GAACTTTC	14-GAACTTTC	9.930577	-150.436290	0	T:67.0(98.53%),B:5.2(1.73%),P:1e-65	Tpos:174.8,Tstd:137.4,Bpos:245.5,Bstd:61.2,StrandBias:-1.1,Multiplicity:2.63
0.001	0.001	0.997	0.001
0.997	0.001	0.001	0.001
0.997	0.001	0.001	0.001
0.103	0.556	0.001	0.340
0.001	0.001	0.001	0.997
0.001	0.001	0.001	0.997
0.001	0.001	0.001	0.997
0.001	0.939	0.001	0.059
>GTGTGTTC	15-GTGTGTTC	8.236954	-149.579744	0	T:65.0(95.59%),B:2.9(0.96%),P:1e-64	Tpos:475.0,Tstd:0.0,Bpos:185.4,Bstd:22.6,StrandBias:10.0,Multiplicity:1.00
0.100	0.100	0.700	0.100
0.100	0.100	0.100	0.700
0.100	0.100	0.700	0.100
0.100	0.100	0.100	0.700
0.100	0.100	0.700	0.100
0.100	0.100	0.100	0.700
0.100	0.100	0.100	0.700
0.100	0.700	0.100	0.100
>CATCGATT	16-CATCGATT	10.665855	-148.839312	0	T:63.0(92.65%),B:0.4(0.12%),P:1e-64	Tpos:484.0,Tstd:0.0,Bpos:200.0,Bstd:0.0,StrandBias:10.0,Multiplicity:1.00
0.001	0.668	0.001	0.330
0.997	0.001	0.001	0.001
0.001	0.001	0.001	0.997
0.001	0.997	0.001	0.001
0.001	0.001	0.997	0.001
0.997	0.001	0.001	0.001
0.001	0.001	0.001	0.997
0.001	0.001	0.001	0.997
>TGCCTTTG	17-TGCCTTTG	10.920247	-147.940958	0	T:67.0(98.53%),B:7.0(2.35%),P:1e-64	Tpos:169.1,Tstd:11.4,Bpos:326.3,Bstd:125.2,StrandBias:10.0,Multiplicity:1.67
0.001	0.001	0.001	0.997
0.001	0.001	0.997	0.001
0.001	0.997	0.001	0.001
0.013	0.985	0.001	0.001
0.001	0.001	0.001	0.997
0.001	0.001	0.126	0.872
0.001	0.001	0.001	0.997
0.001	0.001	0.997	0.001
>CCTGCTTT	18-CCTGCTTT	8.236954	-146.468812	0	T:65.0(95.59%),B:3.9(1.30%),P:1e-63	Tpos:169.0,Tstd:0.0,Bpos:189.3,Bstd:108.3,StrandBias:10.0,Multiplicity:1.00
0.100	0.700	0.100	0.100
0.100	0.700	0.100	0.100
0.100	0.100	0.100	0.700
0.100	0.100	0.700	0.100
0.100	0.700	0.100	0.100
0.100	0.100	0.100	0.700
0.100	0.100	0.100	0.700
0.100	0.100	0.100	0.700
>CCTTTGGA	19-CCTTTGGA	10.454777	-143.351526	0	T:67.0(98.53%),B:8.9(2.99%),P:1e-62	Tpos:102.6,Tstd:9.0,Bpos:160.1,Bstd:103.8,StrandBias:0.1,Multiplicity:1.91
0.001	0.997	0.001	0.001
0.001	0.997	0.001	0.001
0.001	0.001	0.001	0.997
0.001	0.001	0.001	0.997
0.001	0.001	0.001	0.997
0.001	0.001	0.997	0.001
0.001	0.001	0.704	0.294
0.766	0.001	0.001	0.232
>CTTTGTCC	20-CTTTGTCC	10.597717	-139.183612	0	T:67.0(98.53%),B:10.6(3.57%),P:1e-60	Tpos:244.5,Tstd:25.5,Bpos:177.3,Bstd:176.6,StrandBias:10.0,Multiplicity:2.00
0.001	0.997	0.001	0.001
0.001	0.001	0.001	0.997
0.001	0.001	0.001	0.997
0.001	0.001	0.001	0.997
0.001	0.001	0.997	0.001
0.001	0.374	0.001	0.624
0.001	0.997	0.001	0.001
0.001	0.997	0.001	0.001
>CTCACAAA	21-CTCACAAA	8.361202	-134.348919	0	T:66.0(97.06%),B:10.0(3.37%),P:1e-58	Tpos:145.0,Tstd:57.0,Bpos:215.5,Bstd:220.2,StrandBias:10.0,Multiplicity:1.76
0.001	0.997	0.001	0.001
0.001	0.001	0.001	0.997
0.001	0.997	0.001	0.001
0.997	0.001	0.001	0.001
0.001	0.892	0.001	0.106
0.997	0.001	0.001	0.001
0.997	0.001	0.001	0.001
0.627	0.001	0.371	0.001
>GGCRTTGA	22-GGCRTTGA	9.943987	-129.918187	0	T:65.0(95.59%),B:10.6(3.55%),P:1e-56	Tpos:355.8,Tstd:182.4,Bpos:281.7,Bstd:109.0,StrandBias:1.7,Multiplicity:1.31
0.001	0.001	0.997	0.001
0.001	0.001	0.997	0.001
0.001	0.997	0.001	0.001
0.504	0.001	0.494	0.001
0.001	0.001	0.001	0.997
0.343	0.001	0.001	0.655
0.001	0.001	0.997	0.001
0.997	0.001	0.001	0.001
>CCATGGAA	23-CCATGGAA	10.941919	-129.841315	0	T:64.0(94.12%),B:8.8(2.97%),P:1e-56	Tpos:17.0,Tstd:0.0,Bpos:330.8,Bstd:111.7,StrandBias:-10.0,Multiplicity:1.00
0.001	0.959	0.039	0.001
0.001	0.997	0.001	0.001
0.959	0.039	0.001	0.001
0.001	0.001	0.001	0.997
0.001	0.001	0.997	0.001
0.001	0.001	0.974	0.024
0.974	0.001	0.024	0.001
0.997	0.001	0.001	0.001
>ASCGSTAT	24-ASCGSTAT	9.758236	-123.141189	0	T:58.0(85.29%),B:2.2(0.75%),P:1e-53	Tpos:190.0,Tstd:0.0,Bpos:370.0,Bstd:0.0,StrandBias:10.0,Multiplicity:1.00
0.997	0.001	0.001	0.001
0.001	0.521	0.477	0.001
0.001	0.997	0.001	0.001
0.001	0.001	0.997	0.001
0.001	0.521	0.477	0.001
0.011	0.001	0.001	0.987
0.997	0.001	0.001	0.001
0.001	0.001	0.001	0.997
>CGAGSTAC	25-CGAGSTAC	9.373281	-115.323355	0	T:64.0(94.12%),B:17.0(5.70%),P:1e-50	Tpos:291.6,Tstd:114.7,Bpos:247.2,Bstd:139.9,StrandBias:-10.0,Multiplicity:1.97
0.001	0.997	0.001	0.001
0.001	0.001	0.997	0.001
0.997	0.001	0.001	0.001
0.001	0.001	0.997	0.001
0.001	0.457	0.541	0.001
0.338	0.001	0.001	0.660
0.997	0.001	0.001	0.001
0.001	0.997	0.001	0.001
