>CAGGYKTTTR	1-CAGGYKTTTR	10.797750	-172.570677	0	T:68.0(100.00%),B:0.0(0.00%),P:1e-74	Tpos:302.0,Tstd:0.0,Bpos:0.0,Bstd:0.0,StrandBias:10.0,Multiplicity:1.00
0.105	0.869	0.001	0.025
0.997	0.001	0.001	0.001
0.417	0.001	0.581	0.001
0.024	0.001	0.974	0.001
0.001	0.442	0.001	0.556
0.001	0.156	0.430	0.413
0.001	0.001	0.001	0.997
0.002	0.001	0.121	0.876
0.001	0.001	0.001	0.997
0.429	0.001	0.457	0.114
>ACACWATWGT	2-ACACWATWGT	9.514273	-172.570677	0	T:68.0(100.00%),B:0.4(0.12%),P:1e-74	Tpos:381.0,Tstd:102.9,Bpos:473.0,Bstd:0.0,StrandBias:1.1,Multiplicity:1.75
0.997	0.001	0.001	0.001
0.001	0.997	0.001	0.001
0.997	0.001	0.001	0.001
0.001	0.997	0.001	0.001
0.519	0.001	0.045	0.435
0.949	0.049	0.001	0.001
0.001	0.001	0.001	0.997
0.435	0.045	0.001	0.519
0.001	0.001	0.997	0.001
0.001	0.001	0.001	0.997
>TYGCTGCCKG	3-TYGCTGCCKG	11.278259	-172.570677	0	T:68.0(100.00%),B:0.5(0.17%),P:1e-74	Tpos:422.0,Tstd:8.0,Bpos:403.0,Bstd:0.0,StrandBias:10.0,Multiplicity:1.91
0.001	0.001	0.001	0.997
0.001	0.493	0.001	0.505
0.090	0.001	0.908	0.001
0.409	0.589	0.001	0.001
0.001	0.001	0.001	0.997
0.001	0.001	0.997	0.001
0.001	0.997	0.001	0.001
0.001	0.997	0.001	0.001
0.001	0.001	0.493	0.505
0.001	0.001	0.589	0.409
>TCCCATCGAT	4-TCCCATCGAT	6.784174	-172.570677	0	T:68.0(100.00%),B:0.9(0.29%),P:1e-74	Tpos:379.4,Tstd:99.9,Bpos:226.1,Bstd:91.5,StrandBias:10.0,Multiplicity:2.62
0.001	0.001	0.070	0.928
0.001	0.997	0.001	0.001
0.001	0.928	0.001	0.070
0.001	0.815	0.001	0.183
0.997	0.001	0.001	0.001
0.001	0.001	0.001	0.997
0.001	0.997	0.001	0.001
0.001	0.041	0.957	0.001
0.997	0.001	0.001	0.001
0.001	0.001	0.001	0.997
>CCCCCACTGG	5-CCCCCACTGG	11.563362	-172.570677	0	T:68.0(100.00%),B:0.0(0.00%),P:1e-74	Tpos:321.0,Tstd:0.0,Bpos:0.0,Bstd:0.0,StrandBias:10.0,Multiplicity:1.00
0.001	0.997	0.001	0.001
0.315	0.683	0.001	0.001
0.315	0.683	0.001	0.001
0.001	0.997	0.001	0.001
0.315	0.683	0.001	0.001
0.997	0.001	0.001	0.001
0.001	0.683	0.315	0.001
0.001	0.315	0.001	0.683
0.315	0.001	0.683	0.001
0.001	0.001	0.997	0.001
>TGGGGCCTGG	6-TGGGGCCTGG	10.296193	-172.570677	0	T:68.0(100.00%),B:0.0(0.00%),P:1e-74	Tpos:332.0,Tstd:0.0,Bpos:0.0,Bstd:0.0,StrandBias:10.0,Multiplicity:1.00
0.100	0.100	0.100	0.700
0.100	0.100	0.700	0.100
0.100	0.100	0.700	0.100
0.100	0.100	0.700	0.100
0.100	0.100	0.700	0.100
0.100	0.700	0.100	0.100
0.100	0.700	0.100	0.100
0.100	0.100	0.100	0.700
0.100	0.100	0.700	0.100
0.100	0.100	0.700	0.100
>TAATWATTMM	7-TAATWATTMM	10.490851	-168.336571	0	T:68.0(100.00%),B:1.3(0.42%),P:1e-73	Tpos:291.3,Tstd:47.2,Bpos:329.2,Bstd:72.4,StrandBias:0.2,Multiplicity:2.53
0.001	0.007	0.001	0.991
0.564	0.042	0.001	0.393
0.991	0.007	0.001	0.001
0.007	0.001	0.001	0.991
0.452	0.042	0.042	0.464
0.991	0.001	0.001	0.007
0.001	0.001	0.007	0.991
0.001	0.001	0.001	0.997
0.563	0.435	0.001	0.001
0.320	0.454	0.173	0.052
>CCAAAGGTTT	8-CCAAAGGTTT	12.791745	-166.873584	0	T:67.0(98.53%),B:0.0(0.00%),P:1e-72	Tpos:91.0,Tstd:0.0,Bpos:0.0,Bstd:0.0,StrandBias:-10.0,Multiplicity:1.00
0.001	0.997	0.001	0.001
0.001	0.997	0.001	0.001
0.997	0.001	0.001	0.001
0.987	0.001	0.011	0.001
0.997	0.001	0.001	0.001
0.001	0.001	0.997	0.001
0.001	0.001	0.997	0.001
0.001	0.391	0.001	0.607
0.001	0.001	0.001	0.997
0.414	0.001	0.001	0.584
>TCTCAGGTCT	9-TCTCAGGTCT	10.522992	-166.873584	0	T:67.0(98.53%),B:0.0(0.00%),P:1e-72	Tpos:86.2,Tstd:24.4,Bpos:0.0,Bstd:0.0,StrandBias:10.0,Multiplicity:1.42
0.001	0.001	0.001	0.997
0.119	0.879	0.001	0.001
0.346	0.001	0.001	0.652
0.001	0.997	0.001	0.001
0.997	0.001	0.001	0.001
0.001	0.001	0.997	0.001
0.001	0.001	0.997	0.001
0.001	0.001	0.001	0.997
0.001	0.879	0.001	0.119
0.001	0.001	0.001	0.997
>GTTKTTGTGG	10-GTTKTTGTGG	7.642292	-166.873584	0	T:67.0(98.53%),B:0.0(0.00%),P:1e-72	Tpos:37.0,Tstd:0.0,Bpos:0.0,Bstd:0.0,StrandBias:-10.0,Multiplicity:1.00
0.006	0.011	0.719	0.264
0.255	0.202	0.030	0.513
0.020	0.010	0.001	0.969
0.030	0.001	0.514	0.455
0.010	0.286	0.197	0.507
0.259	0.237	0.001	0.503
0.254	0.010	0.498	0.238
0.005	0.249	0.010	0.736
0.010	0.284	0.446	0.260
0.016	0.284	0.503	0.197
>CTCCTTYYAC	11-CTCCTTYYAC	12.252824	-166.873584	0	T:67.0(98.53%),B:0.4(0.13%),P:1e-72	Tpos:239.0,Tstd:105.9,Bpos:87.0,Bstd:0.0,StrandBias:0.4,Multiplicity:1.70
0.001	0.997	0.001	0.001
0.001	0.001	0.001	0.997
0.001	0.997	0.001	0.001
0.001	0.997	0.001	0.001
0.001	0.001	0.001	0.997
0.001	0.001	0.001	0.997
0.001	0.447	0.001	0.551
0.001	0.458	0.001	0.540
0.997	0.001	0.001	0.001
0.001	0.997	0.001	0.001
>CTTTGTCCSC	12-CTTTGTCCSC	13.122626	-166.873584	0	T:67.0(98.53%),B:0.0(0.00%),P:1e-72	Tpos:245.7,Tstd:25.5,Bpos:0.0,Bstd:0.0,StrandBias:10.0,Multiplicity:1.99
0.001	0.997	0.001	0.001
0.001	0.001	0.001	0.997
0.001	0.001	0.001	0.997
0.001	0.001	0.001	0.997
0.001	0.001	0.997	0.001
0.001	0.001	0.001	0.997
0.001	0.997	0.001	0.001
0.001	0.997	0.001	0.001
0.001	0.504	0.494	0.001
0.001	0.989	0.001	0.009
>GGAAAWTTCT	13-GGAAAWTTCT	11.647869	-164.781223	0	T:68.0(100.00%),B:2.7(0.90%),P:1e-71	Tpos:58.6,Tstd:47.5,Bpos:149.0,Bstd:0.0,StrandBias:6.0,Multiplicity:1.87
0.001	0.050	0.872	0.077
0.001	0.001	0.997	0.001
0.980	0.018	0.001	0.001
0.997	0.001	0.001	0.001
0.850	0.130	0.001	0.019
0.482	0.038	0.001	0.479
0.019	0.348	0.001	0.632
0.001	0.001	0.001	0.997
0.001	0.931	0.001	0.067
0.001	0.021	0.001	0.977
>YGCGTTSACR	14-YGCGTTSACR	7.731365	-159.119752	0	T:67.0(98.53%),B:2.4(0.79%),P:1e-69	Tpos:453.8,Tstd:4.5,Bpos:208.9,Bstd:68.7,StrandBias:10.0,Multiplicity:1.81
0.194	0.287	0.159	0.360
0.001	0.076	0.759	0.164
0.175	0.697	0.055	0.073
0.113	0.017	0.677	0.193
0.063	0.152	0.046	0.739
0.025	0.001	0.184	0.790
0.145	0.337	0.485	0.033
0.525	0.021	0.171	0.283
0.052	0.746	0.018	0.184
0.426	0.035	0.509	0.030
>TCACSGAWCT	15-TCACSGAWCT	8.950382	-157.261117	0	T:65.0(95.59%),B:0.7(0.24%),P:1e-68	Tpos:405.6,Tstd:16.8,Bpos:177.7,Bstd:65.1,StrandBias:10.0,Multiplicity:1.05
0.001	0.001	0.001	0.997
0.081	0.740	0.001	0.178
0.580	0.178	0.241	0.001
0.001	0.997	0.001	0.001
0.178	0.358	0.463	0.001
0.001	0.001	0.820	0.178
0.602	0.001	0.219	0.178
0.284	0.179	0.179	0.358
0.001	0.641	0.001	0.357
0.001	0.001	0.001	0.997
>CTATCGCTCA	16-CTATCGCTCA	7.480074	-154.148478	0	T:66.0(97.06%),B:2.4(0.80%),P:1e-66	Tpos:203.2,Tstd:37.7,Bpos:308.8,Bstd:86.8,StrandBias:10.0,Multiplicity:1.05
0.001	0.997	0.001	0.001
0.001	0.013	0.001	0.985
0.613	0.001	0.001	0.385
0.001	0.001	0.001	0.997
0.385	0.573	0.001	0.041
0.001	0.001	0.997	0.001
0.001	0.613	0.385	0.001
0.001	0.385	0.001	0.613
0.001	0.997	0.001	0.001
0.997	0.001	0.001	0.001
>TGGCATAGAA	17-TGGCATAGAA	5.278947	-153.533456	0	T:68.0(100.00%),B:6.5(2.18%),P:1e-66	Tpos:181.2,Tstd:103.2,Bpos:364.5,Bstd:71.7,StrandBias:-0.6,Multiplicity:2.44
0.001	0.163	0.001	0.835
0.088	0.001	0.910	0.001
0.001	0.001	0.997	0.001
0.001	0.923	0.001	0.075
0.997	0.001	0.001	0.001
0.001	0.001	0.001	0.997
0.910	0.001	0.088	0.001
0.001	0.163	0.835	0.001
0.997	0.001	0.001	0.001
0.997	0.001	0.001	0.001
>AGGTWACCCW	18-AGGTWACCCW	9.814600	-153.081360	0	T:65.0(95.59%),B:1.3(0.45%),P:1e-66	Tpos:144.6,Tstd:14.0,Bpos:308.8,Bstd:26.6,StrandBias:-0.8,Multiplicity:1.55
0.453	0.001	0.284	0.262
0.010	0.042	0.947	0.001
0.001	0.001	0.990	0.008
0.001	0.001	0.314	0.684
0.466	0.008	0.001	0.525
0.585	0.413	0.001	0.001
0.001	0.997	0.001	0.001
0.001	0.936	0.008	0.055
0.001	0.724	0.001	0.274
0.462	0.001	0.003	0.534
>TCCATGGGAG	19-TCCATGGGAG	8.780236	-152.940301	0	T:64.0(94.12%),B:0.6(0.19%),P:1e-66	Tpos:20.0,Tstd:0.0,Bpos:468.0,Bstd:0.0,StrandBias:10.0,Multiplicity:1.00
0.001	0.001	0.001	0.997
0.001	0.997	0.001	0.001
0.001	0.997	0.001	0.001
0.997	0.001	0.001	0.001
0.001	0.001	0.001	0.997
0.001	0.001	0.997	0.001
0.001	0.001	0.997	0.001
0.001	0.001	0.997	0.001
0.627	0.354	0.018	0.001
0.001	0.001	0.645	0.353
>RCMCACTYMC	20-RCMCACTYMC	6.253732	-148.910587	0	T:68.0(100.00%),B:8.3(2.79%),P:1e-64	Tpos:296.1,Tstd:205.8,Bpos:356.0,Bstd:173.9,StrandBias:10.0,Multiplicity:1.87
0.467	0.001	0.531	0.001
0.001	0.997	0.001	0.001
0.460	0.534	0.001	0.005
0.001	0.997	0.001	0.001
0.997	0.001	0.001	0.001
0.001	0.997	0.001	0.001
0.001	0.001	0.001	0.997
0.001	0.532	0.001	0.466
0.534	0.464	0.001	0.001
0.001	0.997	0.001	0.001
>GCTTTSATGC	21-GCTTTSATGC	10.160226	-146.764006	0	T:68.0(100.00%),B:9.6(3.24%),P:1e-63	Tpos:185.3,Tstd:14.7,Bpos:274.8,Bstd:194.5,StrandBias:0.5,Multiplicity:1.69
0.001	0.001	0.997	0.001
0.001	0.997	0.001	0.001
0.001	0.001	0.001	0.997
0.001	0.001	0.001	0.997
0.001	0.001	0.408	0.590
0.120	0.408	0.470	0.001
0.590	0.001	0.001	0.408
0.001	0.001	0.001	0.997
0.001	0.001	0.997	0.001
0.001	0.601	0.001	0.397
>AWBGGAAAGT	22-AWBGGAAAGT	8.009025	-137.347893	0	T:62.0(91.18%),B:2.7(0.90%),P:1e-59	Tpos:212.0,Tstd:161.0,Bpos:170.4,Bstd:81.3,StrandBias:0.0,Multiplicity:1.68
0.510	0.137	0.064	0.289
0.464	0.093	0.024	0.419
0.001	0.381	0.260	0.358
0.337	0.018	0.603	0.042
0.176	0.112	0.637	0.075
0.916	0.037	0.001	0.046
0.805	0.075	0.037	0.083
0.846	0.068	0.061	0.025
0.133	0.221	0.603	0.043
0.155	0.028	0.047	0.770
>AGGATAACCA	23-AGGATAACCA	7.219989	-133.615006	0	T:61.0(89.71%),B:2.9(0.98%),P:1e-58	Tpos:137.8,Tstd:21.3,Bpos:129.9,Bstd:56.3,StrandBias:0.4,Multiplicity:1.12
0.997	0.001	0.001	0.001
0.001	0.069	0.929	0.001
0.001	0.001	0.997	0.001
0.838	0.160	0.001	0.001
0.069	0.001	0.001	0.929
0.929	0.035	0.001	0.035
0.894	0.001	0.070	0.035
0.001	0.997	0.001	0.001
0.126	0.838	0.035	0.001
0.839	0.035	0.091	0.035
>AAKATTTTVC	24-AAKATTTTVC	8.307124	-100.340310	0	T:48.0(70.59%),B:0.0(0.00%),P:1e-43	Tpos:171.9,Tstd:71.6,Bpos:0.0,Bstd:0.0,StrandBias:4.3,Multiplicity:1.00
0.997	0.001	0.001	0.001
0.680	0.152	0.005	0.163
0.167	0.001	0.365	0.467
0.624	0.212	0.001	0.163
0.001	0.151	0.001	0.847
0.151	0.316	0.001	0.532
0.001	0.012	0.188	0.799
0.151	0.047	0.001	0.801
0.315	0.343	0.303	0.039
0.001	0.811	0.001	0.187
>DAWCGATCGT	25-DAWCGATCGT	8.285032	-51.154398	0	T:37.0(54.41%),B:10.0(3.37%),P:1e-22	Tpos:334.0,Tstd:125.8,Bpos:259.5,Bstd:150.3,StrandBias:0.1,Multiplicity:1.33
0.243	0.001	0.384	0.372
0.817	0.091	0.001	0.091
0.541	0.001	0.001	0.457
0.001	0.971	0.001	0.027
0.057	0.005	0.910	0.028
0.971	0.027	0.001	0.001
0.085	0.005	0.028	0.882
0.005	0.910	0.028	0.057
0.028	0.085	0.886	0.001
0.388	0.001	0.001	0.610
