>CAGGYKTTTR	1-CAGGYKTTTR,BestGuess:Prdm15/MA1616.2/Jaspar(0.677)	10.797750	-172.570677	0	T:68.0(100.00%),B:0.0(0.00%),P:1e-74
0.105	0.869	0.001	0.025
0.997	0.001	0.001	0.001
0.417	0.001	0.581	0.001
0.024	0.001	0.974	0.001
0.001	0.442	0.001	0.556
0.001	0.156	0.430	0.413
0.001	0.001	0.001	0.997
0.002	0.001	0.121	0.876
0.001	0.001	0.001	0.997
0.429	0.001	0.457	0.114
>ACACWATWGT	2-ACACWATWGT,BestGuess:PB0168.1_Sox14_2/Jaspar(0.771)	9.514273	-172.570677	0	T:68.0(100.00%),B:0.4(0.12%),P:1e-74
0.997	0.001	0.001	0.001
0.001	0.997	0.001	0.001
0.997	0.001	0.001	0.001
0.001	0.997	0.001	0.001
0.519	0.001	0.045	0.435
0.949	0.049	0.001	0.001
0.001	0.001	0.001	0.997
0.435	0.045	0.001	0.519
0.001	0.001	0.997	0.001
0.001	0.001	0.001	0.997
>TYGCTGCCKG	3-TYGCTGCCKG,BestGuess:ZNF549/MA1728.2/Jaspar(0.724)	11.278259	-172.570677	0	T:68.0(100.00%),B:0.5(0.17%),P:1e-74
0.001	0.001	0.001	0.997
0.001	0.493	0.001	0.505
0.090	0.001	0.908	0.001
0.409	0.589	0.001	0.001
0.001	0.001	0.001	0.997
0.001	0.001	0.997	0.001
0.001	0.997	0.001	0.001
0.001	0.997	0.001	0.001
0.001	0.001	0.493	0.505
0.001	0.001	0.589	0.409
>TCCCATCGAT	4-TCCCATCGAT,BestGuess:CUX1(Homeobox)/K562-CUX1-ChIP-Seq(GSE92882)/Homer(0.752)	6.784174	-172.570677	0	T:68.0(100.00%),B:0.9(0.29%),P:1e-74
0.001	0.001	0.070	0.928
0.001	0.997	0.001	0.001
0.001	0.928	0.001	0.070
0.001	0.815	0.001	0.183
0.997	0.001	0.001	0.001
0.001	0.001	0.001	0.997
0.001	0.997	0.001	0.001
0.001	0.041	0.957	0.001
0.997	0.001	0.001	0.001
0.001	0.001	0.001	0.997
>CCCCCACTGG	5-CCCCCACTGG,BestGuess:PB0201.1_Zfp281_2/Jaspar(0.666)	11.563362	-172.570677	0	T:68.0(100.00%),B:0.0(0.00%),P:1e-74
0.001	0.997	0.001	0.001
0.315	0.683	0.001	0.001
0.315	0.683	0.001	0.001
0.001	0.997	0.001	0.001
0.315	0.683	0.001	0.001
0.997	0.001	0.001	0.001
0.001	0.683	0.315	0.001
0.001	0.315	0.001	0.683
0.315	0.001	0.683	0.001
0.001	0.001	0.997	0.001
>TGGGGCCTGG	6-TGGGGCCTGG,BestGuess:ZBTB24/MA2330.1/Jaspar(0.793)	10.296193	-172.570677	0	T:68.0(100.00%),B:0.0(0.00%),P:1e-74
0.100	0.100	0.100	0.700
0.100	0.100	0.700	0.100
0.100	0.100	0.700	0.100
0.100	0.100	0.700	0.100
0.100	0.100	0.700	0.100
0.100	0.700	0.100	0.100
0.100	0.700	0.100	0.100
0.100	0.100	0.100	0.700
0.100	0.100	0.700	0.100
0.100	0.100	0.700	0.100
>GAAGAAATTTCC	1-GAAGAAATTTCC,BestGuess:NFkB-p65-Rel(RHD)/ThioMac-LPS-Expression(GSE23622)/Homer(0.682)	10.420394	-172.570677	0	T:68.0(100.00%),B:0.0(0.00%),P:1e-74
0.001	0.001	0.727	0.271
0.726	0.045	0.180	0.049
0.705	0.269	0.023	0.003
0.001	0.001	0.997	0.001
0.997	0.001	0.001	0.001
0.997	0.001	0.001	0.001
0.705	0.249	0.001	0.045
0.010	0.001	0.012	0.977
0.021	0.001	0.001	0.977
0.001	0.001	0.001	0.997
0.001	0.996	0.001	0.002
0.001	0.704	0.022	0.273
>SCGYYSTCRGCR	4-SCGYYSTCRGCR,BestGuess:Mafb/MA0117.3/Jaspar(0.662)	11.034690	-172.570677	0	T:68.0(100.00%),B:0.0(0.00%),P:1e-74
0.001	0.477	0.521	0.001
0.001	0.997	0.001	0.001
0.001	0.001	0.997	0.001
0.001	0.477	0.001	0.521
0.001	0.477	0.001	0.521
0.098	0.423	0.478	0.001
0.001	0.001	0.001	0.997
0.001	0.997	0.001	0.001
0.477	0.001	0.521	0.001
0.001	0.001	0.997	0.001
0.001	0.997	0.001	0.001
0.477	0.001	0.521	0.001
>TGCGTAGCTCGC	5-TGCGTAGCTCGC,BestGuess:Gmeb1/MA0615.2/Jaspar(0.553)	10.409522	-172.570677	0	T:68.0(100.00%),B:0.0(0.00%),P:1e-74
0.100	0.100	0.100	0.700
0.100	0.100	0.700	0.100
0.100	0.700	0.100	0.100
0.100	0.100	0.700	0.100
0.100	0.100	0.100	0.700
0.700	0.100	0.100	0.100
0.100	0.100	0.700	0.100
0.100	0.700	0.100	0.100
0.100	0.100	0.100	0.700
0.100	0.700	0.100	0.100
0.100	0.100	0.700	0.100
0.100	0.700	0.100	0.100
>TTTGTCCCTGCT	7-TTTGTCCCTGCT,BestGuess:Sox4(HMG)/proB-Sox4-ChIP-Seq(GSE50066)/Homer(0.673)	8.236715	-172.570677	0	T:68.0(100.00%),B:0.7(0.24%),P:1e-74
0.001	0.001	0.001	0.997
0.001	0.001	0.001	0.997
0.001	0.001	0.001	0.997
0.001	0.001	0.997	0.001
0.001	0.001	0.001	0.997
0.385	0.613	0.001	0.001
0.001	0.997	0.001	0.001
0.001	0.997	0.001	0.001
0.001	0.228	0.001	0.770
0.001	0.001	0.995	0.003
0.001	0.997	0.001	0.001
0.004	0.386	0.060	0.550
>ATCGTGTGTTCT	8-ATCGTGTGTTCT,BestGuess:Gli1/MA1990.2/Jaspar(0.633)	10.061413	-172.570677	0	T:68.0(100.00%),B:0.0(0.00%),P:1e-74
0.613	0.001	0.385	0.001
0.001	0.001	0.001	0.997
0.006	0.596	0.001	0.397
0.001	0.001	0.997	0.001
0.001	0.001	0.001	0.997
0.198	0.001	0.800	0.001
0.001	0.001	0.001	0.997
0.001	0.001	0.788	0.210
0.001	0.011	0.211	0.777
0.001	0.001	0.001	0.997
0.001	0.997	0.001	0.001
0.199	0.011	0.001	0.789
>CCGTTASYCTYT	9-CCGTTASYCTYT,BestGuess:OVOL2/MA1545.2/Jaspar(0.675)	10.517439	-172.570677	0	T:68.0(100.00%),B:1.0(0.33%),P:1e-74
0.385	0.613	0.001	0.001
0.001	0.770	0.001	0.228
0.001	0.001	0.997	0.001
0.001	0.001	0.001	0.997
0.001	0.001	0.385	0.613
0.997	0.001	0.001	0.001
0.165	0.385	0.449	0.001
0.001	0.549	0.001	0.449
0.001	0.997	0.001	0.001
0.001	0.001	0.385	0.613
0.001	0.528	0.001	0.470
0.001	0.001	0.001	0.997
>AATAATTA	1-AATAATTA,BestGuess:MF0010.1_Homeobox_class/Jaspar(0.886)	10.333584	-172.570677	0	T:68.0(100.00%),B:0.9(0.29%),P:1e-74
0.997	0.001	0.001	0.001
0.997	0.001	0.001	0.001
0.001	0.001	0.001	0.997
0.618	0.001	0.001	0.380
0.997	0.001	0.001	0.001
0.001	0.001	0.001	0.997
0.225	0.001	0.001	0.773
0.997	0.001	0.001	0.001
>WCACCBCTTCYC	10-WCACCBCTTCYC,BestGuess:POL008.1_DCE_S_I/Jaspar(0.628)	9.244458	-168.336571	0	T:68.0(100.00%),B:1.8(0.60%),P:1e-73
0.436	0.046	0.008	0.510
0.312	0.657	0.023	0.008
0.576	0.355	0.023	0.046
0.046	0.577	0.001	0.376
0.139	0.796	0.001	0.064
0.023	0.292	0.358	0.327
0.106	0.708	0.117	0.069
0.155	0.038	0.023	0.784
0.008	0.053	0.034	0.905
0.309	0.554	0.016	0.121
0.099	0.453	0.140	0.309
0.282	0.492	0.038	0.189
>CCAAAGGTTT	8-CCAAAGGTTT,BestGuess:HNF4A/MA1494.2/Jaspar(0.696)	12.791745	-166.873584	0	T:67.0(98.53%),B:0.0(0.00%),P:1e-72
0.001	0.997	0.001	0.001
0.001	0.997	0.001	0.001
0.997	0.001	0.001	0.001
0.987	0.001	0.011	0.001
0.997	0.001	0.001	0.001
0.001	0.001	0.997	0.001
0.001	0.001	0.997	0.001
0.001	0.391	0.001	0.607
0.001	0.001	0.001	0.997
0.414	0.001	0.001	0.584
>GTTKTTGTGG	10-GTTKTTGTGG,BestGuess:PB0122.1_Foxk1_2/Jaspar(0.697)	7.642292	-166.873584	0	T:67.0(98.53%),B:0.0(0.00%),P:1e-72
0.006	0.011	0.719	0.264
0.255	0.202	0.030	0.513
0.020	0.010	0.001	0.969
0.030	0.001	0.514	0.455
0.010	0.286	0.197	0.507
0.259	0.237	0.001	0.503
0.254	0.010	0.498	0.238
0.005	0.249	0.010	0.736
0.010	0.284	0.446	0.260
0.016	0.284	0.503	0.197
>CTCCTTYYAC	11-CTCCTTYYAC,BestGuess:PB0203.1_Zfp691_2/Jaspar(0.660)	12.252824	-166.873584	0	T:67.0(98.53%),B:0.4(0.13%),P:1e-72
0.001	0.997	0.001	0.001
0.001	0.001	0.001	0.997
0.001	0.997	0.001	0.001
0.001	0.997	0.001	0.001
0.001	0.001	0.001	0.997
0.001	0.001	0.001	0.997
0.001	0.447	0.001	0.551
0.001	0.458	0.001	0.540
0.997	0.001	0.001	0.001
0.001	0.997	0.001	0.001
>GGTCGGGGGCTC	14-GGTCGGGGGCTC,BestGuess:Hand1/MA2123.1/Jaspar(0.676)	7.384996	-166.873584	0	T:67.0(98.53%),B:0.9(0.32%),P:1e-72
0.001	0.001	0.997	0.001
0.001	0.001	0.997	0.001
0.001	0.136	0.001	0.862
0.001	0.997	0.001	0.001
0.234	0.001	0.628	0.137
0.001	0.001	0.997	0.001
0.001	0.001	0.997	0.001
0.371	0.001	0.627	0.001
0.136	0.001	0.862	0.001
0.136	0.862	0.001	0.001
0.001	0.233	0.001	0.765
0.001	0.997	0.001	0.001
>CCTGGTTAATYA	15-CCTGGTTAATYA,BestGuess:PB0081.1_Tcf1_1/Jaspar(0.712)	7.177659	-164.781223	0	T:68.0(100.00%),B:2.6(0.88%),P:1e-71
0.024	0.599	0.376	0.001
0.001	0.987	0.011	0.001
0.400	0.001	0.001	0.598
0.086	0.004	0.837	0.073
0.001	0.001	0.997	0.001
0.002	0.001	0.374	0.623
0.001	0.001	0.001	0.997
0.987	0.001	0.001	0.011
0.997	0.001	0.001	0.001
0.001	0.388	0.001	0.610
0.175	0.376	0.001	0.448
0.987	0.001	0.011	0.001
>AAAGTTCAAATG	16-AAAGTTCAAATG,BestGuess:NR1I3/MA1534.2/Jaspar(0.803)	7.312044	-161.866287	0	T:66.0(97.06%),B:0.7(0.22%),P:1e-70
0.997	0.001	0.001	0.001
0.997	0.001	0.001	0.001
0.997	0.001	0.001	0.001
0.001	0.001	0.997	0.001
0.001	0.001	0.001	0.997
0.001	0.001	0.001	0.997
0.001	0.997	0.001	0.001
0.816	0.001	0.182	0.001
0.997	0.001	0.001	0.001
0.884	0.001	0.001	0.114
0.001	0.129	0.001	0.869
0.129	0.001	0.869	0.001
>CGGAACTC	6-CGGAACTC,BestGuess:Elk1(ETS)/Hela-Elk1-ChIP-Seq(GSE31477)/Homer(0.751)	8.236954	-161.866287	0	T:66.0(97.06%),B:0.8(0.27%),P:1e-70
0.100	0.700	0.100	0.100
0.100	0.100	0.700	0.100
0.100	0.100	0.700	0.100
0.700	0.100	0.100	0.100
0.700	0.100	0.100	0.100
0.100	0.700	0.100	0.100
0.100	0.100	0.100	0.700
0.100	0.700	0.100	0.100
>GGTACCCCMATA	17-GGTACCCCMATA,BestGuess:PB0156.1_Plagl1_2/Jaspar(0.759)	8.789901	-161.617155	0	T:68.0(100.00%),B:3.4(1.13%),P:1e-70
0.011	0.084	0.864	0.041
0.021	0.347	0.527	0.105
0.224	0.199	0.073	0.504
0.697	0.114	0.084	0.105
0.094	0.759	0.106	0.041
0.073	0.792	0.094	0.041
0.085	0.870	0.001	0.044
0.052	0.819	0.043	0.086
0.525	0.380	0.010	0.085
0.705	0.075	0.125	0.095
0.095	0.296	0.095	0.514
0.556	0.158	0.031	0.255
>CTCGCGTT	10-CTCGCGTT,BestGuess:ZBTB33/MA0527.2/Jaspar(0.731)	8.236954	-157.668206	0	T:66.0(97.06%),B:1.8(0.62%),P:1e-68
0.100	0.700	0.100	0.100
0.100	0.100	0.100	0.700
0.100	0.700	0.100	0.100
0.100	0.100	0.700	0.100
0.100	0.700	0.100	0.100
0.100	0.100	0.700	0.100
0.100	0.100	0.100	0.700
0.100	0.100	0.100	0.700
>CYRGBCAGGKGK	18-CYRGBCAGGKGK,BestGuess:E2A(bHLH),near_PU.1/Bcell-PU.1-ChIP-Seq(GSE21512)/Homer(0.735)	8.718071	-155.973202	0	T:67.0(98.53%),B:3.5(1.17%),P:1e-67
0.232	0.705	0.025	0.038
0.030	0.449	0.029	0.492
0.497	0.017	0.372	0.115
0.017	0.001	0.748	0.234
0.046	0.354	0.240	0.360
0.237	0.729	0.017	0.017
0.774	0.033	0.184	0.009
0.025	0.021	0.736	0.218
0.012	0.043	0.881	0.064
0.051	0.046	0.441	0.462
0.055	0.227	0.689	0.029
0.025	0.242	0.415	0.317
>CTATCGCTCA	16-CTATCGCTCA,BestGuess:PBX3/MA1114.2/Jaspar(0.631)	7.480074	-154.148478	0	T:66.0(97.06%),B:2.4(0.80%),P:1e-66
0.001	0.997	0.001	0.001
0.001	0.013	0.001	0.985
0.613	0.001	0.001	0.385
0.001	0.001	0.001	0.997
0.385	0.573	0.001	0.041
0.001	0.001	0.997	0.001
0.001	0.613	0.385	0.001
0.001	0.385	0.001	0.613
0.001	0.997	0.001	0.001
0.997	0.001	0.001	0.001
>TTATTCCGGKCG	19-TTATTCCGGKCG,BestGuess:TEAD4(TEA)/Tropoblast-Tead4-ChIP-Seq(GSE37350)/Homer(0.607)	10.639903	-154.148478	0	T:66.0(97.06%),B:2.5(0.85%),P:1e-66
0.001	0.001	0.397	0.601
0.001	0.001	0.001	0.997
0.997	0.001	0.001	0.001
0.001	0.001	0.001	0.997
0.397	0.001	0.001	0.601
0.001	0.997	0.001	0.001
0.131	0.737	0.001	0.131
0.001	0.001	0.997	0.001
0.001	0.398	0.600	0.001
0.131	0.131	0.397	0.340
0.405	0.593	0.001	0.001
0.001	0.001	0.601	0.397
>TGGCATAGAA	17-TGGCATAGAA,BestGuess:Hic1/MA0739.2/Jaspar(0.685)	5.278947	-153.533456	0	T:68.0(100.00%),B:6.5(2.18%),P:1e-66
0.001	0.163	0.001	0.835
0.088	0.001	0.910	0.001
0.001	0.001	0.997	0.001
0.001	0.923	0.001	0.075
0.997	0.001	0.001	0.001
0.001	0.001	0.001	0.997
0.910	0.001	0.088	0.001
0.001	0.163	0.835	0.001
0.997	0.001	0.001	0.001
0.997	0.001	0.001	0.001
>CTGCATGC	12-CTGCATGC,BestGuess:Arnt:Ahr(bHLH)/MCF7-Arnt-ChIP-Seq(Lo_et_al.)/Homer(0.744)	9.136956	-153.533456	0	T:68.0(100.00%),B:6.7(2.25%),P:1e-66
0.001	0.671	0.001	0.327
0.342	0.001	0.001	0.656
0.001	0.001	0.997	0.001
0.001	0.997	0.001	0.001
0.671	0.327	0.001	0.001
0.001	0.001	0.001	0.997
0.001	0.001	0.997	0.001
0.001	0.997	0.001	0.001
>GCRGAAMWGATT	20-GCRGAAMWGATT,BestGuess:Gfi1b(Zf)/HPC7-Gfi1b-ChIP-Seq(GSE22178)/Homer(0.686)	9.189850	-153.081360	0	T:65.0(95.59%),B:1.1(0.37%),P:1e-66
0.290	0.012	0.482	0.216
0.057	0.597	0.056	0.290
0.403	0.019	0.350	0.229
0.006	0.013	0.826	0.155
0.578	0.359	0.038	0.025
0.890	0.012	0.092	0.006
0.333	0.414	0.246	0.006
0.443	0.031	0.025	0.501
0.006	0.236	0.542	0.216
0.675	0.012	0.282	0.031
0.006	0.167	0.327	0.499
0.001	0.006	0.037	0.956
>RCMCACTYMC	20-RCMCACTYMC,BestGuess:MSANTD3/MA1523.2/Jaspar(0.787)	6.253732	-148.910587	0	T:68.0(100.00%),B:8.3(2.79%),P:1e-64
0.467	0.001	0.531	0.001
0.001	0.997	0.001	0.001
0.460	0.534	0.001	0.005
0.001	0.997	0.001	0.001
0.997	0.001	0.001	0.001
0.001	0.997	0.001	0.001
0.001	0.001	0.001	0.997
0.001	0.532	0.001	0.466
0.534	0.464	0.001	0.001
0.001	0.997	0.001	0.001
>GCTTTSATGC	21-GCTTTSATGC,BestGuess:Tcf7(HMG)/GM12878-TCF7-ChIP-Seq(Encode)/Homer(0.745)	10.160226	-146.764006	0	T:68.0(100.00%),B:9.6(3.24%),P:1e-63
0.001	0.001	0.997	0.001
0.001	0.997	0.001	0.001
0.001	0.001	0.001	0.997
0.001	0.001	0.001	0.997
0.001	0.001	0.408	0.590
0.120	0.408	0.470	0.001
0.590	0.001	0.001	0.408
0.001	0.001	0.001	0.997
0.001	0.001	0.997	0.001
0.001	0.601	0.001	0.397
>CTCACAAA	21-CTCACAAA,BestGuess:PH0068.1_Hoxc13/Jaspar(0.700)	8.361202	-134.348919	0	T:66.0(97.06%),B:10.0(3.37%),P:1e-58
0.001	0.997	0.001	0.001
0.001	0.001	0.001	0.997
0.001	0.997	0.001	0.001
0.997	0.001	0.001	0.001
0.001	0.892	0.001	0.106
0.997	0.001	0.001	0.001
0.997	0.001	0.001	0.001
0.627	0.001	0.371	0.001
>TCSTCCATGGGC	23-TCSTCCATGGGC,BestGuess:NFYB/MA0502.3/Jaspar(0.606)	10.704228	-113.701897	0	T:56.0(82.35%),B:3.5(1.17%),P:1e-49
0.001	0.001	0.001	0.997
0.001	0.997	0.001	0.001
0.001	0.385	0.385	0.228
0.001	0.001	0.001	0.997
0.001	0.997	0.001	0.001
0.001	0.997	0.001	0.001
0.997	0.001	0.001	0.001
0.001	0.001	0.001	0.997
0.001	0.001	0.997	0.001
0.001	0.001	0.997	0.001
0.001	0.001	0.997	0.001
0.001	0.986	0.001	0.012
>AAKATTTTVC	24-AAKATTTTVC,BestGuess:Arid5a/MA0602.2/Jaspar(0.667)	8.307124	-100.340310	0	T:48.0(70.59%),B:0.0(0.00%),P:1e-43
0.997	0.001	0.001	0.001
0.680	0.152	0.005	0.163
0.167	0.001	0.365	0.467
0.624	0.212	0.001	0.163
0.001	0.151	0.001	0.847
0.151	0.316	0.001	0.532
0.001	0.012	0.188	0.799
0.151	0.047	0.001	0.801
0.315	0.343	0.303	0.039
0.001	0.811	0.001	0.187
>CTGAACATGTTT	24-CTGAACATGTTT,BestGuess:GRHL2/MA1105.3/Jaspar(0.696)	9.564185	-65.634604	0	T:34.0(50.00%),B:0.0(0.00%),P:1e-28
0.053	0.913	0.001	0.033
0.019	0.001	0.033	0.947
0.019	0.033	0.947	0.001
0.997	0.001	0.001	0.001
0.997	0.001	0.001	0.001
0.001	0.997	0.001	0.001
0.966	0.001	0.032	0.001
0.033	0.001	0.001	0.965
0.001	0.001	0.997	0.001
0.001	0.001	0.001	0.997
0.001	0.001	0.001	0.997
0.001	0.052	0.001	0.946
