>TCAACGACCKAB	8-TCAACGACCKAB	8.059133	-26.857325	0	T:12.0(92.31%),B:0.0(0.00%),P:1e-11
0.356	0.005	0.081	0.558
0.090	0.832	0.077	0.001
0.839	0.001	0.159	0.001
0.572	0.069	0.286	0.073
0.280	0.640	0.079	0.001
0.003	0.420	0.576	0.001
0.635	0.001	0.069	0.295
0.074	0.919	0.004	0.003
0.066	0.569	0.001	0.364
0.001	0.004	0.559	0.436
0.629	0.003	0.003	0.365
0.006	0.283	0.429	0.283
