>TTAAAGACKRGG	2-TTAAAGACKRGG,BestGuess:ZKSCAN1/MA1585.2/Jaspar(0.638)	9.231588	-30.864658	0	T:13.0(100.00%),B:0.3(0.59%),P:1e-13
0.071	0.001	0.237	0.691
0.089	0.072	0.143	0.696
0.561	0.001	0.367	0.071
0.599	0.240	0.001	0.160
0.840	0.001	0.088	0.071
0.005	0.295	0.520	0.180
0.834	0.001	0.022	0.143
0.257	0.447	0.295	0.001
0.001	0.001	0.471	0.527
0.480	0.001	0.518	0.001
0.072	0.017	0.888	0.023
0.071	0.017	0.911	0.001
