>YHMTCCMCCCCC	13-GGGGGKGGAKDR	7.126933	-23.525120	0	T:11.0(84.62%),B:0.3(0.52%),P:1e-10
0.195	0.352	0.149	0.304
0.349	0.344	0.095	0.212
0.444	0.358	0.197	0.001
0.143	0.101	0.149	0.607
0.149	0.559	0.001	0.291
0.001	0.696	0.001	0.302
0.484	0.362	0.004	0.150
0.017	0.642	0.295	0.046
0.051	0.638	0.004	0.307
0.292	0.507	0.001	0.200
0.154	0.500	0.197	0.149
0.148	0.850	0.001	0.001
