>GAAGACYMCTST	9-GAAGACYMCTST	8.741547	-26.857325	0	T:12.0(92.31%),B:0.0(0.00%),P:1e-11
0.103	0.221	0.494	0.183
0.478	0.178	0.303	0.041
0.527	0.289	0.183	0.001
0.177	0.034	0.782	0.007
0.890	0.009	0.034	0.067
0.001	0.774	0.224	0.001
0.001	0.447	0.183	0.370
0.452	0.514	0.033	0.001
0.067	0.743	0.007	0.183
0.001	0.302	0.067	0.630
0.034	0.445	0.454	0.067
0.034	0.212	0.218	0.536
