>CCYMGTCTTTAA	2-TTAAAGACKRGG	9.231588	-30.864658	0	T:13.0(100.00%),B:0.3(0.59%),P:1e-13
0.001	0.911	0.017	0.071
0.023	0.888	0.017	0.072
0.001	0.518	0.001	0.480
0.527	0.471	0.001	0.001
0.001	0.295	0.447	0.257
0.143	0.022	0.001	0.834
0.180	0.520	0.295	0.005
0.071	0.088	0.001	0.840
0.160	0.001	0.240	0.599
0.071	0.367	0.001	0.561
0.696	0.143	0.072	0.089
0.691	0.237	0.001	0.071
