>CGCATGCGCG	1-CGCATGCGCG	8.350283	-27.967035	0	T:12.0(100.00%),B:0.0(0.00%),P:1e-12	Tpos:255.2,Tstd:34.9,Bpos:0.0,Bstd:0.0,StrandBias:0.0,Multiplicity:1.00
0.100	0.700	0.100	0.100
0.100	0.100	0.700	0.100
0.100	0.700	0.100	0.100
0.700	0.100	0.100	0.100
0.100	0.100	0.100	0.700
0.100	0.100	0.700	0.100
0.100	0.700	0.100	0.100
0.100	0.100	0.700	0.100
0.100	0.700	0.100	0.100
0.100	0.100	0.700	0.100
>TGGGGCTTGG	2-TGGGGCTTGG	12.221030	-27.967035	0	T:12.0(100.00%),B:0.0(0.00%),P:1e-12	Tpos:236.5,Tstd:22.5,Bpos:0.0,Bstd:0.0,StrandBias:3.5,Multiplicity:1.00
0.001	0.001	0.001	0.997
0.077	0.001	0.921	0.001
0.234	0.001	0.764	0.001
0.001	0.001	0.997	0.001
0.001	0.095	0.744	0.160
0.001	0.638	0.025	0.336
0.001	0.001	0.001	0.997
0.001	0.077	0.001	0.921
0.001	0.001	0.997	0.001
0.001	0.361	0.637	0.001
>GTTGCCGAGC	3-GTTGCCGAGC	11.073678	-27.967035	0	T:12.0(100.00%),B:0.0(0.00%),P:1e-12	Tpos:190.7,Tstd:8.0,Bpos:0.0,Bstd:0.0,StrandBias:-3.5,Multiplicity:1.00
0.001	0.001	0.997	0.001
0.001	0.001	0.001	0.997
0.001	0.001	0.001	0.997
0.126	0.001	0.872	0.001
0.001	0.997	0.001	0.001
0.001	0.846	0.001	0.152
0.127	0.179	0.567	0.127
0.668	0.001	0.205	0.126
0.001	0.001	0.997	0.001
0.001	0.997	0.001	0.001
>GAGCAAAMCW	4-GAGCAAAMCW	9.883575	-27.967035	0	T:12.0(100.00%),B:0.0(0.00%),P:1e-12	Tpos:318.6,Tstd:60.8,Bpos:0.0,Bstd:0.0,StrandBias:-0.9,Multiplicity:1.42
0.001	0.177	0.821	0.001
0.812	0.001	0.186	0.001
0.001	0.001	0.997	0.001
0.001	0.997	0.001	0.001
0.812	0.001	0.186	0.001
0.997	0.001	0.001	0.001
0.997	0.001	0.001	0.001
0.449	0.364	0.186	0.001
0.177	0.821	0.001	0.001
0.414	0.178	0.001	0.408
>TAWGGCCTTT	5-TAWGGCCTTT	8.353557	-27.967035	0	T:12.0(100.00%),B:0.2(0.45%),P:1e-12	Tpos:143.2,Tstd:75.0,Bpos:256.0,Bstd:0.0,StrandBias:1.7,Multiplicity:2.08
0.001	0.108	0.311	0.580
0.526	0.205	0.007	0.262
0.477	0.050	0.050	0.424
0.099	0.001	0.738	0.162
0.001	0.001	0.900	0.098
0.001	0.533	0.367	0.099
0.001	0.949	0.001	0.049
0.105	0.056	0.001	0.838
0.262	0.099	0.050	0.589
0.001	0.049	0.049	0.901
>GAACCTTTGT	6-GAACCTTTGT	8.497474	-27.967035	0	T:12.0(100.00%),B:0.0(0.00%),P:1e-12	Tpos:230.7,Tstd:50.4,Bpos:0.0,Bstd:0.0,StrandBias:4.3,Multiplicity:1.75
0.001	0.001	0.997	0.001
0.991	0.007	0.001	0.001
0.997	0.001	0.001	0.001
0.001	0.997	0.001	0.001
0.001	0.997	0.001	0.001
0.001	0.001	0.001	0.997
0.001	0.001	0.001	0.997
0.001	0.001	0.001	0.997
0.066	0.119	0.807	0.008
0.001	0.073	0.001	0.925
>GCAACCCCCA	7-GCAACCCCCA	13.617740	-27.967035	0	T:12.0(100.00%),B:0.0(0.00%),P:1e-12	Tpos:224.0,Tstd:14.2,Bpos:0.0,Bstd:0.0,StrandBias:3.5,Multiplicity:1.00
0.001	0.001	0.997	0.001
0.001	0.928	0.070	0.001
0.997	0.001	0.001	0.001
0.997	0.001	0.001	0.001
0.001	0.997	0.001	0.001
0.001	0.928	0.001	0.070
0.001	0.997	0.001	0.001
0.001	0.997	0.001	0.001
0.001	0.928	0.001	0.070
0.997	0.001	0.001	0.001
>CCAAKTGTTT	8-CCAAKTGTTT	11.269766	-27.967035	0	T:12.0(100.00%),B:0.0(0.00%),P:1e-12	Tpos:210.7,Tstd:5.4,Bpos:0.0,Bstd:0.0,StrandBias:3.5,Multiplicity:1.00
0.001	0.701	0.118	0.180
0.178	0.641	0.180	0.001
0.613	0.063	0.001	0.323
0.997	0.001	0.001	0.001
0.001	0.001	0.482	0.516
0.001	0.120	0.001	0.878
0.120	0.001	0.878	0.001
0.216	0.001	0.001	0.782
0.001	0.001	0.058	0.940
0.001	0.001	0.001	0.997
>AATTCGTTGA	9-AATTCGTTGA	9.683544	-27.967035	0	T:12.0(100.00%),B:0.0(0.00%),P:1e-12	Tpos:50.6,Tstd:99.6,Bpos:0.0,Bstd:0.0,StrandBias:-1.0,Multiplicity:1.00
0.775	0.174	0.001	0.050
0.997	0.001	0.001	0.001
0.001	0.001	0.001	0.997
0.001	0.001	0.001	0.997
0.001	0.756	0.242	0.001
0.242	0.001	0.545	0.212
0.001	0.001	0.173	0.825
0.001	0.001	0.001	0.997
0.001	0.001	0.997	0.001
0.583	0.001	0.415	0.001
>CTHTCHCGCM	10-CTHTCHCGCM	8.776539	-27.967035	0	T:12.0(100.00%),B:0.0(0.00%),P:1e-12	Tpos:175.2,Tstd:117.7,Bpos:0.0,Bstd:0.0,StrandBias:3.1,Multiplicity:1.58
0.001	0.981	0.001	0.017
0.131	0.001	0.017	0.851
0.263	0.298	0.131	0.309
0.001	0.001	0.001	0.997
0.262	0.736	0.001	0.001
0.262	0.411	0.001	0.326
0.001	0.605	0.001	0.393
0.001	0.001	0.981	0.017
0.001	0.588	0.410	0.001
0.428	0.570	0.001	0.001
>GCTYCKCKGC	11-GCTYCKCKGC	9.475891	-27.967035	0	T:12.0(100.00%),B:0.0(0.00%),P:1e-12	Tpos:274.0,Tstd:47.3,Bpos:0.0,Bstd:0.0,StrandBias:3.5,Multiplicity:1.00
0.216	0.001	0.560	0.223
0.001	0.700	0.001	0.298
0.001	0.001	0.001	0.997
0.001	0.566	0.001	0.432
0.216	0.567	0.001	0.216
0.001	0.001	0.432	0.566
0.001	0.782	0.216	0.001
0.001	0.001	0.432	0.566
0.001	0.001	0.997	0.001
0.001	0.997	0.001	0.001
>ATTGTTTACA	12-ATTGTTTACA	6.934156	-27.967035	0	T:12.0(100.00%),B:0.0(0.00%),P:1e-12	Tpos:104.1,Tstd:110.4,Bpos:0.0,Bstd:0.0,StrandBias:0.4,Multiplicity:1.33
0.997	0.001	0.001	0.001
0.001	0.001	0.001	0.997
0.001	0.001	0.001	0.997
0.001	0.001	0.997	0.001
0.100	0.001	0.001	0.898
0.001	0.001	0.001	0.997
0.001	0.001	0.001	0.997
0.898	0.001	0.100	0.001
0.001	0.898	0.100	0.001
0.997	0.001	0.001	0.001
>YTGTATGBAT	13-YTGTATGBAT	8.413169	-25.402086	0	T:12.0(100.00%),B:1.7(3.58%),P:1e-11	Tpos:184.5,Tstd:98.6,Bpos:114.0,Bstd:112.3,StrandBias:-0.7,Multiplicity:1.75
0.252	0.302	0.032	0.413
0.296	0.001	0.001	0.702
0.039	0.001	0.928	0.032
0.070	0.284	0.001	0.645
0.698	0.001	0.065	0.236
0.001	0.001	0.031	0.967
0.275	0.001	0.692	0.032
0.032	0.354	0.264	0.350
0.891	0.076	0.001	0.032
0.001	0.171	0.097	0.731
>ACAGGCTTTY	14-ACAGGCTTTY	7.720696	-25.402086	0	T:12.0(100.00%),B:1.1(2.18%),P:1e-11	Tpos:209.2,Tstd:124.1,Bpos:268.0,Bstd:79.0,StrandBias:4.0,Multiplicity:1.42
0.616	0.001	0.035	0.348
0.067	0.758	0.174	0.001
0.584	0.174	0.241	0.001
0.001	0.001	0.647	0.351
0.001	0.419	0.579	0.001
0.001	0.995	0.003	0.001
0.001	0.001	0.001	0.997
0.001	0.173	0.001	0.825
0.001	0.001	0.001	0.997
0.001	0.454	0.001	0.544
>TTGCCCCTTT	15-TTGCCCCTTT	7.618432	-25.402086	0	T:12.0(100.00%),B:1.6(3.27%),P:1e-11	Tpos:106.6,Tstd:97.0,Bpos:152.8,Bstd:36.7,StrandBias:2.9,Multiplicity:1.33
0.276	0.171	0.001	0.552
0.007	0.007	0.276	0.710
0.276	0.276	0.447	0.001
0.001	0.997	0.001	0.001
0.007	0.879	0.001	0.113
0.001	0.997	0.001	0.001
0.001	0.723	0.001	0.275
0.106	0.007	0.276	0.611
0.275	0.001	0.001	0.723
0.001	0.001	0.001	0.997
>ACACAATGTG	16-ACACAATGTG	6.653889	-23.456176	0	T:12.0(100.00%),B:2.9(5.88%),P:1e-10	Tpos:111.2,Tstd:110.3,Bpos:124.1,Bstd:73.1,StrandBias:0.1,Multiplicity:1.42
0.669	0.329	0.001	0.001
0.362	0.636	0.001	0.001
0.695	0.065	0.120	0.120
0.060	0.819	0.001	0.120
0.697	0.001	0.182	0.120
0.609	0.060	0.001	0.330
0.059	0.001	0.001	0.939
0.240	0.120	0.639	0.001
0.060	0.184	0.120	0.636
0.242	0.060	0.697	0.001
>CRGRMCTGRY	17-CRGRMCTGRY	7.188003	-23.456176	0	T:12.0(100.00%),B:2.1(4.41%),P:1e-10	Tpos:286.5,Tstd:91.1,Bpos:265.1,Bstd:66.9,StrandBias:-0.7,Multiplicity:2.42
0.001	0.997	0.001	0.001
0.526	0.001	0.472	0.001
0.016	0.001	0.982	0.001
0.523	0.001	0.446	0.030
0.472	0.526	0.001	0.001
0.032	0.966	0.001	0.001
0.148	0.148	0.205	0.499
0.017	0.002	0.965	0.016
0.446	0.090	0.464	0.001
0.017	0.464	0.001	0.518
>GGAACTCCTA	18-GGAACTCCTA	10.296193	-20.856339	0	T:10.0(83.33%),B:0.0(0.00%),P:1e-9	Tpos:289.6,Tstd:65.2,Bpos:0.0,Bstd:0.0,StrandBias:3.2,Multiplicity:1.00
0.100	0.100	0.700	0.100
0.100	0.100	0.700	0.100
0.700	0.100	0.100	0.100
0.700	0.100	0.100	0.100
0.100	0.700	0.100	0.100
0.100	0.100	0.100	0.700
0.100	0.700	0.100	0.100
0.100	0.700	0.100	0.100
0.100	0.100	0.100	0.700
0.700	0.100	0.100	0.100
>AATTCTGTTG	19-AATTCTGTTG	8.350283	-20.856339	0	T:10.0(83.33%),B:0.0(0.00%),P:1e-9	Tpos:330.0,Tstd:112.3,Bpos:0.0,Bstd:0.0,StrandBias:2.8,Multiplicity:1.00
0.700	0.100	0.100	0.100
0.700	0.100	0.100	0.100
0.100	0.100	0.100	0.700
0.100	0.100	0.100	0.700
0.100	0.700	0.100	0.100
0.100	0.100	0.100	0.700
0.100	0.100	0.700	0.100
0.100	0.100	0.100	0.700
0.100	0.100	0.100	0.700
0.100	0.100	0.700	0.100
>TATCCTGCCT	20-TATCCTGCCT	10.050691	-20.856339	0	T:10.0(83.33%),B:0.0(0.00%),P:1e-9	Tpos:110.0,Tstd:82.0,Bpos:0.0,Bstd:0.0,StrandBias:2.8,Multiplicity:1.00
0.001	0.001	0.001	0.997
0.997	0.001	0.001	0.001
0.001	0.164	0.001	0.834
0.001	0.997	0.001	0.001
0.001	0.997	0.001	0.001
0.164	0.001	0.001	0.834
0.001	0.001	0.997	0.001
0.001	0.997	0.001	0.001
0.001	0.496	0.165	0.338
0.001	0.001	0.001	0.997
