>GAACCTTT	1-GAACCTTT	8.236954	-27.967035	0	T:12.0(100.00%),B:0.0(0.00%),P:1e-12	Tpos:225.2,Tstd:53.5,Bpos:0.0,Bstd:0.0,StrandBias:3.3,Multiplicity:1.83
0.100	0.100	0.700	0.100
0.700	0.100	0.100	0.100
0.700	0.100	0.100	0.100
0.100	0.700	0.100	0.100
0.100	0.700	0.100	0.100
0.100	0.100	0.100	0.700
0.100	0.100	0.100	0.700
0.100	0.100	0.100	0.700
>TGTATACA	2-TGTATACA	8.211268	-27.967035	0	T:12.0(100.00%),B:0.2(0.37%),P:1e-12	Tpos:135.0,Tstd:58.8,Bpos:297.0,Bstd:0.0,StrandBias:0.8,Multiplicity:1.75
0.057	0.001	0.001	0.941
0.001	0.001	0.997	0.001
0.119	0.001	0.001	0.879
0.997	0.001	0.001	0.001
0.320	0.001	0.001	0.678
0.749	0.001	0.249	0.001
0.001	0.997	0.001	0.001
0.997	0.001	0.001	0.001
>RGGCYTTG	3-RGGCYTTG	5.181026	-27.967035	0	T:12.0(100.00%),B:0.0(0.00%),P:1e-12	Tpos:132.0,Tstd:55.7,Bpos:0.0,Bstd:0.0,StrandBias:1.0,Multiplicity:1.67
0.346	0.154	0.306	0.194
0.148	0.136	0.643	0.073
0.084	0.231	0.498	0.187
0.156	0.521	0.237	0.086
0.107	0.430	0.176	0.287
0.168	0.014	0.114	0.704
0.142	0.036	0.220	0.602
0.082	0.194	0.466	0.258
>GCGCATGC	4-GCGCATGC	10.533179	-27.967035	0	T:12.0(100.00%),B:0.3(0.71%),P:1e-12	Tpos:256.4,Tstd:32.3,Bpos:349.0,Bstd:0.0,StrandBias:1.9,Multiplicity:1.00
0.413	0.001	0.585	0.001
0.001	0.997	0.001	0.001
0.001	0.001	0.997	0.001
0.001	0.997	0.001	0.001
0.997	0.001	0.001	0.001
0.001	0.001	0.001	0.997
0.001	0.001	0.997	0.001
0.001	0.997	0.001	0.001
>GTTTTGCT	5-GTTTTGCT	9.526662	-27.967035	0	T:12.0(100.00%),B:0.7(1.48%),P:1e-12	Tpos:267.9,Tstd:116.8,Bpos:295.6,Bstd:39.5,StrandBias:0.9,Multiplicity:1.67
0.001	0.001	0.997	0.001
0.001	0.001	0.055	0.943
0.001	0.001	0.001	0.997
0.001	0.001	0.001	0.997
0.114	0.239	0.001	0.646
0.001	0.001	0.997	0.001
0.001	0.997	0.001	0.001
0.001	0.055	0.001	0.943
>TGGGGCTT	6-TGGGGCTT	10.285814	-27.967035	0	T:12.0(100.00%),B:0.0(0.00%),P:1e-12	Tpos:235.7,Tstd:21.9,Bpos:0.0,Bstd:0.0,StrandBias:3.5,Multiplicity:1.00
0.001	0.001	0.001	0.997
0.001	0.001	0.997	0.001
0.001	0.001	0.997	0.001
0.001	0.001	0.997	0.001
0.001	0.001	0.705	0.293
0.001	0.646	0.352	0.001
0.001	0.001	0.001	0.997
0.001	0.001	0.001	0.997
>TGMTTGGA	7-TGMTTGGA	8.685383	-27.967035	0	T:12.0(100.00%),B:0.7(1.48%),P:1e-12	Tpos:42.3,Tstd:106.3,Bpos:215.0,Bstd:0.0,StrandBias:3.5,Multiplicity:1.00
0.001	0.066	0.066	0.867
0.066	0.133	0.800	0.001
0.440	0.493	0.001	0.066
0.132	0.001	0.001	0.866
0.341	0.066	0.001	0.592
0.284	0.001	0.714	0.001
0.001	0.001	0.932	0.066
0.867	0.066	0.066	0.001
>CCAADTGT	8-CCAADTGT	8.951171	-27.967035	0	T:12.0(100.00%),B:0.0(0.00%),P:1e-12	Tpos:209.8,Tstd:4.9,Bpos:0.0,Bstd:0.0,StrandBias:3.5,Multiplicity:1.00
0.001	0.805	0.193	0.001
0.001	0.691	0.307	0.001
0.691	0.307	0.001	0.001
0.997	0.001	0.001	0.001
0.307	0.001	0.384	0.307
0.001	0.001	0.001	0.997
0.193	0.001	0.805	0.001
0.001	0.001	0.001	0.997
>TACTGCGG	9-TACTGCGG	8.236954	-27.967035	0	T:12.0(100.00%),B:0.0(0.00%),P:1e-12	Tpos:287.3,Tstd:56.2,Bpos:0.0,Bstd:0.0,StrandBias:3.5,Multiplicity:1.00
0.100	0.100	0.100	0.700
0.700	0.100	0.100	0.100
0.100	0.700	0.100	0.100
0.100	0.100	0.100	0.700
0.100	0.100	0.700	0.100
0.100	0.700	0.100	0.100
0.100	0.100	0.700	0.100
0.100	0.100	0.700	0.100
>TGGATCGG	10-TGGATCGG	9.193711	-25.402086	0	T:12.0(100.00%),B:1.3(2.65%),P:1e-11	Tpos:279.8,Tstd:51.2,Bpos:328.1,Bstd:40.0,StrandBias:-3.5,Multiplicity:1.00
0.001	0.001	0.001	0.997
0.074	0.151	0.508	0.267
0.150	0.001	0.848	0.001
0.705	0.147	0.074	0.074
0.001	0.001	0.001	0.997
0.001	0.581	0.001	0.417
0.001	0.001	0.925	0.073
0.001	0.001	0.925	0.073
>GGCCATCR	11-GGCCATCR	9.221658	-25.402086	0	T:12.0(100.00%),B:2.0(4.06%),P:1e-11	Tpos:248.1,Tstd:24.5,Bpos:174.0,Bstd:56.8,StrandBias:4.1,Multiplicity:1.50
0.001	0.001	0.997	0.001
0.001	0.001	0.997	0.001
0.001	0.997	0.001	0.001
0.001	0.997	0.001	0.001
0.997	0.001	0.001	0.001
0.001	0.001	0.001	0.997
0.326	0.672	0.001	0.001
0.516	0.001	0.482	0.001
>CATTGTGG	12-CATTGTGG	8.272925	-23.456176	0	T:12.0(100.00%),B:2.7(5.60%),P:1e-10	Tpos:150.7,Tstd:104.7,Bpos:322.2,Bstd:32.6,StrandBias:-1.2,Multiplicity:2.25
0.238	0.718	0.001	0.043
0.997	0.001	0.001	0.001
0.027	0.001	0.353	0.619
0.042	0.001	0.001	0.956
0.001	0.001	0.997	0.001
0.001	0.001	0.353	0.645
0.001	0.001	0.997	0.001
0.001	0.001	0.705	0.293
>TTCTGTCG	13-TTCTGTCG	8.512610	-21.846738	0	T:12.0(100.00%),B:3.2(6.57%),P:1e-9	Tpos:266.1,Tstd:73.3,Bpos:67.9,Bstd:64.6,StrandBias:3.9,Multiplicity:1.33
0.001	0.001	0.001	0.997
0.001	0.001	0.379	0.619
0.001	0.854	0.001	0.144
0.001	0.144	0.001	0.854
0.001	0.001	0.997	0.001
0.379	0.001	0.001	0.619
0.001	0.854	0.001	0.144
0.144	0.001	0.854	0.001
>CTCCTCTS	14-CTCCTCTS	7.622145	-21.846738	0	T:12.0(100.00%),B:3.8(7.72%),P:1e-9	Tpos:268.6,Tstd:91.7,Bpos:121.8,Bstd:106.4,StrandBias:3.9,Multiplicity:1.33
0.001	0.639	0.236	0.124
0.115	0.001	0.115	0.769
0.231	0.537	0.231	0.001
0.001	0.883	0.115	0.001
0.001	0.001	0.001	0.997
0.001	0.883	0.001	0.115
0.001	0.001	0.115	0.883
0.001	0.466	0.532	0.001
>VCCCYTTT	15-VCCCYTTT	7.479002	-21.846738	0	T:12.0(100.00%),B:3.6(7.43%),P:1e-9	Tpos:119.8,Tstd:95.0,Bpos:225.0,Bstd:62.3,StrandBias:3.1,Multiplicity:1.18
0.282	0.366	0.351	0.001
0.001	0.997	0.001	0.001
0.006	0.903	0.001	0.090
0.001	0.862	0.084	0.053
0.001	0.555	0.001	0.443
0.084	0.001	0.282	0.633
0.084	0.001	0.053	0.862
0.001	0.001	0.083	0.915
>GGCAACGG	16-GGCAACGG	8.236954	-21.609193	0	T:11.0(91.67%),B:1.8(3.73%),P:1e-9	Tpos:192.3,Tstd:10.6,Bpos:57.0,Bstd:0.0,StrandBias:0.9,Multiplicity:1.55
0.100	0.100	0.700	0.100
0.100	0.100	0.700	0.100
0.100	0.700	0.100	0.100
0.700	0.100	0.100	0.100
0.700	0.100	0.100	0.100
0.100	0.700	0.100	0.100
0.100	0.100	0.700	0.100
0.100	0.100	0.700	0.100
>CTTTCTCG	17-CTTTCTCG	8.295054	-21.609193	0	T:11.0(91.67%),B:1.3(2.60%),P:1e-9	Tpos:200.6,Tstd:114.0,Bpos:241.2,Bstd:56.0,StrandBias:3.8,Multiplicity:1.36
0.001	0.997	0.001	0.001
0.081	0.001	0.001	0.917
0.001	0.001	0.081	0.917
0.001	0.001	0.001	0.997
0.001	0.997	0.001	0.001
0.082	0.001	0.082	0.835
0.001	0.997	0.001	0.001
0.001	0.001	0.997	0.001
>AACTCCTA	18-AACTCCTA	7.818636	-21.609193	0	T:11.0(91.67%),B:1.9(3.98%),P:1e-9	Tpos:320.9,Tstd:73.6,Bpos:176.1,Bstd:96.5,StrandBias:3.7,Multiplicity:1.27
0.917	0.001	0.001	0.081
0.510	0.337	0.152	0.001
0.001	0.837	0.081	0.081
0.082	0.051	0.082	0.785
0.001	0.765	0.233	0.001
0.162	0.836	0.001	0.001
0.051	0.001	0.081	0.867
0.581	0.081	0.001	0.337
>AAGKMTGT	19-AAGKMTGT	8.459601	-20.856339	0	T:10.0(83.33%),B:0.2(0.48%),P:1e-9	Tpos:55.2,Tstd:110.6,Bpos:102.0,Bstd:0.0,StrandBias:3.2,Multiplicity:1.00
0.997	0.001	0.001	0.001
0.713	0.001	0.285	0.001
0.001	0.371	0.627	0.001
0.001	0.049	0.472	0.478
0.477	0.521	0.001	0.001
0.001	0.001	0.285	0.713
0.001	0.001	0.997	0.001
0.001	0.001	0.001	0.997
>CCWRCTTA	20-CCWRCTTA	8.615735	-20.856339	0	T:10.0(83.33%),B:0.3(0.61%),P:1e-9	Tpos:147.9,Tstd:51.0,Bpos:379.0,Bstd:0.0,StrandBias:0.7,Multiplicity:1.60
0.001	0.997	0.001	0.001
0.126	0.747	0.001	0.126
0.457	0.001	0.001	0.541
0.457	0.001	0.541	0.001
0.001	0.997	0.001	0.001
0.135	0.135	0.001	0.729
0.126	0.001	0.126	0.747
0.997	0.001	0.001	0.001
>CAGGTCTC	21-CAGGTCTC	8.598935	-20.460443	0	T:12.0(100.00%),B:4.8(9.91%),P:1e-8	Tpos:271.1,Tstd:81.7,Bpos:209.1,Bstd:25.0,StrandBias:3.2,Multiplicity:1.67
0.001	0.997	0.001	0.001
0.698	0.276	0.025	0.001
0.001	0.001	0.997	0.001
0.001	0.001	0.997	0.001
0.066	0.040	0.001	0.893
0.001	0.997	0.001	0.001
0.001	0.001	0.001	0.997
0.001	0.657	0.341	0.001
>GATAWCCW	22-GATAWCCW	7.901604	-14.125560	0	T:9.0(75.00%),B:2.2(4.51%),P:1e-6	Tpos:93.5,Tstd:69.2,Bpos:123.2,Bstd:93.1,StrandBias:-0.7,Multiplicity:1.00
0.001	0.001	0.997	0.001
0.842	0.010	0.001	0.147
0.273	0.001	0.001	0.725
0.862	0.001	0.136	0.001
0.417	0.001	0.223	0.359
0.001	0.862	0.001	0.136
0.001	0.997	0.001	0.001
0.410	0.001	0.137	0.452
>TATMNKTC	23-TATMNKTC	7.066860	-11.794383	0	T:8.0(66.67%),B:2.8(5.77%),P:1e-5	Tpos:349.9,Tstd:98.2,Bpos:105.5,Bstd:75.2,StrandBias:-2.2,Multiplicity:1.38
0.001	0.001	0.001	0.997
0.993	0.005	0.001	0.001
0.001	0.001	0.001	0.997
0.556	0.442	0.001	0.001
0.217	0.350	0.217	0.217
0.117	0.007	0.440	0.436
0.001	0.001	0.009	0.989
0.001	0.782	0.216	0.001
