>CGCATGCGMGSA	1-CGCATGCGMGSA	7.959772	-27.967035	0	T:12.0(100.00%),B:0.2(0.40%),P:1e-12	Tpos:268.9,Tstd:58.1,Bpos:35.0,Bstd:0.0,StrandBias:-0.5,Multiplicity:1.75
0.001	0.795	0.102	0.102
0.103	0.103	0.691	0.103
0.001	0.575	0.423	0.001
0.473	0.321	0.001	0.205
0.102	0.001	0.001	0.896
0.001	0.001	0.794	0.204
0.102	0.795	0.102	0.001
0.001	0.205	0.692	0.102
0.424	0.463	0.103	0.011
0.001	0.001	0.743	0.255
0.001	0.424	0.473	0.102
0.755	0.103	0.039	0.103
>STATKGATCGGC	2-STATKGATCGGC	13.011992	-27.967035	0	T:12.0(100.00%),B:0.0(0.00%),P:1e-12	Tpos:280.7,Tstd:51.8,Bpos:0.0,Bstd:0.0,StrandBias:-3.5,Multiplicity:1.00
0.001	0.454	0.544	0.001
0.137	0.220	0.067	0.576
0.705	0.001	0.293	0.001
0.001	0.001	0.011	0.987
0.001	0.001	0.555	0.443
0.001	0.001	0.997	0.001
0.705	0.293	0.001	0.001
0.001	0.215	0.001	0.783
0.001	0.611	0.212	0.176
0.213	0.001	0.785	0.001
0.001	0.001	0.997	0.001
0.160	0.838	0.001	0.001
>CGTTDCCCGGCH	3-CGTTDCCCGGCH	9.070744	-27.967035	0	T:12.0(100.00%),B:0.2(0.46%),P:1e-12	Tpos:171.3,Tstd:41.3,Bpos:64.0,Bstd:0.0,StrandBias:3.6,Multiplicity:1.08
0.001	0.726	0.272	0.001
0.001	0.262	0.606	0.131
0.001	0.001	0.001	0.997
0.001	0.001	0.001	0.997
0.393	0.001	0.343	0.262
0.131	0.737	0.001	0.131
0.001	0.715	0.131	0.153
0.142	0.802	0.046	0.010
0.054	0.001	0.552	0.393
0.130	0.001	0.868	0.001
0.262	0.475	0.001	0.262
0.344	0.263	0.131	0.263
>CCMAGTGKTTGS	4-CCMAGTGKTTGS	12.120718	-27.967035	0	T:12.0(100.00%),B:0.0(0.00%),P:1e-12	Tpos:211.5,Tstd:6.0,Bpos:0.0,Bstd:0.0,StrandBias:3.5,Multiplicity:1.00
0.001	0.949	0.001	0.049
0.050	0.850	0.001	0.099
0.457	0.340	0.001	0.203
0.750	0.050	0.199	0.001
0.001	0.289	0.456	0.254
0.050	0.050	0.050	0.850
0.001	0.001	0.949	0.049
0.155	0.050	0.339	0.456
0.050	0.214	0.050	0.686
0.050	0.050	0.050	0.850
0.001	0.001	0.997	0.001
0.001	0.406	0.543	0.050
>CCAYTGKHTGSR	5-CCAYTGKHTGSR	10.827465	-27.967035	0	T:12.0(100.00%),B:0.0(0.00%),P:1e-12	Tpos:203.4,Tstd:65.1,Bpos:0.0,Bstd:0.0,StrandBias:2.9,Multiplicity:1.42
0.174	0.796	0.029	0.001
0.076	0.894	0.001	0.029
0.664	0.001	0.001	0.334
0.001	0.524	0.001	0.474
0.001	0.250	0.001	0.748
0.094	0.001	0.904	0.001
0.076	0.001	0.404	0.519
0.393	0.327	0.007	0.273
0.001	0.001	0.001	0.997
0.046	0.156	0.797	0.001
0.001	0.500	0.498	0.001
0.493	0.076	0.411	0.020
>TATTGWTTRHAA	6-TATTGWTTRHAA	9.896521	-27.967035	0	T:12.0(100.00%),B:0.0(0.00%),P:1e-12	Tpos:120.4,Tstd:108.3,Bpos:0.0,Bstd:0.0,StrandBias:-0.2,Multiplicity:1.25
0.076	0.217	0.001	0.706
0.927	0.001	0.001	0.071
0.001	0.071	0.001	0.927
0.001	0.001	0.001	0.997
0.001	0.287	0.711	0.001
0.305	0.144	0.144	0.408
0.072	0.001	0.287	0.640
0.001	0.001	0.001	0.997
0.452	0.144	0.404	0.001
0.288	0.380	0.089	0.243
0.855	0.072	0.072	0.001
0.520	0.336	0.072	0.072
>CTAWAMAGGCHT	7-CTAWAMAGGCHT	8.178796	-27.967035	0	T:12.0(100.00%),B:0.5(1.11%),P:1e-12	Tpos:126.7,Tstd:34.1,Bpos:349.0,Bstd:0.0,StrandBias:0.4,Multiplicity:2.08
0.164	0.480	0.278	0.078
0.084	0.039	0.005	0.872
0.616	0.001	0.001	0.382
0.324	0.084	0.157	0.436
0.616	0.344	0.001	0.039
0.546	0.414	0.039	0.001
0.883	0.039	0.039	0.039
0.090	0.001	0.829	0.080
0.039	0.157	0.799	0.005
0.004	0.994	0.001	0.001
0.277	0.383	0.001	0.339
0.080	0.005	0.050	0.865
>TGCCCCTTTTAC	8-TGCCCCTTTTAC	9.637423	-27.967035	0	T:12.0(100.00%),B:0.0(0.00%),P:1e-12	Tpos:134.7,Tstd:76.9,Bpos:0.0,Bstd:0.0,StrandBias:3.2,Multiplicity:1.75
0.111	0.001	0.001	0.887
0.001	0.001	0.997	0.001
0.173	0.714	0.112	0.001
0.182	0.705	0.001	0.112
0.001	0.887	0.001	0.111
0.001	0.887	0.111	0.001
0.111	0.001	0.001	0.887
0.001	0.001	0.001	0.997
0.001	0.001	0.111	0.887
0.182	0.225	0.112	0.481
0.705	0.293	0.001	0.001
0.001	0.997	0.001	0.001
>TGYGGATATCCT	9-TGYGGATATCCT	7.524654	-27.967035	0	T:12.0(100.00%),B:0.0(0.00%),P:1e-12	Tpos:197.3,Tstd:120.2,Bpos:0.0,Bstd:0.0,StrandBias:3.2,Multiplicity:1.75
0.001	0.001	0.001	0.997
0.001	0.001	0.784	0.214
0.001	0.561	0.001	0.437
0.214	0.001	0.784	0.001
0.001	0.001	0.997	0.001
0.571	0.001	0.214	0.214
0.346	0.001	0.001	0.652
0.652	0.346	0.001	0.001
0.001	0.001	0.001	0.997
0.001	0.982	0.016	0.001
0.001	0.997	0.001	0.001
0.001	0.001	0.001	0.997
>TGGCCAWWGGCC	10-TGGCCAWWGGCC	5.469251	-27.967035	0	T:12.0(100.00%),B:0.9(1.84%),P:1e-12	Tpos:246.5,Tstd:20.5,Bpos:184.1,Bstd:50.0,StrandBias:0.4,Multiplicity:1.00
0.001	0.001	0.001	0.997
0.001	0.001	0.730	0.268
0.001	0.001	0.997	0.001
0.001	0.730	0.268	0.001
0.001	0.872	0.001	0.126
0.604	0.266	0.129	0.001
0.427	0.001	0.001	0.571
0.541	0.001	0.001	0.457
0.012	0.130	0.854	0.004
0.001	0.001	0.997	0.001
0.001	0.730	0.268	0.001
0.001	0.872	0.001	0.126
>CTCTCGCGCAAA	11-CTCTCGCGCAAA	7.079198	-27.967035	0	T:12.0(100.00%),B:0.0(0.00%),P:1e-12	Tpos:337.1,Tstd:76.1,Bpos:0.0,Bstd:0.0,StrandBias:3.8,Multiplicity:1.25
0.001	0.762	0.236	0.001
0.001	0.001	0.001	0.997
0.001	0.997	0.001	0.001
0.001	0.001	0.001	0.997
0.001	0.762	0.236	0.001
0.001	0.381	0.617	0.001
0.221	0.763	0.015	0.001
0.001	0.001	0.997	0.001
0.001	0.617	0.381	0.001
0.811	0.001	0.187	0.001
0.908	0.001	0.090	0.001
0.908	0.090	0.001	0.001
>MCKGMCAGGTCT	12-MCKGMCAGGTCT	6.860111	-25.402086	0	T:12.0(100.00%),B:1.5(3.05%),P:1e-11	Tpos:277.7,Tstd:82.8,Bpos:275.8,Bstd:63.3,StrandBias:3.2,Multiplicity:1.75
0.491	0.416	0.001	0.092
0.282	0.626	0.046	0.046
0.185	0.093	0.432	0.291
0.281	0.001	0.717	0.001
0.389	0.426	0.093	0.093
0.185	0.533	0.001	0.281
0.667	0.185	0.051	0.097
0.297	0.046	0.611	0.046
0.046	0.147	0.565	0.242
0.046	0.147	0.093	0.714
0.138	0.765	0.001	0.096
0.046	0.185	0.282	0.487
>ACDTYCTTKCCA	13-ACDTYCTTKCCA	9.611151	-24.075215	0	T:11.0(91.67%),B:0.0(0.00%),P:1e-10	Tpos:203.9,Tstd:114.1,Bpos:0.0,Bstd:0.0,StrandBias:3.6,Multiplicity:1.18
0.846	0.001	0.051	0.102
0.155	0.742	0.001	0.102
0.328	0.063	0.263	0.346
0.001	0.056	0.212	0.731
0.013	0.378	0.211	0.397
0.001	0.947	0.051	0.001
0.160	0.001	0.051	0.788
0.001	0.396	0.001	0.602
0.160	0.017	0.346	0.477
0.102	0.846	0.051	0.001
0.211	0.531	0.051	0.207
0.846	0.152	0.001	0.001
>RKCTTTGKGGCT	14-RKCTTTGKGGCT	10.576257	-24.075215	0	T:11.0(91.67%),B:0.0(0.00%),P:1e-10	Tpos:165.8,Tstd:126.3,Bpos:0.0,Bstd:0.0,StrandBias:3.9,Multiplicity:1.45
0.521	0.001	0.388	0.090
0.181	0.147	0.284	0.388
0.284	0.534	0.001	0.181
0.283	0.001	0.001	0.715
0.001	0.180	0.001	0.818
0.001	0.001	0.001	0.997
0.001	0.002	0.575	0.422
0.001	0.034	0.478	0.486
0.001	0.001	0.908	0.090
0.001	0.001	0.996	0.002
0.001	0.441	0.284	0.274
0.001	0.001	0.001	0.997
>GGCCGMTTGWTT	15-GGCCGMTTGWTT	7.601075	-24.075215	0	T:11.0(91.67%),B:0.0(0.00%),P:1e-10	Tpos:217.8,Tstd:140.3,Bpos:0.0,Bstd:0.0,StrandBias:3.7,Multiplicity:1.27
0.171	0.001	0.552	0.276
0.001	0.001	0.997	0.001
0.001	0.997	0.001	0.001
0.025	0.861	0.001	0.113
0.276	0.276	0.447	0.001
0.552	0.446	0.001	0.001
0.001	0.381	0.001	0.617
0.001	0.275	0.001	0.723
0.001	0.275	0.723	0.001
0.553	0.007	0.001	0.439
0.001	0.001	0.001	0.997
0.001	0.001	0.001	0.997
>HGTATGTCHACG	16-HGTATGTCHACG	8.264327	-20.856339	0	T:10.0(83.33%),B:0.0(0.00%),P:1e-9	Tpos:57.6,Tstd:108.8,Bpos:0.0,Bstd:0.0,StrandBias:3.2,Multiplicity:1.00
0.300	0.221	0.125	0.354
0.167	0.189	0.517	0.127
0.167	0.084	0.125	0.624
0.778	0.211	0.010	0.001
0.001	0.083	0.167	0.749
0.167	0.042	0.656	0.135
0.125	0.001	0.220	0.654
0.042	0.707	0.042	0.209
0.225	0.356	0.169	0.251
0.529	0.042	0.302	0.127
0.264	0.734	0.001	0.001
0.135	0.127	0.571	0.167
