>CGCATGCGCG	1-CGCATGCGCG	8.350283	-27.967035	0	T:12.0(100.00%),B:0.0(0.00%),P:1e-12	Tpos:255.2,Tstd:34.9,Bpos:0.0,Bstd:0.0,StrandBias:0.0,Multiplicity:1.00
0.100	0.700	0.100	0.100
0.100	0.100	0.700	0.100
0.100	0.700	0.100	0.100
0.700	0.100	0.100	0.100
0.100	0.100	0.100	0.700
0.100	0.100	0.700	0.100
0.100	0.700	0.100	0.100
0.100	0.100	0.700	0.100
0.100	0.700	0.100	0.100
0.100	0.100	0.700	0.100
>TGGGGCTTGG	2-TGGGGCTTGG	12.221030	-27.967035	0	T:12.0(100.00%),B:0.0(0.00%),P:1e-12	Tpos:236.5,Tstd:22.5,Bpos:0.0,Bstd:0.0,StrandBias:3.5,Multiplicity:1.00
0.001	0.001	0.001	0.997
0.077	0.001	0.921	0.001
0.234	0.001	0.764	0.001
0.001	0.001	0.997	0.001
0.001	0.095	0.744	0.160
0.001	0.638	0.025	0.336
0.001	0.001	0.001	0.997
0.001	0.077	0.001	0.921
0.001	0.001	0.997	0.001
0.001	0.361	0.637	0.001
>GTTGCCGAGC	3-GTTGCCGAGC	11.073678	-27.967035	0	T:12.0(100.00%),B:0.0(0.00%),P:1e-12	Tpos:190.7,Tstd:8.0,Bpos:0.0,Bstd:0.0,StrandBias:-3.5,Multiplicity:1.00
0.001	0.001	0.997	0.001
0.001	0.001	0.001	0.997
0.001	0.001	0.001	0.997
0.126	0.001	0.872	0.001
0.001	0.997	0.001	0.001
0.001	0.846	0.001	0.152
0.127	0.179	0.567	0.127
0.668	0.001	0.205	0.126
0.001	0.001	0.997	0.001
0.001	0.997	0.001	0.001
>GAGCAAAMCW	4-GAGCAAAMCW	9.883575	-27.967035	0	T:12.0(100.00%),B:0.0(0.00%),P:1e-12	Tpos:318.6,Tstd:60.8,Bpos:0.0,Bstd:0.0,StrandBias:-0.9,Multiplicity:1.42
0.001	0.177	0.821	0.001
0.812	0.001	0.186	0.001
0.001	0.001	0.997	0.001
0.001	0.997	0.001	0.001
0.812	0.001	0.186	0.001
0.997	0.001	0.001	0.001
0.997	0.001	0.001	0.001
0.449	0.364	0.186	0.001
0.177	0.821	0.001	0.001
0.414	0.178	0.001	0.408
>TAWGGCCTTT	5-TAWGGCCTTT	8.353557	-27.967035	0	T:12.0(100.00%),B:0.2(0.45%),P:1e-12	Tpos:143.2,Tstd:75.0,Bpos:256.0,Bstd:0.0,StrandBias:1.7,Multiplicity:2.08
0.001	0.108	0.311	0.580
0.526	0.205	0.007	0.262
0.477	0.050	0.050	0.424
0.099	0.001	0.738	0.162
0.001	0.001	0.900	0.098
0.001	0.533	0.367	0.099
0.001	0.949	0.001	0.049
0.105	0.056	0.001	0.838
0.262	0.099	0.050	0.589
0.001	0.049	0.049	0.901
>GAACCTTTGT	6-GAACCTTTGT	8.497474	-27.967035	0	T:12.0(100.00%),B:0.0(0.00%),P:1e-12	Tpos:230.7,Tstd:50.4,Bpos:0.0,Bstd:0.0,StrandBias:4.3,Multiplicity:1.75
0.001	0.001	0.997	0.001
0.991	0.007	0.001	0.001
0.997	0.001	0.001	0.001
0.001	0.997	0.001	0.001
0.001	0.997	0.001	0.001
0.001	0.001	0.001	0.997
0.001	0.001	0.001	0.997
0.001	0.001	0.001	0.997
0.066	0.119	0.807	0.008
0.001	0.073	0.001	0.925
>GCAACCCCCA	7-GCAACCCCCA	13.617740	-27.967035	0	T:12.0(100.00%),B:0.0(0.00%),P:1e-12	Tpos:224.0,Tstd:14.2,Bpos:0.0,Bstd:0.0,StrandBias:3.5,Multiplicity:1.00
0.001	0.001	0.997	0.001
0.001	0.928	0.070	0.001
0.997	0.001	0.001	0.001
0.997	0.001	0.001	0.001
0.001	0.997	0.001	0.001
0.001	0.928	0.001	0.070
0.001	0.997	0.001	0.001
0.001	0.997	0.001	0.001
0.001	0.928	0.001	0.070
0.997	0.001	0.001	0.001
>CCAAKTGTTT	8-CCAAKTGTTT	11.269766	-27.967035	0	T:12.0(100.00%),B:0.0(0.00%),P:1e-12	Tpos:210.7,Tstd:5.4,Bpos:0.0,Bstd:0.0,StrandBias:3.5,Multiplicity:1.00
0.001	0.701	0.118	0.180
0.178	0.641	0.180	0.001
0.613	0.063	0.001	0.323
0.997	0.001	0.001	0.001
0.001	0.001	0.482	0.516
0.001	0.120	0.001	0.878
0.120	0.001	0.878	0.001
0.216	0.001	0.001	0.782
0.001	0.001	0.058	0.940
0.001	0.001	0.001	0.997
>AATTCGTTGA	9-AATTCGTTGA	9.683544	-27.967035	0	T:12.0(100.00%),B:0.0(0.00%),P:1e-12	Tpos:50.6,Tstd:99.6,Bpos:0.0,Bstd:0.0,StrandBias:-1.0,Multiplicity:1.00
0.775	0.174	0.001	0.050
0.997	0.001	0.001	0.001
0.001	0.001	0.001	0.997
0.001	0.001	0.001	0.997
0.001	0.756	0.242	0.001
0.242	0.001	0.545	0.212
0.001	0.001	0.173	0.825
0.001	0.001	0.001	0.997
0.001	0.001	0.997	0.001
0.583	0.001	0.415	0.001
>CTHTCHCGCM	10-CTHTCHCGCM	8.776539	-27.967035	0	T:12.0(100.00%),B:0.0(0.00%),P:1e-12	Tpos:175.2,Tstd:117.7,Bpos:0.0,Bstd:0.0,StrandBias:3.1,Multiplicity:1.58
0.001	0.981	0.001	0.017
0.131	0.001	0.017	0.851
0.263	0.298	0.131	0.309
0.001	0.001	0.001	0.997
0.262	0.736	0.001	0.001
0.262	0.411	0.001	0.326
0.001	0.605	0.001	0.393
0.001	0.001	0.981	0.017
0.001	0.588	0.410	0.001
0.428	0.570	0.001	0.001
>GCTYCKCKGC	11-GCTYCKCKGC	9.475891	-27.967035	0	T:12.0(100.00%),B:0.0(0.00%),P:1e-12	Tpos:274.0,Tstd:47.3,Bpos:0.0,Bstd:0.0,StrandBias:3.5,Multiplicity:1.00
0.216	0.001	0.560	0.223
0.001	0.700	0.001	0.298
0.001	0.001	0.001	0.997
0.001	0.566	0.001	0.432
0.216	0.567	0.001	0.216
0.001	0.001	0.432	0.566
0.001	0.782	0.216	0.001
0.001	0.001	0.432	0.566
0.001	0.001	0.997	0.001
0.001	0.997	0.001	0.001
>ATTGTTTACA	12-ATTGTTTACA	6.934156	-27.967035	0	T:12.0(100.00%),B:0.0(0.00%),P:1e-12	Tpos:104.1,Tstd:110.4,Bpos:0.0,Bstd:0.0,StrandBias:0.4,Multiplicity:1.33
0.997	0.001	0.001	0.001
0.001	0.001	0.001	0.997
0.001	0.001	0.001	0.997
0.001	0.001	0.997	0.001
0.100	0.001	0.001	0.898
0.001	0.001	0.001	0.997
0.001	0.001	0.001	0.997
0.898	0.001	0.100	0.001
0.001	0.898	0.100	0.001
0.997	0.001	0.001	0.001
>YTGTATGBAT	13-YTGTATGBAT	8.413169	-25.402086	0	T:12.0(100.00%),B:1.7(3.58%),P:1e-11	Tpos:184.5,Tstd:98.6,Bpos:114.0,Bstd:112.3,StrandBias:-0.7,Multiplicity:1.75
0.252	0.302	0.032	0.413
0.296	0.001	0.001	0.702
0.039	0.001	0.928	0.032
0.070	0.284	0.001	0.645
0.698	0.001	0.065	0.236
0.001	0.001	0.031	0.967
0.275	0.001	0.692	0.032
0.032	0.354	0.264	0.350
0.891	0.076	0.001	0.032
0.001	0.171	0.097	0.731
>ACAGGCTTTY	14-ACAGGCTTTY	7.720696	-25.402086	0	T:12.0(100.00%),B:1.1(2.18%),P:1e-11	Tpos:209.2,Tstd:124.1,Bpos:268.0,Bstd:79.0,StrandBias:4.0,Multiplicity:1.42
0.616	0.001	0.035	0.348
0.067	0.758	0.174	0.001
0.584	0.174	0.241	0.001
0.001	0.001	0.647	0.351
0.001	0.419	0.579	0.001
0.001	0.995	0.003	0.001
0.001	0.001	0.001	0.997
0.001	0.173	0.001	0.825
0.001	0.001	0.001	0.997
0.001	0.454	0.001	0.544
>TTGCCCCTTT	15-TTGCCCCTTT	7.618432	-25.402086	0	T:12.0(100.00%),B:1.6(3.27%),P:1e-11	Tpos:106.6,Tstd:97.0,Bpos:152.8,Bstd:36.7,StrandBias:2.9,Multiplicity:1.33
0.276	0.171	0.001	0.552
0.007	0.007	0.276	0.710
0.276	0.276	0.447	0.001
0.001	0.997	0.001	0.001
0.007	0.879	0.001	0.113
0.001	0.997	0.001	0.001
0.001	0.723	0.001	0.275
0.106	0.007	0.276	0.611
0.275	0.001	0.001	0.723
0.001	0.001	0.001	0.997
>ACACAATGTG	16-ACACAATGTG	6.653889	-23.456176	0	T:12.0(100.00%),B:2.9(5.88%),P:1e-10	Tpos:111.2,Tstd:110.3,Bpos:124.1,Bstd:73.1,StrandBias:0.1,Multiplicity:1.42
0.669	0.329	0.001	0.001
0.362	0.636	0.001	0.001
0.695	0.065	0.120	0.120
0.060	0.819	0.001	0.120
0.697	0.001	0.182	0.120
0.609	0.060	0.001	0.330
0.059	0.001	0.001	0.939
0.240	0.120	0.639	0.001
0.060	0.184	0.120	0.636
0.242	0.060	0.697	0.001
>CRGRMCTGRY	17-CRGRMCTGRY	7.188003	-23.456176	0	T:12.0(100.00%),B:2.1(4.41%),P:1e-10	Tpos:286.5,Tstd:91.1,Bpos:265.1,Bstd:66.9,StrandBias:-0.7,Multiplicity:2.42
0.001	0.997	0.001	0.001
0.526	0.001	0.472	0.001
0.016	0.001	0.982	0.001
0.523	0.001	0.446	0.030
0.472	0.526	0.001	0.001
0.032	0.966	0.001	0.001
0.148	0.148	0.205	0.499
0.017	0.002	0.965	0.016
0.446	0.090	0.464	0.001
0.017	0.464	0.001	0.518
>GGAACTCCTA	18-GGAACTCCTA	10.296193	-20.856339	0	T:10.0(83.33%),B:0.0(0.00%),P:1e-9	Tpos:289.6,Tstd:65.2,Bpos:0.0,Bstd:0.0,StrandBias:3.2,Multiplicity:1.00
0.100	0.100	0.700	0.100
0.100	0.100	0.700	0.100
0.700	0.100	0.100	0.100
0.700	0.100	0.100	0.100
0.100	0.700	0.100	0.100
0.100	0.100	0.100	0.700
0.100	0.700	0.100	0.100
0.100	0.700	0.100	0.100
0.100	0.100	0.100	0.700
0.700	0.100	0.100	0.100
>AATTCTGTTG	19-AATTCTGTTG	8.350283	-20.856339	0	T:10.0(83.33%),B:0.0(0.00%),P:1e-9	Tpos:330.0,Tstd:112.3,Bpos:0.0,Bstd:0.0,StrandBias:2.8,Multiplicity:1.00
0.700	0.100	0.100	0.100
0.700	0.100	0.100	0.100
0.100	0.100	0.100	0.700
0.100	0.100	0.100	0.700
0.100	0.700	0.100	0.100
0.100	0.100	0.100	0.700
0.100	0.100	0.700	0.100
0.100	0.100	0.100	0.700
0.100	0.100	0.100	0.700
0.100	0.100	0.700	0.100
>TATCCTGCCT	20-TATCCTGCCT	10.050691	-20.856339	0	T:10.0(83.33%),B:0.0(0.00%),P:1e-9	Tpos:110.0,Tstd:82.0,Bpos:0.0,Bstd:0.0,StrandBias:2.8,Multiplicity:1.00
0.001	0.001	0.001	0.997
0.997	0.001	0.001	0.001
0.001	0.164	0.001	0.834
0.001	0.997	0.001	0.001
0.001	0.997	0.001	0.001
0.164	0.001	0.001	0.834
0.001	0.001	0.997	0.001
0.001	0.997	0.001	0.001
0.001	0.496	0.165	0.338
0.001	0.001	0.001	0.997
>CGCATGCGMGSA	1-CGCATGCGMGSA	7.959772	-27.967035	0	T:12.0(100.00%),B:0.2(0.40%),P:1e-12	Tpos:268.9,Tstd:58.1,Bpos:35.0,Bstd:0.0,StrandBias:-0.5,Multiplicity:1.75
0.001	0.795	0.102	0.102
0.103	0.103	0.691	0.103
0.001	0.575	0.423	0.001
0.473	0.321	0.001	0.205
0.102	0.001	0.001	0.896
0.001	0.001	0.794	0.204
0.102	0.795	0.102	0.001
0.001	0.205	0.692	0.102
0.424	0.463	0.103	0.011
0.001	0.001	0.743	0.255
0.001	0.424	0.473	0.102
0.755	0.103	0.039	0.103
>STATKGATCGGC	2-STATKGATCGGC	13.011992	-27.967035	0	T:12.0(100.00%),B:0.0(0.00%),P:1e-12	Tpos:280.7,Tstd:51.8,Bpos:0.0,Bstd:0.0,StrandBias:-3.5,Multiplicity:1.00
0.001	0.454	0.544	0.001
0.137	0.220	0.067	0.576
0.705	0.001	0.293	0.001
0.001	0.001	0.011	0.987
0.001	0.001	0.555	0.443
0.001	0.001	0.997	0.001
0.705	0.293	0.001	0.001
0.001	0.215	0.001	0.783
0.001	0.611	0.212	0.176
0.213	0.001	0.785	0.001
0.001	0.001	0.997	0.001
0.160	0.838	0.001	0.001
>CGTTDCCCGGCH	3-CGTTDCCCGGCH	9.070744	-27.967035	0	T:12.0(100.00%),B:0.2(0.46%),P:1e-12	Tpos:171.3,Tstd:41.3,Bpos:64.0,Bstd:0.0,StrandBias:3.6,Multiplicity:1.08
0.001	0.726	0.272	0.001
0.001	0.262	0.606	0.131
0.001	0.001	0.001	0.997
0.001	0.001	0.001	0.997
0.393	0.001	0.343	0.262
0.131	0.737	0.001	0.131
0.001	0.715	0.131	0.153
0.142	0.802	0.046	0.010
0.054	0.001	0.552	0.393
0.130	0.001	0.868	0.001
0.262	0.475	0.001	0.262
0.344	0.263	0.131	0.263
>CCMAGTGKTTGS	4-CCMAGTGKTTGS	12.120718	-27.967035	0	T:12.0(100.00%),B:0.0(0.00%),P:1e-12	Tpos:211.5,Tstd:6.0,Bpos:0.0,Bstd:0.0,StrandBias:3.5,Multiplicity:1.00
0.001	0.949	0.001	0.049
0.050	0.850	0.001	0.099
0.457	0.340	0.001	0.203
0.750	0.050	0.199	0.001
0.001	0.289	0.456	0.254
0.050	0.050	0.050	0.850
0.001	0.001	0.949	0.049
0.155	0.050	0.339	0.456
0.050	0.214	0.050	0.686
0.050	0.050	0.050	0.850
0.001	0.001	0.997	0.001
0.001	0.406	0.543	0.050
>CCAYTGKHTGSR	5-CCAYTGKHTGSR	10.827465	-27.967035	0	T:12.0(100.00%),B:0.0(0.00%),P:1e-12	Tpos:203.4,Tstd:65.1,Bpos:0.0,Bstd:0.0,StrandBias:2.9,Multiplicity:1.42
0.174	0.796	0.029	0.001
0.076	0.894	0.001	0.029
0.664	0.001	0.001	0.334
0.001	0.524	0.001	0.474
0.001	0.250	0.001	0.748
0.094	0.001	0.904	0.001
0.076	0.001	0.404	0.519
0.393	0.327	0.007	0.273
0.001	0.001	0.001	0.997
0.046	0.156	0.797	0.001
0.001	0.500	0.498	0.001
0.493	0.076	0.411	0.020
>TATTGWTTRHAA	6-TATTGWTTRHAA	9.896521	-27.967035	0	T:12.0(100.00%),B:0.0(0.00%),P:1e-12	Tpos:120.4,Tstd:108.3,Bpos:0.0,Bstd:0.0,StrandBias:-0.2,Multiplicity:1.25
0.076	0.217	0.001	0.706
0.927	0.001	0.001	0.071
0.001	0.071	0.001	0.927
0.001	0.001	0.001	0.997
0.001	0.287	0.711	0.001
0.305	0.144	0.144	0.408
0.072	0.001	0.287	0.640
0.001	0.001	0.001	0.997
0.452	0.144	0.404	0.001
0.288	0.380	0.089	0.243
0.855	0.072	0.072	0.001
0.520	0.336	0.072	0.072
>CTAWAMAGGCHT	7-CTAWAMAGGCHT	8.178796	-27.967035	0	T:12.0(100.00%),B:0.5(1.11%),P:1e-12	Tpos:126.7,Tstd:34.1,Bpos:349.0,Bstd:0.0,StrandBias:0.4,Multiplicity:2.08
0.164	0.480	0.278	0.078
0.084	0.039	0.005	0.872
0.616	0.001	0.001	0.382
0.324	0.084	0.157	0.436
0.616	0.344	0.001	0.039
0.546	0.414	0.039	0.001
0.883	0.039	0.039	0.039
0.090	0.001	0.829	0.080
0.039	0.157	0.799	0.005
0.004	0.994	0.001	0.001
0.277	0.383	0.001	0.339
0.080	0.005	0.050	0.865
>TGCCCCTTTTAC	8-TGCCCCTTTTAC	9.637423	-27.967035	0	T:12.0(100.00%),B:0.0(0.00%),P:1e-12	Tpos:134.7,Tstd:76.9,Bpos:0.0,Bstd:0.0,StrandBias:3.2,Multiplicity:1.75
0.111	0.001	0.001	0.887
0.001	0.001	0.997	0.001
0.173	0.714	0.112	0.001
0.182	0.705	0.001	0.112
0.001	0.887	0.001	0.111
0.001	0.887	0.111	0.001
0.111	0.001	0.001	0.887
0.001	0.001	0.001	0.997
0.001	0.001	0.111	0.887
0.182	0.225	0.112	0.481
0.705	0.293	0.001	0.001
0.001	0.997	0.001	0.001
>TGYGGATATCCT	9-TGYGGATATCCT	7.524654	-27.967035	0	T:12.0(100.00%),B:0.0(0.00%),P:1e-12	Tpos:197.3,Tstd:120.2,Bpos:0.0,Bstd:0.0,StrandBias:3.2,Multiplicity:1.75
0.001	0.001	0.001	0.997
0.001	0.001	0.784	0.214
0.001	0.561	0.001	0.437
0.214	0.001	0.784	0.001
0.001	0.001	0.997	0.001
0.571	0.001	0.214	0.214
0.346	0.001	0.001	0.652
0.652	0.346	0.001	0.001
0.001	0.001	0.001	0.997
0.001	0.982	0.016	0.001
0.001	0.997	0.001	0.001
0.001	0.001	0.001	0.997
>TGGCCAWWGGCC	10-TGGCCAWWGGCC	5.469251	-27.967035	0	T:12.0(100.00%),B:0.9(1.84%),P:1e-12	Tpos:246.5,Tstd:20.5,Bpos:184.1,Bstd:50.0,StrandBias:0.4,Multiplicity:1.00
0.001	0.001	0.001	0.997
0.001	0.001	0.730	0.268
0.001	0.001	0.997	0.001
0.001	0.730	0.268	0.001
0.001	0.872	0.001	0.126
0.604	0.266	0.129	0.001
0.427	0.001	0.001	0.571
0.541	0.001	0.001	0.457
0.012	0.130	0.854	0.004
0.001	0.001	0.997	0.001
0.001	0.730	0.268	0.001
0.001	0.872	0.001	0.126
>CTCTCGCGCAAA	11-CTCTCGCGCAAA	7.079198	-27.967035	0	T:12.0(100.00%),B:0.0(0.00%),P:1e-12	Tpos:337.1,Tstd:76.1,Bpos:0.0,Bstd:0.0,StrandBias:3.8,Multiplicity:1.25
0.001	0.762	0.236	0.001
0.001	0.001	0.001	0.997
0.001	0.997	0.001	0.001
0.001	0.001	0.001	0.997
0.001	0.762	0.236	0.001
0.001	0.381	0.617	0.001
0.221	0.763	0.015	0.001
0.001	0.001	0.997	0.001
0.001	0.617	0.381	0.001
0.811	0.001	0.187	0.001
0.908	0.001	0.090	0.001
0.908	0.090	0.001	0.001
>MCKGMCAGGTCT	12-MCKGMCAGGTCT	6.860111	-25.402086	0	T:12.0(100.00%),B:1.5(3.05%),P:1e-11	Tpos:277.7,Tstd:82.8,Bpos:275.8,Bstd:63.3,StrandBias:3.2,Multiplicity:1.75
0.491	0.416	0.001	0.092
0.282	0.626	0.046	0.046
0.185	0.093	0.432	0.291
0.281	0.001	0.717	0.001
0.389	0.426	0.093	0.093
0.185	0.533	0.001	0.281
0.667	0.185	0.051	0.097
0.297	0.046	0.611	0.046
0.046	0.147	0.565	0.242
0.046	0.147	0.093	0.714
0.138	0.765	0.001	0.096
0.046	0.185	0.282	0.487
>ACDTYCTTKCCA	13-ACDTYCTTKCCA	9.611151	-24.075215	0	T:11.0(91.67%),B:0.0(0.00%),P:1e-10	Tpos:203.9,Tstd:114.1,Bpos:0.0,Bstd:0.0,StrandBias:3.6,Multiplicity:1.18
0.846	0.001	0.051	0.102
0.155	0.742	0.001	0.102
0.328	0.063	0.263	0.346
0.001	0.056	0.212	0.731
0.013	0.378	0.211	0.397
0.001	0.947	0.051	0.001
0.160	0.001	0.051	0.788
0.001	0.396	0.001	0.602
0.160	0.017	0.346	0.477
0.102	0.846	0.051	0.001
0.211	0.531	0.051	0.207
0.846	0.152	0.001	0.001
>RKCTTTGKGGCT	14-RKCTTTGKGGCT	10.576257	-24.075215	0	T:11.0(91.67%),B:0.0(0.00%),P:1e-10	Tpos:165.8,Tstd:126.3,Bpos:0.0,Bstd:0.0,StrandBias:3.9,Multiplicity:1.45
0.521	0.001	0.388	0.090
0.181	0.147	0.284	0.388
0.284	0.534	0.001	0.181
0.283	0.001	0.001	0.715
0.001	0.180	0.001	0.818
0.001	0.001	0.001	0.997
0.001	0.002	0.575	0.422
0.001	0.034	0.478	0.486
0.001	0.001	0.908	0.090
0.001	0.001	0.996	0.002
0.001	0.441	0.284	0.274
0.001	0.001	0.001	0.997
>GGCCGMTTGWTT	15-GGCCGMTTGWTT	7.601075	-24.075215	0	T:11.0(91.67%),B:0.0(0.00%),P:1e-10	Tpos:217.8,Tstd:140.3,Bpos:0.0,Bstd:0.0,StrandBias:3.7,Multiplicity:1.27
0.171	0.001	0.552	0.276
0.001	0.001	0.997	0.001
0.001	0.997	0.001	0.001
0.025	0.861	0.001	0.113
0.276	0.276	0.447	0.001
0.552	0.446	0.001	0.001
0.001	0.381	0.001	0.617
0.001	0.275	0.001	0.723
0.001	0.275	0.723	0.001
0.553	0.007	0.001	0.439
0.001	0.001	0.001	0.997
0.001	0.001	0.001	0.997
>HGTATGTCHACG	16-HGTATGTCHACG	8.264327	-20.856339	0	T:10.0(83.33%),B:0.0(0.00%),P:1e-9	Tpos:57.6,Tstd:108.8,Bpos:0.0,Bstd:0.0,StrandBias:3.2,Multiplicity:1.00
0.300	0.221	0.125	0.354
0.167	0.189	0.517	0.127
0.167	0.084	0.125	0.624
0.778	0.211	0.010	0.001
0.001	0.083	0.167	0.749
0.167	0.042	0.656	0.135
0.125	0.001	0.220	0.654
0.042	0.707	0.042	0.209
0.225	0.356	0.169	0.251
0.529	0.042	0.302	0.127
0.264	0.734	0.001	0.001
0.135	0.127	0.571	0.167
>GAACCTTT	1-GAACCTTT	8.236954	-27.967035	0	T:12.0(100.00%),B:0.0(0.00%),P:1e-12	Tpos:225.2,Tstd:53.5,Bpos:0.0,Bstd:0.0,StrandBias:3.3,Multiplicity:1.83
0.100	0.100	0.700	0.100
0.700	0.100	0.100	0.100
0.700	0.100	0.100	0.100
0.100	0.700	0.100	0.100
0.100	0.700	0.100	0.100
0.100	0.100	0.100	0.700
0.100	0.100	0.100	0.700
0.100	0.100	0.100	0.700
>TGTATACA	2-TGTATACA	8.211268	-27.967035	0	T:12.0(100.00%),B:0.2(0.37%),P:1e-12	Tpos:135.0,Tstd:58.8,Bpos:297.0,Bstd:0.0,StrandBias:0.8,Multiplicity:1.75
0.057	0.001	0.001	0.941
0.001	0.001	0.997	0.001
0.119	0.001	0.001	0.879
0.997	0.001	0.001	0.001
0.320	0.001	0.001	0.678
0.749	0.001	0.249	0.001
0.001	0.997	0.001	0.001
0.997	0.001	0.001	0.001
>RGGCYTTG	3-RGGCYTTG	5.181026	-27.967035	0	T:12.0(100.00%),B:0.0(0.00%),P:1e-12	Tpos:132.0,Tstd:55.7,Bpos:0.0,Bstd:0.0,StrandBias:1.0,Multiplicity:1.67
0.346	0.154	0.306	0.194
0.148	0.136	0.643	0.073
0.084	0.231	0.498	0.187
0.156	0.521	0.237	0.086
0.107	0.430	0.176	0.287
0.168	0.014	0.114	0.704
0.142	0.036	0.220	0.602
0.082	0.194	0.466	0.258
>GCGCATGC	4-GCGCATGC	10.533179	-27.967035	0	T:12.0(100.00%),B:0.3(0.71%),P:1e-12	Tpos:256.4,Tstd:32.3,Bpos:349.0,Bstd:0.0,StrandBias:1.9,Multiplicity:1.00
0.413	0.001	0.585	0.001
0.001	0.997	0.001	0.001
0.001	0.001	0.997	0.001
0.001	0.997	0.001	0.001
0.997	0.001	0.001	0.001
0.001	0.001	0.001	0.997
0.001	0.001	0.997	0.001
0.001	0.997	0.001	0.001
>GTTTTGCT	5-GTTTTGCT	9.526662	-27.967035	0	T:12.0(100.00%),B:0.7(1.48%),P:1e-12	Tpos:267.9,Tstd:116.8,Bpos:295.6,Bstd:39.5,StrandBias:0.9,Multiplicity:1.67
0.001	0.001	0.997	0.001
0.001	0.001	0.055	0.943
0.001	0.001	0.001	0.997
0.001	0.001	0.001	0.997
0.114	0.239	0.001	0.646
0.001	0.001	0.997	0.001
0.001	0.997	0.001	0.001
0.001	0.055	0.001	0.943
>TGGGGCTT	6-TGGGGCTT	10.285814	-27.967035	0	T:12.0(100.00%),B:0.0(0.00%),P:1e-12	Tpos:235.7,Tstd:21.9,Bpos:0.0,Bstd:0.0,StrandBias:3.5,Multiplicity:1.00
0.001	0.001	0.001	0.997
0.001	0.001	0.997	0.001
0.001	0.001	0.997	0.001
0.001	0.001	0.997	0.001
0.001	0.001	0.705	0.293
0.001	0.646	0.352	0.001
0.001	0.001	0.001	0.997
0.001	0.001	0.001	0.997
>TGMTTGGA	7-TGMTTGGA	8.685383	-27.967035	0	T:12.0(100.00%),B:0.7(1.48%),P:1e-12	Tpos:42.3,Tstd:106.3,Bpos:215.0,Bstd:0.0,StrandBias:3.5,Multiplicity:1.00
0.001	0.066	0.066	0.867
0.066	0.133	0.800	0.001
0.440	0.493	0.001	0.066
0.132	0.001	0.001	0.866
0.341	0.066	0.001	0.592
0.284	0.001	0.714	0.001
0.001	0.001	0.932	0.066
0.867	0.066	0.066	0.001
>CCAADTGT	8-CCAADTGT	8.951171	-27.967035	0	T:12.0(100.00%),B:0.0(0.00%),P:1e-12	Tpos:209.8,Tstd:4.9,Bpos:0.0,Bstd:0.0,StrandBias:3.5,Multiplicity:1.00
0.001	0.805	0.193	0.001
0.001	0.691	0.307	0.001
0.691	0.307	0.001	0.001
0.997	0.001	0.001	0.001
0.307	0.001	0.384	0.307
0.001	0.001	0.001	0.997
0.193	0.001	0.805	0.001
0.001	0.001	0.001	0.997
>TACTGCGG	9-TACTGCGG	8.236954	-27.967035	0	T:12.0(100.00%),B:0.0(0.00%),P:1e-12	Tpos:287.3,Tstd:56.2,Bpos:0.0,Bstd:0.0,StrandBias:3.5,Multiplicity:1.00
0.100	0.100	0.100	0.700
0.700	0.100	0.100	0.100
0.100	0.700	0.100	0.100
0.100	0.100	0.100	0.700
0.100	0.100	0.700	0.100
0.100	0.700	0.100	0.100
0.100	0.100	0.700	0.100
0.100	0.100	0.700	0.100
>TGGATCGG	10-TGGATCGG	9.193711	-25.402086	0	T:12.0(100.00%),B:1.3(2.65%),P:1e-11	Tpos:279.8,Tstd:51.2,Bpos:328.1,Bstd:40.0,StrandBias:-3.5,Multiplicity:1.00
0.001	0.001	0.001	0.997
0.074	0.151	0.508	0.267
0.150	0.001	0.848	0.001
0.705	0.147	0.074	0.074
0.001	0.001	0.001	0.997
0.001	0.581	0.001	0.417
0.001	0.001	0.925	0.073
0.001	0.001	0.925	0.073
>GGCCATCR	11-GGCCATCR	9.221658	-25.402086	0	T:12.0(100.00%),B:2.0(4.06%),P:1e-11	Tpos:248.1,Tstd:24.5,Bpos:174.0,Bstd:56.8,StrandBias:4.1,Multiplicity:1.50
0.001	0.001	0.997	0.001
0.001	0.001	0.997	0.001
0.001	0.997	0.001	0.001
0.001	0.997	0.001	0.001
0.997	0.001	0.001	0.001
0.001	0.001	0.001	0.997
0.326	0.672	0.001	0.001
0.516	0.001	0.482	0.001
>CATTGTGG	12-CATTGTGG	8.272925	-23.456176	0	T:12.0(100.00%),B:2.7(5.60%),P:1e-10	Tpos:150.7,Tstd:104.7,Bpos:322.2,Bstd:32.6,StrandBias:-1.2,Multiplicity:2.25
0.238	0.718	0.001	0.043
0.997	0.001	0.001	0.001
0.027	0.001	0.353	0.619
0.042	0.001	0.001	0.956
0.001	0.001	0.997	0.001
0.001	0.001	0.353	0.645
0.001	0.001	0.997	0.001
0.001	0.001	0.705	0.293
>TTCTGTCG	13-TTCTGTCG	8.512610	-21.846738	0	T:12.0(100.00%),B:3.2(6.57%),P:1e-9	Tpos:266.1,Tstd:73.3,Bpos:67.9,Bstd:64.6,StrandBias:3.9,Multiplicity:1.33
0.001	0.001	0.001	0.997
0.001	0.001	0.379	0.619
0.001	0.854	0.001	0.144
0.001	0.144	0.001	0.854
0.001	0.001	0.997	0.001
0.379	0.001	0.001	0.619
0.001	0.854	0.001	0.144
0.144	0.001	0.854	0.001
>CTCCTCTS	14-CTCCTCTS	7.622145	-21.846738	0	T:12.0(100.00%),B:3.8(7.72%),P:1e-9	Tpos:268.6,Tstd:91.7,Bpos:121.8,Bstd:106.4,StrandBias:3.9,Multiplicity:1.33
0.001	0.639	0.236	0.124
0.115	0.001	0.115	0.769
0.231	0.537	0.231	0.001
0.001	0.883	0.115	0.001
0.001	0.001	0.001	0.997
0.001	0.883	0.001	0.115
0.001	0.001	0.115	0.883
0.001	0.466	0.532	0.001
>VCCCYTTT	15-VCCCYTTT	7.479002	-21.846738	0	T:12.0(100.00%),B:3.6(7.43%),P:1e-9	Tpos:119.8,Tstd:95.0,Bpos:225.0,Bstd:62.3,StrandBias:3.1,Multiplicity:1.18
0.282	0.366	0.351	0.001
0.001	0.997	0.001	0.001
0.006	0.903	0.001	0.090
0.001	0.862	0.084	0.053
0.001	0.555	0.001	0.443
0.084	0.001	0.282	0.633
0.084	0.001	0.053	0.862
0.001	0.001	0.083	0.915
>GGCAACGG	16-GGCAACGG	8.236954	-21.609193	0	T:11.0(91.67%),B:1.8(3.73%),P:1e-9	Tpos:192.3,Tstd:10.6,Bpos:57.0,Bstd:0.0,StrandBias:0.9,Multiplicity:1.55
0.100	0.100	0.700	0.100
0.100	0.100	0.700	0.100
0.100	0.700	0.100	0.100
0.700	0.100	0.100	0.100
0.700	0.100	0.100	0.100
0.100	0.700	0.100	0.100
0.100	0.100	0.700	0.100
0.100	0.100	0.700	0.100
>CTTTCTCG	17-CTTTCTCG	8.295054	-21.609193	0	T:11.0(91.67%),B:1.3(2.60%),P:1e-9	Tpos:200.6,Tstd:114.0,Bpos:241.2,Bstd:56.0,StrandBias:3.8,Multiplicity:1.36
0.001	0.997	0.001	0.001
0.081	0.001	0.001	0.917
0.001	0.001	0.081	0.917
0.001	0.001	0.001	0.997
0.001	0.997	0.001	0.001
0.082	0.001	0.082	0.835
0.001	0.997	0.001	0.001
0.001	0.001	0.997	0.001
>AACTCCTA	18-AACTCCTA	7.818636	-21.609193	0	T:11.0(91.67%),B:1.9(3.98%),P:1e-9	Tpos:320.9,Tstd:73.6,Bpos:176.1,Bstd:96.5,StrandBias:3.7,Multiplicity:1.27
0.917	0.001	0.001	0.081
0.510	0.337	0.152	0.001
0.001	0.837	0.081	0.081
0.082	0.051	0.082	0.785
0.001	0.765	0.233	0.001
0.162	0.836	0.001	0.001
0.051	0.001	0.081	0.867
0.581	0.081	0.001	0.337
>AAGKMTGT	19-AAGKMTGT	8.459601	-20.856339	0	T:10.0(83.33%),B:0.2(0.48%),P:1e-9	Tpos:55.2,Tstd:110.6,Bpos:102.0,Bstd:0.0,StrandBias:3.2,Multiplicity:1.00
0.997	0.001	0.001	0.001
0.713	0.001	0.285	0.001
0.001	0.371	0.627	0.001
0.001	0.049	0.472	0.478
0.477	0.521	0.001	0.001
0.001	0.001	0.285	0.713
0.001	0.001	0.997	0.001
0.001	0.001	0.001	0.997
>CCWRCTTA	20-CCWRCTTA	8.615735	-20.856339	0	T:10.0(83.33%),B:0.3(0.61%),P:1e-9	Tpos:147.9,Tstd:51.0,Bpos:379.0,Bstd:0.0,StrandBias:0.7,Multiplicity:1.60
0.001	0.997	0.001	0.001
0.126	0.747	0.001	0.126
0.457	0.001	0.001	0.541
0.457	0.001	0.541	0.001
0.001	0.997	0.001	0.001
0.135	0.135	0.001	0.729
0.126	0.001	0.126	0.747
0.997	0.001	0.001	0.001
>CAGGTCTC	21-CAGGTCTC	8.598935	-20.460443	0	T:12.0(100.00%),B:4.8(9.91%),P:1e-8	Tpos:271.1,Tstd:81.7,Bpos:209.1,Bstd:25.0,StrandBias:3.2,Multiplicity:1.67
0.001	0.997	0.001	0.001
0.698	0.276	0.025	0.001
0.001	0.001	0.997	0.001
0.001	0.001	0.997	0.001
0.066	0.040	0.001	0.893
0.001	0.997	0.001	0.001
0.001	0.001	0.001	0.997
0.001	0.657	0.341	0.001
>GATAWCCW	22-GATAWCCW	7.901604	-14.125560	0	T:9.0(75.00%),B:2.2(4.51%),P:1e-6	Tpos:93.5,Tstd:69.2,Bpos:123.2,Bstd:93.1,StrandBias:-0.7,Multiplicity:1.00
0.001	0.001	0.997	0.001
0.842	0.010	0.001	0.147
0.273	0.001	0.001	0.725
0.862	0.001	0.136	0.001
0.417	0.001	0.223	0.359
0.001	0.862	0.001	0.136
0.001	0.997	0.001	0.001
0.410	0.001	0.137	0.452
>TATMNKTC	23-TATMNKTC	7.066860	-11.794383	0	T:8.0(66.67%),B:2.8(5.77%),P:1e-5	Tpos:349.9,Tstd:98.2,Bpos:105.5,Bstd:75.2,StrandBias:-2.2,Multiplicity:1.38
0.001	0.001	0.001	0.997
0.993	0.005	0.001	0.001
0.001	0.001	0.001	0.997
0.556	0.442	0.001	0.001
0.217	0.350	0.217	0.217
0.117	0.007	0.440	0.436
0.001	0.001	0.009	0.989
0.001	0.782	0.216	0.001
