>CGCATGCGCG	1-CGCATGCGCG,BestGuess:NRF(NRF)/Promoter/Homer(0.895)	8.350283	-27.967035	0	T:12.0(100.00%),B:0.0(0.00%),P:1e-12
0.100	0.700	0.100	0.100
0.100	0.100	0.700	0.100
0.100	0.700	0.100	0.100
0.700	0.100	0.100	0.100
0.100	0.100	0.100	0.700
0.100	0.100	0.700	0.100
0.100	0.700	0.100	0.100
0.100	0.100	0.700	0.100
0.100	0.700	0.100	0.100
0.100	0.100	0.700	0.100
>TGGGGCTTGG	2-TGGGGCTTGG,BestGuess:ZNF682/MA1599.2/Jaspar(0.793)	12.221030	-27.967035	0	T:12.0(100.00%),B:0.0(0.00%),P:1e-12
0.001	0.001	0.001	0.997
0.077	0.001	0.921	0.001
0.234	0.001	0.764	0.001
0.001	0.001	0.997	0.001
0.001	0.095	0.744	0.160
0.001	0.638	0.025	0.336
0.001	0.001	0.001	0.997
0.001	0.077	0.001	0.921
0.001	0.001	0.997	0.001
0.001	0.361	0.637	0.001
>GTTGCCGAGC	3-GTTGCCGAGC,BestGuess:RFX4/MA0799.3/Jaspar(0.792)	11.073678	-27.967035	0	T:12.0(100.00%),B:0.0(0.00%),P:1e-12
0.001	0.001	0.997	0.001
0.001	0.001	0.001	0.997
0.001	0.001	0.001	0.997
0.126	0.001	0.872	0.001
0.001	0.997	0.001	0.001
0.001	0.846	0.001	0.152
0.127	0.179	0.567	0.127
0.668	0.001	0.205	0.126
0.001	0.001	0.997	0.001
0.001	0.997	0.001	0.001
>GAGCAAAMCW	4-GAGCAAAMCW,BestGuess:PB0121.1_Foxj3_2/Jaspar(0.649)	9.883575	-27.967035	0	T:12.0(100.00%),B:0.0(0.00%),P:1e-12
0.001	0.177	0.821	0.001
0.812	0.001	0.186	0.001
0.001	0.001	0.997	0.001
0.001	0.997	0.001	0.001
0.812	0.001	0.186	0.001
0.997	0.001	0.001	0.001
0.997	0.001	0.001	0.001
0.449	0.364	0.186	0.001
0.177	0.821	0.001	0.001
0.414	0.178	0.001	0.408
>TAWGGCCTTT	5-TAWGGCCTTT,BestGuess:ZFX(Zf)/mES-Zfx-ChIP-Seq(GSE11431)/Homer(0.726)	8.353557	-27.967035	0	T:12.0(100.00%),B:0.2(0.45%),P:1e-12
0.001	0.108	0.311	0.580
0.526	0.205	0.007	0.262
0.477	0.050	0.050	0.424
0.099	0.001	0.738	0.162
0.001	0.001	0.900	0.098
0.001	0.533	0.367	0.099
0.001	0.949	0.001	0.049
0.105	0.056	0.001	0.838
0.262	0.099	0.050	0.589
0.001	0.049	0.049	0.901
>GAACCTTTGT	6-GAACCTTTGT,BestGuess:SOX10/MA0442.3/Jaspar(0.753)	8.497474	-27.967035	0	T:12.0(100.00%),B:0.0(0.00%),P:1e-12
0.001	0.001	0.997	0.001
0.991	0.007	0.001	0.001
0.997	0.001	0.001	0.001
0.001	0.997	0.001	0.001
0.001	0.997	0.001	0.001
0.001	0.001	0.001	0.997
0.001	0.001	0.001	0.997
0.001	0.001	0.001	0.997
0.066	0.119	0.807	0.008
0.001	0.073	0.001	0.925
>CCAAKTGTTT	8-CCAAKTGTTT,BestGuess:SRY/MA0084.2/Jaspar(0.772)	11.269766	-27.967035	0	T:12.0(100.00%),B:0.0(0.00%),P:1e-12
0.001	0.701	0.118	0.180
0.178	0.641	0.180	0.001
0.613	0.063	0.001	0.323
0.997	0.001	0.001	0.001
0.001	0.001	0.482	0.516
0.001	0.120	0.001	0.878
0.120	0.001	0.878	0.001
0.216	0.001	0.001	0.782
0.001	0.001	0.058	0.940
0.001	0.001	0.001	0.997
>CTHTCHCGCM	10-CTHTCHCGCM,BestGuess:E2F7(E2F)/Hela-E2F7-ChIP-Seq(GSE32673)/Homer(0.689)	8.776539	-27.967035	0	T:12.0(100.00%),B:0.0(0.00%),P:1e-12
0.001	0.981	0.001	0.017
0.131	0.001	0.017	0.851
0.263	0.298	0.131	0.309
0.001	0.001	0.001	0.997
0.262	0.736	0.001	0.001
0.262	0.411	0.001	0.326
0.001	0.605	0.001	0.393
0.001	0.001	0.981	0.017
0.001	0.588	0.410	0.001
0.428	0.570	0.001	0.001
>GCTYCKCKGC	11-GCTYCKCKGC,BestGuess:ZNF768/MA1731.2/Jaspar(0.566)	9.475891	-27.967035	0	T:12.0(100.00%),B:0.0(0.00%),P:1e-12
0.216	0.001	0.560	0.223
0.001	0.700	0.001	0.298
0.001	0.001	0.001	0.997
0.001	0.566	0.001	0.432
0.216	0.567	0.001	0.216
0.001	0.001	0.432	0.566
0.001	0.782	0.216	0.001
0.001	0.001	0.432	0.566
0.001	0.001	0.997	0.001
0.001	0.997	0.001	0.001
>STATKGATCGGC	2-STATKGATCGGC,BestGuess:Hnf6b(Homeobox)/LNCaP-Hnf6b-ChIP-Seq(GSE106305)/Homer(0.677)	13.011992	-27.967035	0	T:12.0(100.00%),B:0.0(0.00%),P:1e-12
0.001	0.454	0.544	0.001
0.137	0.220	0.067	0.576
0.705	0.001	0.293	0.001
0.001	0.001	0.011	0.987
0.001	0.001	0.555	0.443
0.001	0.001	0.997	0.001
0.705	0.293	0.001	0.001
0.001	0.215	0.001	0.783
0.001	0.611	0.212	0.176
0.213	0.001	0.785	0.001
0.001	0.001	0.997	0.001
0.160	0.838	0.001	0.001
>CCAYTGKHTGSR	5-CCAYTGKHTGSR,BestGuess:Oct4:Sox17(POU,Homeobox,HMG)/F9-Sox17-ChIP-Seq(GSE44553)/Homer(0.759)	10.827465	-27.967035	0	T:12.0(100.00%),B:0.0(0.00%),P:1e-12
0.174	0.796	0.029	0.001
0.076	0.894	0.001	0.029
0.664	0.001	0.001	0.334
0.001	0.524	0.001	0.474
0.001	0.250	0.001	0.748
0.094	0.001	0.904	0.001
0.076	0.001	0.404	0.519
0.393	0.327	0.007	0.273
0.001	0.001	0.001	0.997
0.046	0.156	0.797	0.001
0.001	0.500	0.498	0.001
0.493	0.076	0.411	0.020
>TGCCCCTTTTAC	8-TGCCCCTTTTAC,BestGuess:PB0137.1_Irf3_2/Jaspar(0.698)	9.637423	-27.967035	0	T:12.0(100.00%),B:0.0(0.00%),P:1e-12
0.111	0.001	0.001	0.887
0.001	0.001	0.997	0.001
0.173	0.714	0.112	0.001
0.182	0.705	0.001	0.112
0.001	0.887	0.001	0.111
0.001	0.887	0.111	0.001
0.111	0.001	0.001	0.887
0.001	0.001	0.001	0.997
0.001	0.001	0.111	0.887
0.182	0.225	0.112	0.481
0.705	0.293	0.001	0.001
0.001	0.997	0.001	0.001
>TGYGGATATCCT	9-TGYGGATATCCT,BestGuess:SD0003.1_at_AC_acceptor/Jaspar(0.642)	7.524654	-27.967035	0	T:12.0(100.00%),B:0.0(0.00%),P:1e-12
0.001	0.001	0.001	0.997
0.001	0.001	0.784	0.214
0.001	0.561	0.001	0.437
0.214	0.001	0.784	0.001
0.001	0.001	0.997	0.001
0.571	0.001	0.214	0.214
0.346	0.001	0.001	0.652
0.652	0.346	0.001	0.001
0.001	0.001	0.001	0.997
0.001	0.982	0.016	0.001
0.001	0.997	0.001	0.001
0.001	0.001	0.001	0.997
>TGGCCAWWGGCC	10-TGGCCAWWGGCC,BestGuess:PB0191.1_Tcfap2c_2/Jaspar(0.688)	5.469251	-27.967035	0	T:12.0(100.00%),B:0.9(1.84%),P:1e-12
0.001	0.001	0.001	0.997
0.001	0.001	0.730	0.268
0.001	0.001	0.997	0.001
0.001	0.730	0.268	0.001
0.001	0.872	0.001	0.126
0.604	0.266	0.129	0.001
0.427	0.001	0.001	0.571
0.541	0.001	0.001	0.457
0.012	0.130	0.854	0.004
0.001	0.001	0.997	0.001
0.001	0.730	0.268	0.001
0.001	0.872	0.001	0.126
>TGTATACA	2-TGTATACA,BestGuess:FOXS1/MA2118.1/Jaspar(0.880)	8.211268	-27.967035	0	T:12.0(100.00%),B:0.2(0.37%),P:1e-12
0.057	0.001	0.001	0.941
0.001	0.001	0.997	0.001
0.119	0.001	0.001	0.879
0.997	0.001	0.001	0.001
0.320	0.001	0.001	0.678
0.749	0.001	0.249	0.001
0.001	0.997	0.001	0.001
0.997	0.001	0.001	0.001
>TGMTTGGA	7-TGMTTGGA,BestGuess:NFYC/MA1644.2/Jaspar(0.817)	8.685383	-27.967035	0	T:12.0(100.00%),B:0.7(1.48%),P:1e-12
0.001	0.066	0.066	0.867
0.066	0.133	0.800	0.001
0.440	0.493	0.001	0.066
0.132	0.001	0.001	0.866
0.341	0.066	0.001	0.592
0.284	0.001	0.714	0.001
0.001	0.001	0.932	0.066
0.867	0.066	0.066	0.001
>TACTGCGG	9-TACTGCGG,BestGuess:Zfp57(Zf)/H1-ZFP57.HA-ChIP-Seq(GSE115387)/Homer(0.655)	8.236954	-27.967035	0	T:12.0(100.00%),B:0.0(0.00%),P:1e-12
0.100	0.100	0.100	0.700
0.700	0.100	0.100	0.100
0.100	0.700	0.100	0.100
0.100	0.100	0.100	0.700
0.100	0.100	0.700	0.100
0.100	0.700	0.100	0.100
0.100	0.100	0.700	0.100
0.100	0.100	0.700	0.100
>MCKGMCAGGTCT	12-MCKGMCAGGTCT,BestGuess:PH0140.1_Pknox1/Jaspar(0.620)	6.860111	-25.402086	0	T:12.0(100.00%),B:1.5(3.05%),P:1e-11
0.491	0.416	0.001	0.092
0.282	0.626	0.046	0.046
0.185	0.093	0.432	0.291
0.281	0.001	0.717	0.001
0.389	0.426	0.093	0.093
0.185	0.533	0.001	0.281
0.667	0.185	0.051	0.097
0.297	0.046	0.611	0.046
0.046	0.147	0.565	0.242
0.046	0.147	0.093	0.714
0.138	0.765	0.001	0.096
0.046	0.185	0.282	0.487
>ACDTYCTTKCCA	13-ACDTYCTTKCCA,BestGuess:Elf5/MA0136.4/Jaspar(0.684)	9.611151	-24.075215	0	T:11.0(91.67%),B:0.0(0.00%),P:1e-10
0.846	0.001	0.051	0.102
0.155	0.742	0.001	0.102
0.328	0.063	0.263	0.346
0.001	0.056	0.212	0.731
0.013	0.378	0.211	0.397
0.001	0.947	0.051	0.001
0.160	0.001	0.051	0.788
0.001	0.396	0.001	0.602
0.160	0.017	0.346	0.477
0.102	0.846	0.051	0.001
0.211	0.531	0.051	0.207
0.846	0.152	0.001	0.001
>CATTGTGG	12-CATTGTGG,BestGuess:SOX13/MA1120.2/Jaspar(0.779)	8.272925	-23.456176	0	T:12.0(100.00%),B:2.7(5.60%),P:1e-10
0.238	0.718	0.001	0.043
0.997	0.001	0.001	0.001
0.027	0.001	0.353	0.619
0.042	0.001	0.001	0.956
0.001	0.001	0.997	0.001
0.001	0.001	0.353	0.645
0.001	0.001	0.997	0.001
0.001	0.001	0.705	0.293
>TTCTGTCG	13-TTCTGTCG,BestGuess:NRL/MA0842.3/Jaspar(0.750)	8.512610	-21.846738	0	T:12.0(100.00%),B:3.2(6.57%),P:1e-9
0.001	0.001	0.001	0.997
0.001	0.001	0.379	0.619
0.001	0.854	0.001	0.144
0.001	0.144	0.001	0.854
0.001	0.001	0.997	0.001
0.379	0.001	0.001	0.619
0.001	0.854	0.001	0.144
0.144	0.001	0.854	0.001
>AACTCCTA	18-AACTCCTA,BestGuess:PB0181.1_Spdef_2/Jaspar(0.684)	7.818636	-21.609193	0	T:11.0(91.67%),B:1.9(3.98%),P:1e-9
0.917	0.001	0.001	0.081
0.510	0.337	0.152	0.001
0.001	0.837	0.081	0.081
0.082	0.051	0.082	0.785
0.001	0.765	0.233	0.001
0.162	0.836	0.001	0.001
0.051	0.001	0.081	0.867
0.581	0.081	0.001	0.337
>HGTATGTCHACG	16-HGTATGTCHACG,BestGuess:FOXA1/MA0148.5/Jaspar(0.637)	8.264327	-20.856339	0	T:10.0(83.33%),B:0.0(0.00%),P:1e-9
0.300	0.221	0.125	0.354
0.167	0.189	0.517	0.127
0.167	0.084	0.125	0.624
0.778	0.211	0.010	0.001
0.001	0.083	0.167	0.749
0.167	0.042	0.656	0.135
0.125	0.001	0.220	0.654
0.042	0.707	0.042	0.209
0.225	0.356	0.169	0.251
0.529	0.042	0.302	0.127
0.264	0.734	0.001	0.001
0.135	0.127	0.571	0.167
>CCWRCTTA	20-CCWRCTTA,BestGuess:Zic3/MA0697.3/Jaspar(0.660)	8.615735	-20.856339	0	T:10.0(83.33%),B:0.3(0.61%),P:1e-9
0.001	0.997	0.001	0.001
0.126	0.747	0.001	0.126
0.457	0.001	0.001	0.541
0.457	0.001	0.541	0.001
0.001	0.997	0.001	0.001
0.135	0.135	0.001	0.729
0.126	0.001	0.126	0.747
0.997	0.001	0.001	0.001
>TATMNKTC	23-TATMNKTC,BestGuess:SD0003.1_at_AC_acceptor/Jaspar(0.712)	7.066860	-11.794383	0	T:8.0(66.67%),B:2.8(5.77%),P:1e-5
0.001	0.001	0.001	0.997
0.993	0.005	0.001	0.001
0.001	0.001	0.001	0.997
0.556	0.442	0.001	0.001
0.217	0.350	0.217	0.217
0.117	0.007	0.440	0.436
0.001	0.001	0.009	0.989
0.001	0.782	0.216	0.001
