>AGTTTATGGG	1-AGTTTATGGG	5.451104	-27.146172	0	T:11.0(100.00%),B:0.0(0.00%),P:1e-11	Tpos:261.2,Tstd:216.9,Bpos:0.0,Bstd:0.0,StrandBias:0.5,Multiplicity:2.18
0.997	0.001	0.001	0.001
0.288	0.211	0.500	0.001
0.001	0.001	0.001	0.997
0.001	0.001	0.001	0.997
0.001	0.210	0.001	0.788
0.997	0.001	0.001	0.001
0.001	0.001	0.001	0.997
0.001	0.001	0.997	0.001
0.001	0.001	0.997	0.001
0.001	0.001	0.997	0.001
>TAAAATCAAT	2-TAAAATCAAT	10.484489	-27.146172	0	T:11.0(100.00%),B:0.5(0.91%),P:1e-11	Tpos:100.2,Tstd:12.5,Bpos:151.6,Bstd:58.2,StrandBias:-0.2,Multiplicity:1.73
0.001	0.001	0.001	0.997
0.795	0.001	0.067	0.137
0.710	0.001	0.001	0.288
0.997	0.001	0.001	0.001
0.997	0.001	0.001	0.001
0.001	0.001	0.001	0.997
0.001	0.997	0.001	0.001
0.932	0.001	0.001	0.066
0.932	0.001	0.001	0.066
0.001	0.001	0.001	0.997
>ACTGCTTTTG	3-ACTGCTTTTG	10.379903	-27.146172	0	T:11.0(100.00%),B:0.7(1.40%),P:1e-11	Tpos:167.0,Tstd:14.8,Bpos:111.9,Bstd:17.3,StrandBias:10.0,Multiplicity:1.09
0.641	0.001	0.357	0.001
0.001	0.997	0.001	0.001
0.001	0.001	0.001	0.997
0.001	0.363	0.635	0.001
0.001	0.997	0.001	0.001
0.104	0.104	0.001	0.791
0.001	0.001	0.001	0.997
0.001	0.001	0.001	0.997
0.102	0.001	0.045	0.852
0.357	0.001	0.641	0.001
>ATGTTTATTC	4-ATGTTTATTC	8.350283	-27.146172	0	T:11.0(100.00%),B:0.5(0.94%),P:1e-11	Tpos:309.0,Tstd:0.0,Bpos:47.0,Bstd:0.0,StrandBias:10.0,Multiplicity:1.00
0.700	0.100	0.100	0.100
0.100	0.100	0.100	0.700
0.100	0.100	0.700	0.100
0.100	0.100	0.100	0.700
0.100	0.100	0.100	0.700
0.100	0.100	0.100	0.700
0.700	0.100	0.100	0.100
0.100	0.100	0.100	0.700
0.100	0.100	0.100	0.700
0.100	0.700	0.100	0.100
>GATGTTACTC	5-GATGTTACTC	9.674335	-27.146172	0	T:11.0(100.00%),B:0.0(0.00%),P:1e-11	Tpos:311.4,Tstd:19.7,Bpos:0.0,Bstd:0.0,StrandBias:2.6,Multiplicity:1.27
0.001	0.001	0.997	0.001
0.997	0.001	0.001	0.001
0.001	0.001	0.279	0.719
0.001	0.279	0.719	0.001
0.280	0.160	0.001	0.559
0.359	0.001	0.001	0.639
0.997	0.001	0.001	0.001
0.001	0.997	0.001	0.001
0.279	0.001	0.001	0.719
0.001	0.719	0.279	0.001
>RTSGGACYTT	6-RTSGGACYTT	9.791534	-27.146172	0	T:11.0(100.00%),B:0.4(0.73%),P:1e-11	Tpos:119.4,Tstd:107.8,Bpos:246.0,Bstd:0.0,StrandBias:10.0,Multiplicity:1.27
0.468	0.062	0.468	0.001
0.001	0.001	0.001	0.997
0.001	0.468	0.530	0.001
0.001	0.001	0.997	0.001
0.001	0.001	0.997	0.001
0.997	0.001	0.001	0.001
0.001	0.997	0.001	0.001
0.001	0.530	0.001	0.468
0.001	0.001	0.001	0.997
0.001	0.001	0.001	0.997
>CCCTTTKAAC	7-CCCTTTKAAC	9.173388	-27.146172	0	T:11.0(100.00%),B:0.0(0.00%),P:1e-11	Tpos:295.0,Tstd:71.0,Bpos:0.0,Bstd:0.0,StrandBias:0.6,Multiplicity:1.00
0.113	0.773	0.113	0.001
0.354	0.532	0.001	0.113
0.001	0.644	0.354	0.001
0.001	0.354	0.001	0.644
0.354	0.001	0.001	0.644
0.001	0.001	0.354	0.644
0.001	0.001	0.531	0.467
0.997	0.001	0.001	0.001
0.987	0.011	0.001	0.001
0.001	0.773	0.113	0.113
>TTACCCTGTA	8-TTACCCTGTA	6.900716	-27.146172	0	T:11.0(100.00%),B:0.0(0.00%),P:1e-11	Tpos:274.0,Tstd:0.0,Bpos:0.0,Bstd:0.0,StrandBias:10.0,Multiplicity:1.00
0.001	0.001	0.129	0.869
0.001	0.001	0.001	0.997
0.997	0.001	0.001	0.001
0.001	0.845	0.001	0.153
0.001	0.997	0.001	0.001
0.001	0.997	0.001	0.001
0.001	0.001	0.001	0.997
0.001	0.001	0.997	0.001
0.001	0.001	0.001	0.997
0.845	0.105	0.001	0.049
>CGAACGGGCA	9-CGAACGGGCA	6.806724	-27.146172	0	T:11.0(100.00%),B:0.3(0.55%),P:1e-11	Tpos:311.1,Tstd:144.7,Bpos:350.0,Bstd:0.0,StrandBias:0.7,Multiplicity:1.00
0.001	0.635	0.001	0.363
0.231	0.001	0.767	0.001
0.635	0.363	0.001	0.001
0.997	0.001	0.001	0.001
0.001	0.767	0.001	0.231
0.001	0.001	0.635	0.363
0.032	0.001	0.966	0.001
0.001	0.001	0.997	0.001
0.001	0.997	0.001	0.001
0.966	0.032	0.001	0.001
>GTGGACAACT	10-GTGGACAACT	8.350283	-24.661266	0	T:11.0(100.00%),B:1.1(2.13%),P:1e-10	Tpos:416.6,Tstd:84.9,Bpos:266.0,Bstd:0.0,StrandBias:10.0,Multiplicity:1.27
0.100	0.100	0.700	0.100
0.100	0.100	0.100	0.700
0.100	0.100	0.700	0.100
0.100	0.100	0.700	0.100
0.700	0.100	0.100	0.100
0.100	0.700	0.100	0.100
0.700	0.100	0.100	0.100
0.700	0.100	0.100	0.100
0.100	0.700	0.100	0.100
0.100	0.100	0.100	0.700
>CTTTKGTTBG	11-CTTTKGTTBG	9.030680	-24.661266	0	T:11.0(100.00%),B:1.5(2.87%),P:1e-10	Tpos:299.7,Tstd:93.4,Bpos:226.2,Bstd:91.0,StrandBias:0.8,Multiplicity:2.00
0.015	0.751	0.077	0.157
0.001	0.001	0.001	0.997
0.001	0.001	0.001	0.997
0.001	0.001	0.001	0.997
0.076	0.001	0.518	0.405
0.091	0.001	0.668	0.240
0.001	0.001	0.001	0.997
0.001	0.001	0.001	0.997
0.001	0.329	0.361	0.310
0.001	0.240	0.758	0.001
>GCTMAGCACA	12-GCTMAGCACA	7.802893	-24.661266	0	T:11.0(100.00%),B:1.1(2.13%),P:1e-10	Tpos:42.3,Tstd:47.7,Bpos:11.0,Bstd:0.0,StrandBias:0.2,Multiplicity:1.18
0.148	0.001	0.850	0.001
0.001	0.997	0.001	0.001
0.149	0.149	0.001	0.701
0.346	0.468	0.037	0.149
0.813	0.001	0.185	0.001
0.001	0.001	0.997	0.001
0.001	0.997	0.001	0.001
0.616	0.382	0.001	0.001
0.001	0.997	0.001	0.001
0.997	0.001	0.001	0.001
>TTATWAKCAA	13-TTATWAKCAA	9.921462	-24.661266	0	T:11.0(100.00%),B:1.1(2.13%),P:1e-10	Tpos:164.1,Tstd:47.1,Bpos:435.0,Bstd:0.0,StrandBias:3.7,Multiplicity:1.27
0.360	0.001	0.001	0.638
0.115	0.115	0.115	0.655
0.884	0.001	0.114	0.001
0.001	0.114	0.001	0.884
0.474	0.001	0.001	0.524
0.882	0.001	0.003	0.114
0.001	0.001	0.540	0.458
0.114	0.590	0.295	0.001
0.844	0.041	0.001	0.114
0.957	0.041	0.001	0.001
>WTWGTTAATG	14-WTWGTTAATG	10.694245	-23.175880	0	T:10.0(90.91%),B:0.0(0.00%),P:1e-10	Tpos:288.8,Tstd:84.2,Bpos:0.0,Bstd:0.0,StrandBias:1.8,Multiplicity:2.20
0.429	0.100	0.001	0.470
0.001	0.003	0.001	0.995
0.428	0.001	0.001	0.570
0.001	0.001	0.995	0.003
0.004	0.100	0.001	0.895
0.321	0.001	0.001	0.677
0.899	0.001	0.099	0.001
0.899	0.099	0.001	0.001
0.313	0.001	0.001	0.685
0.001	0.001	0.997	0.001
>CCACAACMTC	15-CCACAACMTC	11.558043	-23.175880	0	T:10.0(90.91%),B:0.0(0.00%),P:1e-10	Tpos:50.6,Tstd:1.8,Bpos:0.0,Bstd:0.0,StrandBias:10.0,Multiplicity:1.00
0.001	0.997	0.001	0.001
0.078	0.920	0.001	0.001
0.610	0.388	0.001	0.001
0.001	0.997	0.001	0.001
0.997	0.001	0.001	0.001
0.997	0.001	0.001	0.001
0.001	0.997	0.001	0.001
0.485	0.513	0.001	0.001
0.388	0.001	0.001	0.610
0.001	0.610	0.001	0.388
>ATTGCCGCTG	16-ATTGCCGCTG	7.703788	-23.175880	0	T:10.0(90.91%),B:0.3(0.50%),P:1e-10	Tpos:328.1,Tstd:94.9,Bpos:399.0,Bstd:0.0,StrandBias:10.0,Multiplicity:1.00
0.817	0.001	0.001	0.181
0.001	0.001	0.001	0.997
0.001	0.001	0.001	0.997
0.001	0.001	0.997	0.001
0.001	0.997	0.001	0.001
0.001	0.635	0.001	0.363
0.001	0.001	0.817	0.181
0.001	0.997	0.001	0.001
0.001	0.001	0.001	0.997
0.001	0.181	0.817	0.001
>ACCCATHTDC	17-ACCCATHTDC	7.424432	-22.789463	0	T:11.0(100.00%),B:2.5(4.81%),P:1e-9	Tpos:434.3,Tstd:58.0,Bpos:88.2,Bstd:24.1,StrandBias:1.5,Multiplicity:1.36
0.737	0.131	0.131	0.001
0.001	0.736	0.001	0.262
0.012	0.581	0.272	0.135
0.047	0.951	0.001	0.001
0.997	0.001	0.001	0.001
0.130	0.001	0.001	0.868
0.262	0.334	0.001	0.403
0.131	0.001	0.131	0.737
0.337	0.001	0.400	0.262
0.001	0.820	0.001	0.178
>TATGTGGCGG	18-TATGTGGCGG	6.721476	-20.795287	0	T:10.0(90.91%),B:1.3(2.47%),P:1e-9	Tpos:383.1,Tstd:48.2,Bpos:382.0,Bstd:0.0,StrandBias:0.9,Multiplicity:1.70
0.001	0.001	0.001	0.997
0.997	0.001	0.001	0.001
0.001	0.001	0.001	0.997
0.001	0.001	0.997	0.001
0.001	0.001	0.001	0.997
0.001	0.001	0.997	0.001
0.001	0.050	0.609	0.340
0.061	0.937	0.001	0.001
0.401	0.001	0.597	0.001
0.001	0.339	0.659	0.001
>ATAACTTAAG	19-ATAACTTAAG	5.422889	-19.927263	0	T:11.0(100.00%),B:4.2(8.04%),P:1e-8	Tpos:152.3,Tstd:14.1,Bpos:139.5,Bstd:62.8,StrandBias:2.0,Multiplicity:1.09
0.635	0.001	0.001	0.363
0.001	0.084	0.001	0.914
0.997	0.001	0.001	0.001
0.993	0.001	0.001	0.005
0.001	0.641	0.357	0.001
0.001	0.040	0.001	0.958
0.001	0.001	0.001	0.997
0.997	0.001	0.001	0.001
0.719	0.001	0.001	0.279
0.001	0.231	0.767	0.001
>MCAVTGCTGC	20-MCAVTGCTGC	8.858159	-19.880043	0	T:9.0(81.82%),B:0.0(0.00%),P:1e-8	Tpos:393.8,Tstd:59.7,Bpos:0.0,Bstd:0.0,StrandBias:0.2,Multiplicity:1.44
0.523	0.475	0.001	0.001
0.092	0.815	0.010	0.083
0.997	0.001	0.001	0.001
0.262	0.262	0.371	0.105
0.001	0.001	0.082	0.916
0.001	0.001	0.997	0.001
0.001	0.476	0.262	0.262
0.118	0.008	0.001	0.873
0.001	0.001	0.916	0.082
0.262	0.476	0.262	0.001
>CCTATGAATY	21-CCTATGAATY	9.875470	-19.880043	0	T:9.0(81.82%),B:0.0(0.00%),P:1e-8	Tpos:197.0,Tstd:0.0,Bpos:0.0,Bstd:0.0,StrandBias:10.0,Multiplicity:1.00
0.020	0.598	0.001	0.381
0.001	0.997	0.001	0.001
0.091	0.001	0.001	0.907
0.597	0.310	0.001	0.092
0.001	0.091	0.001	0.907
0.020	0.092	0.796	0.092
0.578	0.092	0.001	0.329
0.527	0.289	0.092	0.092
0.001	0.001	0.091	0.907
0.001	0.506	0.112	0.381
>ATRMAAAGGC	22-ATRMAAAGGC	9.284059	-19.021133	0	T:10.0(90.91%),B:2.5(4.80%),P:1e-8	Tpos:130.6,Tstd:65.5,Bpos:159.3,Bstd:36.7,StrandBias:-1.3,Multiplicity:1.40
0.587	0.001	0.411	0.001
0.001	0.001	0.001	0.997
0.476	0.001	0.522	0.001
0.522	0.476	0.001	0.001
0.997	0.001	0.001	0.001
0.540	0.111	0.348	0.001
0.587	0.001	0.411	0.001
0.001	0.001	0.997	0.001
0.001	0.001	0.997	0.001
0.001	0.997	0.001	0.001
>GTTGTATTAT	23-GTTGTATTAT	8.929654	-14.332265	0	T:7.0(63.64%),B:0.0(0.00%),P:1e-6	Tpos:169.0,Tstd:53.2,Bpos:0.0,Bstd:0.0,StrandBias:-0.5,Multiplicity:1.71
0.001	0.001	0.781	0.217
0.001	0.001	0.001	0.997
0.001	0.001	0.001	0.997
0.001	0.001	0.997	0.001
0.034	0.001	0.149	0.816
0.997	0.001	0.001	0.001
0.001	0.001	0.001	0.997
0.001	0.001	0.001	0.997
0.997	0.001	0.001	0.001
0.001	0.001	0.001	0.997
>GGCGCCCGTG	24-GGCGCCCGTG	6.208300	-12.317362	0	T:7.0(63.64%),B:1.2(2.26%),P:1e-5	Tpos:378.8,Tstd:50.7,Bpos:211.9,Bstd:46.8,StrandBias:0.5,Multiplicity:1.71
0.335	0.001	0.663	0.001
0.001	0.001	0.997	0.001
0.001	0.756	0.001	0.242
0.077	0.001	0.636	0.286
0.001	0.971	0.001	0.027
0.001	0.997	0.001	0.001
0.001	0.646	0.001	0.352
0.001	0.001	0.997	0.001
0.001	0.001	0.352	0.646
0.001	0.001	0.997	0.001
>AGYGGGCCCT	25-AGYGGGCCCT	9.085487	-11.898652	0	T:6.0(54.55%),B:0.0(0.00%),P:1e-5	Tpos:69.0,Tstd:0.0,Bpos:0.0,Bstd:0.0,StrandBias:10.0,Multiplicity:1.00
0.461	0.180	0.180	0.180
0.001	0.179	0.641	0.179
0.001	0.461	0.179	0.359
0.179	0.001	0.819	0.001
0.179	0.179	0.641	0.001
0.001	0.001	0.997	0.001
0.001	0.819	0.179	0.001
0.179	0.800	0.001	0.020
0.001	0.778	0.001	0.220
0.179	0.001	0.001	0.819
