>RCWGSKGCMCCW	1-RCWGSKGCMCCW	12.475251	-167.440827	0	T:68.0(100.00%),B:0.0(0.00%),P:1e-72	Tpos:485.8,Tstd:0.4,Bpos:0.0,Bstd:0.0,StrandBias:-2.1,Multiplicity:1.00
0.510	0.001	0.488	0.001
0.001	0.989	0.009	0.001
0.493	0.001	0.009	0.497
0.001	0.001	0.989	0.009
0.010	0.466	0.513	0.011
0.001	0.001	0.523	0.475
0.009	0.001	0.989	0.001
0.001	0.997	0.001	0.001
0.456	0.524	0.001	0.019
0.009	0.981	0.001	0.009
0.009	0.989	0.001	0.001
0.493	0.001	0.009	0.497
>GGKKTTKTTCCY	2-GGKKTTKTTCCY	11.191010	-167.440827	0	T:68.0(100.00%),B:0.0(0.00%),P:1e-72	Tpos:78.3,Tstd:25.6,Bpos:0.0,Bstd:0.0,StrandBias:10.0,Multiplicity:1.04
0.408	0.001	0.590	0.001
0.001	0.001	0.794	0.204
0.205	0.001	0.410	0.385
0.001	0.231	0.382	0.386
0.001	0.001	0.001	0.997
0.001	0.001	0.001	0.997
0.001	0.205	0.357	0.438
0.001	0.001	0.232	0.766
0.001	0.001	0.204	0.794
0.001	0.738	0.001	0.260
0.001	0.997	0.001	0.001
0.001	0.437	0.001	0.561
>AGCCAATCACAG	3-AGCCAATCACAG	10.428773	-167.440827	0	T:68.0(100.00%),B:0.5(0.18%),P:1e-72	Tpos:194.5,Tstd:71.4,Bpos:291.3,Bstd:83.7,StrandBias:10.0,Multiplicity:2.01
0.841	0.001	0.146	0.012
0.071	0.001	0.629	0.299
0.001	0.997	0.001	0.001
0.001	0.997	0.001	0.001
0.997	0.001	0.001	0.001
0.688	0.001	0.310	0.001
0.001	0.310	0.001	0.688
0.001	0.997	0.001	0.001
0.975	0.001	0.023	0.001
0.035	0.963	0.001	0.001
0.617	0.381	0.001	0.001
0.236	0.001	0.762	0.001
>BGATCAAAATCC	4-BGATCAAAATCC	11.455840	-167.440827	0	T:68.0(100.00%),B:0.0(0.00%),P:1e-72	Tpos:91.3,Tstd:53.0,Bpos:0.0,Bstd:0.0,StrandBias:1.0,Multiplicity:2.93
0.001	0.328	0.337	0.334
0.001	0.001	0.997	0.001
0.993	0.001	0.005	0.001
0.337	0.001	0.001	0.661
0.001	0.997	0.001	0.001
0.665	0.001	0.333	0.001
0.671	0.327	0.001	0.001
0.997	0.001	0.001	0.001
0.997	0.001	0.001	0.001
0.337	0.001	0.001	0.661
0.001	0.997	0.001	0.001
0.001	0.661	0.001	0.337
>MCCGTGGCSCCT	5-MCCGTGGCSCCT	10.144555	-167.440827	0	T:68.0(100.00%),B:0.5(0.19%),P:1e-72	Tpos:378.7,Tstd:110.4,Bpos:382.8,Bstd:19.7,StrandBias:10.0,Multiplicity:1.31
0.331	0.472	0.197	0.001
0.001	0.927	0.048	0.024
0.147	0.497	0.270	0.086
0.024	0.196	0.732	0.048
0.049	0.233	0.024	0.694
0.001	0.001	0.913	0.085
0.024	0.147	0.656	0.173
0.001	0.701	0.001	0.297
0.085	0.466	0.448	0.001
0.001	0.779	0.172	0.048
0.001	0.801	0.001	0.197
0.024	0.048	0.001	0.927
>GCAACCCATGGG	6-GCAACCCATGGG	11.071552	-167.440827	0	T:68.0(100.00%),B:0.0(0.00%),P:1e-72	Tpos:37.0,Tstd:25.2,Bpos:0.0,Bstd:0.0,StrandBias:10.0,Multiplicity:1.01
0.001	0.001	0.617	0.381
0.001	0.617	0.001	0.381
0.927	0.001	0.071	0.001
0.997	0.001	0.001	0.001
0.001	0.617	0.381	0.001
0.001	0.997	0.001	0.001
0.001	0.997	0.001	0.001
0.997	0.001	0.001	0.001
0.001	0.001	0.001	0.997
0.001	0.001	0.997	0.001
0.001	0.001	0.997	0.001
0.001	0.001	0.997	0.001
>CHNCTTCGCAAC	7-CHNCTTCGCAAC	9.422882	-167.440827	0	T:68.0(100.00%),B:0.0(0.00%),P:1e-72	Tpos:326.7,Tstd:91.0,Bpos:0.0,Bstd:0.0,StrandBias:10.0,Multiplicity:1.81
0.042	0.906	0.005	0.047
0.324	0.338	0.081	0.256
0.228	0.227	0.268	0.278
0.009	0.668	0.078	0.245
0.067	0.383	0.009	0.541
0.221	0.052	0.053	0.674
0.188	0.792	0.010	0.010
0.113	0.057	0.783	0.047
0.133	0.830	0.009	0.028
0.676	0.271	0.052	0.001
0.587	0.198	0.057	0.158
0.091	0.699	0.132	0.078
>TCCTCGCAAAAA	8-TCCTCGCAAAAA	10.409522	-167.440827	0	T:68.0(100.00%),B:0.0(0.00%),P:1e-72	Tpos:286.0,Tstd:0.0,Bpos:0.0,Bstd:0.0,StrandBias:10.0,Multiplicity:1.00
0.100	0.100	0.100	0.700
0.100	0.700	0.100	0.100
0.100	0.700	0.100	0.100
0.100	0.100	0.100	0.700
0.100	0.700	0.100	0.100
0.100	0.100	0.700	0.100
0.100	0.700	0.100	0.100
0.700	0.100	0.100	0.100
0.700	0.100	0.100	0.100
0.700	0.100	0.100	0.100
0.700	0.100	0.100	0.100
0.700	0.100	0.100	0.100
>YGSRRACAGRAG	9-YGSRRACAGRAG	10.449839	-167.440827	0	T:68.0(100.00%),B:0.3(0.11%),P:1e-72	Tpos:358.2,Tstd:15.5,Bpos:428.0,Bstd:0.0,StrandBias:2.4,Multiplicity:1.18
0.001	0.527	0.001	0.471
0.001	0.001	0.997	0.001
0.001	0.537	0.461	0.001
0.461	0.001	0.537	0.001
0.537	0.001	0.461	0.001
0.868	0.001	0.130	0.001
0.001	0.868	0.130	0.001
0.997	0.001	0.001	0.001
0.001	0.001	0.997	0.001
0.461	0.001	0.537	0.001
0.997	0.001	0.001	0.001
0.130	0.001	0.868	0.001
>AATCTGGACTTG	10-AATCTGGACTTG	10.785552	-167.440827	0	T:68.0(100.00%),B:0.0(0.00%),P:1e-72	Tpos:48.6,Tstd:43.0,Bpos:0.0,Bstd:0.0,StrandBias:10.0,Multiplicity:1.93
0.997	0.001	0.001	0.001
0.621	0.001	0.001	0.377
0.001	0.001	0.001	0.997
0.377	0.621	0.001	0.001
0.001	0.001	0.001	0.997
0.381	0.001	0.617	0.001
0.001	0.377	0.621	0.001
0.621	0.377	0.001	0.001
0.001	0.997	0.001	0.001
0.001	0.381	0.001	0.617
0.001	0.001	0.001	0.997
0.001	0.001	0.997	0.001
>TCCTCCTGTTCG	11-TCCTCCTGTTCG	10.409522	-167.440827	0	T:68.0(100.00%),B:0.6(0.23%),P:1e-72	Tpos:322.0,Tstd:0.0,Bpos:59.6,Bstd:25.0,StrandBias:10.0,Multiplicity:1.00
0.100	0.100	0.100	0.700
0.100	0.700	0.100	0.100
0.100	0.700	0.100	0.100
0.100	0.100	0.100	0.700
0.100	0.700	0.100	0.100
0.100	0.700	0.100	0.100
0.100	0.100	0.100	0.700
0.100	0.100	0.700	0.100
0.100	0.100	0.100	0.700
0.100	0.100	0.100	0.700
0.100	0.700	0.100	0.100
0.100	0.100	0.700	0.100
>TTATCTYCTYCT	12-TTATCTYCTYCT	11.194830	-163.206721	0	T:68.0(100.00%),B:1.4(0.52%),P:1e-70	Tpos:427.2,Tstd:42.4,Bpos:232.6,Bstd:46.3,StrandBias:10.0,Multiplicity:1.88
0.001	0.010	0.001	0.988
0.001	0.403	0.001	0.595
0.606	0.001	0.392	0.001
0.049	0.045	0.001	0.905
0.001	0.997	0.001	0.001
0.001	0.001	0.001	0.997
0.001	0.501	0.001	0.497
0.001	0.997	0.001	0.001
0.001	0.001	0.381	0.617
0.001	0.430	0.001	0.568
0.001	0.988	0.010	0.001
0.001	0.011	0.382	0.606
>TTTACTCCTCCT	13-TTTACTCCTCCT	10.173951	-163.206721	0	T:68.0(100.00%),B:1.3(0.46%),P:1e-70	Tpos:257.3,Tstd:64.9,Bpos:467.5,Bstd:0.7,StrandBias:10.0,Multiplicity:1.55
0.128	0.007	0.266	0.599
0.028	0.034	0.216	0.722
0.022	0.048	0.229	0.701
0.615	0.007	0.377	0.001
0.041	0.575	0.001	0.383
0.007	0.271	0.273	0.449
0.001	0.978	0.020	0.001
0.344	0.654	0.001	0.001
0.001	0.001	0.006	0.992
0.001	0.985	0.013	0.001
0.001	0.997	0.001	0.001
0.189	0.223	0.181	0.407
>CCAAGGATCTTT	14-CCAAGGATCTTT	9.459308	-161.827699	0	T:67.0(98.53%),B:0.0(0.00%),P:1e-70	Tpos:147.8,Tstd:0.6,Bpos:0.0,Bstd:0.0,StrandBias:-3.1,Multiplicity:1.00
0.001	0.946	0.001	0.052
0.001	0.997	0.001	0.001
0.997	0.001	0.001	0.001
0.997	0.001	0.001	0.001
0.029	0.001	0.969	0.001
0.001	0.001	0.997	0.001
0.978	0.001	0.020	0.001
0.001	0.020	0.001	0.978
0.001	0.997	0.001	0.001
0.001	0.074	0.001	0.924
0.001	0.040	0.001	0.958
0.001	0.001	0.001	0.997
>ATGGATTTGGAA	15-ATGGATTTGGAA	9.638212	-161.827699	0	T:67.0(98.53%),B:0.8(0.29%),P:1e-70	Tpos:58.9,Tstd:0.5,Bpos:418.2,Bstd:14.7,StrandBias:-10.0,Multiplicity:1.00
0.694	0.028	0.115	0.163
0.014	0.072	0.071	0.843
0.001	0.028	0.898	0.073
0.001	0.101	0.798	0.100
0.722	0.057	0.204	0.017
0.144	0.001	0.263	0.592
0.193	0.014	0.187	0.606
0.044	0.321	0.045	0.590
0.250	0.085	0.651	0.014
0.058	0.058	0.867	0.017
0.810	0.014	0.173	0.003
0.882	0.001	0.114	0.003
>GCSAAWCHGAGA	16-GCSAAWCHGAGA	11.411403	-161.827699	0	T:67.0(98.53%),B:0.6(0.20%),P:1e-70	Tpos:60.2,Tstd:48.2,Bpos:420.0,Bstd:0.0,StrandBias:3.7,Multiplicity:1.08
0.002	0.178	0.819	0.001
0.001	0.821	0.001	0.177
0.001	0.464	0.534	0.001
0.821	0.177	0.001	0.001
0.821	0.001	0.177	0.001
0.534	0.001	0.001	0.464
0.001	0.997	0.001	0.001
0.287	0.355	0.001	0.357
0.177	0.001	0.821	0.001
0.997	0.001	0.001	0.001
0.001	0.001	0.821	0.177
0.534	0.287	0.001	0.178
>TTACGCATCCTC	17-TTACGCATCCTC	10.409522	-161.827699	0	T:67.0(98.53%),B:0.0(0.00%),P:1e-70	Tpos:336.0,Tstd:0.0,Bpos:0.0,Bstd:0.0,StrandBias:10.0,Multiplicity:1.00
0.100	0.100	0.100	0.700
0.100	0.100	0.100	0.700
0.700	0.100	0.100	0.100
0.100	0.700	0.100	0.100
0.100	0.100	0.700	0.100
0.100	0.700	0.100	0.100
0.700	0.100	0.100	0.100
0.100	0.100	0.100	0.700
0.100	0.700	0.100	0.100
0.100	0.700	0.100	0.100
0.100	0.100	0.100	0.700
0.100	0.700	0.100	0.100
>SCTKGGCSMCAW	18-SCTKGGCSMCAW	10.682230	-159.651373	0	T:68.0(100.00%),B:2.4(0.88%),P:1e-69	Tpos:285.9,Tstd:78.3,Bpos:325.7,Bstd:25.2,StrandBias:-10.0,Multiplicity:1.60
0.121	0.378	0.500	0.001
0.066	0.800	0.113	0.021
0.133	0.056	0.047	0.764
0.010	0.010	0.461	0.519
0.065	0.019	0.904	0.012
0.018	0.359	0.546	0.077
0.046	0.898	0.019	0.037
0.009	0.451	0.530	0.010
0.471	0.519	0.009	0.001
0.075	0.877	0.011	0.037
0.916	0.056	0.010	0.018
0.445	0.066	0.028	0.461
>AACGCCGTTAAC	19-AACGCCGTTAAC	10.573818	-157.611794	0	T:67.0(98.53%),B:1.8(0.65%),P:1e-68	Tpos:379.9,Tstd:71.0,Bpos:348.0,Bstd:0.0,StrandBias:10.0,Multiplicity:1.88
0.990	0.001	0.008	0.001
0.633	0.364	0.002	0.001
0.001	0.632	0.001	0.366
0.001	0.001	0.985	0.013
0.001	0.997	0.001	0.001
0.001	0.997	0.001	0.001
0.001	0.001	0.617	0.381
0.001	0.366	0.002	0.631
0.366	0.001	0.001	0.632
0.969	0.001	0.029	0.001
0.632	0.001	0.366	0.001
0.001	0.997	0.001	0.001
>GGGGAGGGGTCC	20-GGGGAGGGGTCC	8.476729	-156.904075	0	T:66.0(97.06%),B:0.0(0.00%),P:1e-68	Tpos:298.0,Tstd:0.0,Bpos:0.0,Bstd:0.0,StrandBias:10.0,Multiplicity:1.00
0.039	0.001	0.959	0.001
0.001	0.001	0.997	0.001
0.001	0.001	0.997	0.001
0.019	0.001	0.979	0.001
0.997	0.001	0.001	0.001
0.001	0.001	0.997	0.001
0.001	0.001	0.997	0.001
0.001	0.001	0.997	0.001
0.318	0.001	0.680	0.001
0.001	0.001	0.019	0.979
0.001	0.979	0.001	0.019
0.001	0.997	0.001	0.001
>AACCAATCAACA	21-AACCAATCAACA	7.734049	-156.904075	0	T:66.0(97.06%),B:0.6(0.22%),P:1e-68	Tpos:270.0,Tstd:0.0,Bpos:146.3,Bstd:17.9,StrandBias:10.0,Multiplicity:1.00
0.997	0.001	0.001	0.001
0.750	0.001	0.001	0.248
0.001	0.997	0.001	0.001
0.001	0.997	0.001	0.001
0.997	0.001	0.001	0.001
0.997	0.001	0.001	0.001
0.001	0.001	0.001	0.997
0.001	0.750	0.001	0.248
0.997	0.001	0.001	0.001
0.750	0.248	0.001	0.001
0.001	0.997	0.001	0.001
0.997	0.001	0.001	0.001
>GGTGGTGTTCGC	22-GGTGGTGTTCGC	6.922398	-156.487305	0	T:68.0(100.00%),B:3.7(1.35%),P:1e-67	Tpos:236.9,Tstd:19.0,Bpos:283.7,Bstd:198.0,StrandBias:10.0,Multiplicity:1.97
0.001	0.001	0.997	0.001
0.001	0.001	0.997	0.001
0.316	0.001	0.001	0.682
0.001	0.001	0.997	0.001
0.001	0.001	0.997	0.001
0.001	0.236	0.001	0.762
0.001	0.317	0.681	0.001
0.001	0.001	0.001	0.997
0.001	0.373	0.001	0.625
0.001	0.682	0.001	0.316
0.001	0.001	0.682	0.316
0.001	0.682	0.316	0.001
>AAGGTGCCCGCG	23-AAGGTGCCCGCG	7.723502	-152.382287	0	T:65.0(95.59%),B:0.7(0.24%),P:1e-66	Tpos:108.9,Tstd:11.2,Bpos:165.0,Bstd:0.0,StrandBias:1.5,Multiplicity:1.36
0.997	0.001	0.001	0.001
0.866	0.132	0.001	0.001
0.001	0.001	0.997	0.001
0.001	0.001	0.997	0.001
0.348	0.001	0.001	0.650
0.001	0.348	0.650	0.001
0.001	0.997	0.001	0.001
0.001	0.997	0.001	0.001
0.001	0.997	0.001	0.001
0.001	0.001	0.783	0.215
0.001	0.783	0.215	0.001
0.014	0.001	0.984	0.001
>CMAMTGYWSCCS	24-CMAMTGYWSCCS	9.699800	-149.187428	0	T:66.0(97.06%),B:2.7(0.98%),P:1e-64	Tpos:261.2,Tstd:144.5,Bpos:229.4,Bstd:19.2,StrandBias:0.1,Multiplicity:1.74
0.041	0.927	0.016	0.016
0.449	0.489	0.024	0.037
0.914	0.008	0.008	0.070
0.522	0.446	0.016	0.016
0.213	0.041	0.285	0.462
0.033	0.016	0.926	0.025
0.001	0.456	0.001	0.542
0.415	0.143	0.033	0.408
0.008	0.464	0.458	0.070
0.008	0.983	0.001	0.008
0.392	0.551	0.016	0.041
0.127	0.408	0.448	0.016
>GTCCCGTGGTGC	25-GTCCCGTGGTGC	10.409522	-129.594453	0	T:59.0(86.76%),B:0.0(0.00%),P:1e-56	Tpos:177.9,Tstd:0.6,Bpos:0.0,Bstd:0.0,StrandBias:10.0,Multiplicity:1.00
0.100	0.100	0.700	0.100
0.100	0.100	0.100	0.700
0.100	0.700	0.100	0.100
0.100	0.700	0.100	0.100
0.100	0.700	0.100	0.100
0.100	0.100	0.700	0.100
0.100	0.100	0.100	0.700
0.100	0.100	0.700	0.100
0.100	0.100	0.700	0.100
0.100	0.100	0.100	0.700
0.100	0.100	0.700	0.100
0.100	0.700	0.100	0.100
