>GGGKTTTTYC	1-GGGKTTTTYC	7.819496	-167.440827	0	T:68.0(100.00%),B:0.4(0.16%),P:1e-72	Tpos:72.4,Tstd:0.7,Bpos:301.5,Bstd:50.5,StrandBias:10.0,Multiplicity:1.00
0.009	0.001	0.989	0.001
0.001	0.001	0.997	0.001
0.001	0.001	0.997	0.001
0.001	0.001	0.472	0.526
0.001	0.001	0.001	0.997
0.001	0.001	0.001	0.997
0.001	0.001	0.001	0.997
0.001	0.001	0.001	0.997
0.001	0.486	0.001	0.512
0.001	0.997	0.001	0.001
>GKTTTTGTTC	2-GKTTTTGTTC	11.642930	-167.440827	0	T:68.0(100.00%),B:0.0(0.00%),P:1e-72	Tpos:16.9,Tstd:0.5,Bpos:0.0,Bstd:0.0,StrandBias:-10.0,Multiplicity:1.00
0.001	0.001	0.997	0.001
0.001	0.001	0.430	0.568
0.001	0.006	0.001	0.992
0.001	0.001	0.010	0.988
0.413	0.001	0.011	0.575
0.001	0.001	0.001	0.997
0.001	0.412	0.586	0.001
0.001	0.001	0.001	0.997
0.001	0.412	0.001	0.586
0.001	0.997	0.001	0.001
>GATCACAATC	3-GATCACAATC	10.168845	-167.440827	0	T:68.0(100.00%),B:0.4(0.14%),P:1e-72	Tpos:114.8,Tstd:21.1,Bpos:370.0,Bstd:0.0,StrandBias:1.0,Multiplicity:2.91
0.001	0.319	0.679	0.001
0.666	0.001	0.332	0.001
0.001	0.006	0.001	0.992
0.001	0.997	0.001	0.001
0.662	0.001	0.336	0.001
0.336	0.662	0.001	0.001
0.997	0.001	0.001	0.001
0.997	0.001	0.001	0.001
0.001	0.001	0.001	0.997
0.001	0.997	0.001	0.001
>CCARGCACCA	4-CCARGCACCA	11.996455	-167.440827	0	T:68.0(100.00%),B:0.3(0.10%),P:1e-72	Tpos:181.9,Tstd:0.5,Bpos:270.0,Bstd:0.0,StrandBias:-10.0,Multiplicity:1.00
0.001	0.997	0.001	0.001
0.001	0.997	0.001	0.001
0.997	0.001	0.001	0.001
0.437	0.049	0.513	0.001
0.001	0.001	0.933	0.065
0.001	0.997	0.001	0.001
0.591	0.001	0.407	0.001
0.049	0.949	0.001	0.001
0.001	0.997	0.001	0.001
0.997	0.001	0.001	0.001
>TCGCCACCGC	5-TCGCCACCGC	9.319827	-167.440827	0	T:68.0(100.00%),B:0.9(0.32%),P:1e-72	Tpos:445.0,Tstd:21.0,Bpos:79.6,Bstd:45.9,StrandBias:10.0,Multiplicity:1.97
0.001	0.001	0.001	0.997
0.001	0.939	0.059	0.001
0.001	0.001	0.997	0.001
0.001	0.936	0.001	0.062
0.001	0.939	0.059	0.001
0.731	0.001	0.001	0.267
0.001	0.989	0.001	0.009
0.001	0.997	0.001	0.001
0.252	0.001	0.746	0.001
0.001	0.997	0.001	0.001
>GGTGCTTGAT	6-GGTGCTTGAT	9.004681	-167.440827	0	T:68.0(100.00%),B:1.0(0.35%),P:1e-72	Tpos:399.0,Tstd:56.0,Bpos:206.8,Bstd:79.0,StrandBias:-10.0,Multiplicity:1.85
0.001	0.001	0.997	0.001
0.381	0.001	0.617	0.001
0.001	0.377	0.001	0.621
0.378	0.004	0.617	0.001
0.001	0.617	0.001	0.381
0.001	0.001	0.001	0.997
0.001	0.001	0.001	0.997
0.001	0.001	0.997	0.001
0.997	0.001	0.001	0.001
0.001	0.001	0.381	0.617
>CTCTCAGTTT	7-CTCTCAGTTT	9.801320	-167.440827	0	T:68.0(100.00%),B:0.0(0.00%),P:1e-72	Tpos:232.9,Tstd:0.5,Bpos:0.0,Bstd:0.0,StrandBias:10.0,Multiplicity:1.00
0.001	0.997	0.001	0.001
0.001	0.018	0.001	0.980
0.001	0.997	0.001	0.001
0.001	0.001	0.001	0.997
0.001	0.997	0.001	0.001
0.980	0.001	0.018	0.001
0.001	0.001	0.997	0.001
0.001	0.001	0.001	0.997
0.001	0.001	0.001	0.997
0.001	0.001	0.001	0.997
>CTGGACCTAC	8-CTGGACCTAC	9.872586	-167.440827	0	T:68.0(100.00%),B:0.7(0.26%),P:1e-72	Tpos:413.0,Tstd:0.0,Bpos:267.3,Bstd:17.3,StrandBias:10.0,Multiplicity:1.00
0.001	0.997	0.001	0.001
0.001	0.001	0.001	0.997
0.001	0.001	0.997	0.001
0.001	0.001	0.997	0.001
0.997	0.001	0.001	0.001
0.001	0.997	0.001	0.001
0.001	0.961	0.019	0.019
0.001	0.001	0.001	0.997
0.997	0.001	0.001	0.001
0.001	0.997	0.001	0.001
>AAAGATCCCT	9-AAAGATCCCT	10.564560	-167.440827	0	T:68.0(100.00%),B:0.6(0.23%),P:1e-72	Tpos:147.8,Tstd:0.6,Bpos:141.7,Bstd:5.6,StrandBias:3.1,Multiplicity:1.00
0.997	0.001	0.001	0.001
0.997	0.001	0.001	0.001
0.581	0.001	0.417	0.001
0.001	0.001	0.997	0.001
0.997	0.001	0.001	0.001
0.001	0.385	0.001	0.613
0.001	0.997	0.001	0.001
0.001	0.997	0.001	0.001
0.001	0.763	0.001	0.235
0.001	0.001	0.001	0.997
>GGCSCCAATC	10-GGCSCCAATC	11.215761	-163.206721	0	T:68.0(100.00%),B:1.3(0.46%),P:1e-70	Tpos:207.6,Tstd:179.0,Bpos:148.9,Bstd:39.8,StrandBias:1.3,Multiplicity:2.71
0.001	0.001	0.997	0.001
0.001	0.245	0.753	0.001
0.313	0.685	0.001	0.001
0.252	0.440	0.307	0.001
0.001	0.997	0.001	0.001
0.001	0.997	0.001	0.001
0.997	0.001	0.001	0.001
0.997	0.001	0.001	0.001
0.001	0.001	0.001	0.997
0.001	0.997	0.001	0.001
>CCACCMRTCC	11-CCACCMRTCC	5.749420	-163.206721	0	T:68.0(100.00%),B:1.4(0.49%),P:1e-70	Tpos:215.5,Tstd:46.2,Bpos:437.0,Bstd:0.0,StrandBias:10.0,Multiplicity:1.03
0.001	0.997	0.001	0.001
0.001	0.997	0.001	0.001
0.587	0.001	0.411	0.001
0.001	0.997	0.001	0.001
0.001	0.997	0.001	0.001
0.521	0.477	0.001	0.001
0.477	0.001	0.521	0.001
0.001	0.001	0.001	0.997
0.001	0.997	0.001	0.001
0.001	0.997	0.001	0.001
>YWRSTGMTTG	12-YWRSTGMTTG	10.530223	-161.827699	0	T:67.0(98.53%),B:0.5(0.17%),P:1e-70	Tpos:355.0,Tstd:0.0,Bpos:363.0,Bstd:0.0,StrandBias:-10.0,Multiplicity:1.00
0.011	0.518	0.028	0.443
0.535	0.001	0.001	0.463
0.518	0.001	0.480	0.001
0.001	0.518	0.480	0.001
0.001	0.001	0.005	0.993
0.001	0.001	0.997	0.001
0.470	0.528	0.001	0.001
0.001	0.001	0.001	0.997
0.001	0.001	0.001	0.997
0.001	0.001	0.997	0.001
>AGSAGTTRAC	13-AGSAGTTRAC	9.806697	-159.651373	0	T:68.0(100.00%),B:2.3(0.85%),P:1e-69	Tpos:355.3,Tstd:42.0,Bpos:114.4,Bstd:86.7,StrandBias:-10.0,Multiplicity:1.88
0.725	0.273	0.001	0.001
0.001	0.001	0.997	0.001
0.001	0.534	0.464	0.001
0.725	0.273	0.001	0.001
0.001	0.001	0.997	0.001
0.201	0.001	0.002	0.796
0.001	0.001	0.001	0.997
0.469	0.001	0.529	0.001
0.738	0.001	0.001	0.260
0.260	0.738	0.001	0.001
>TRCACYTRAV	14-TRCACYTRAV	6.373154	-157.611794	0	T:67.0(98.53%),B:1.6(0.58%),P:1e-68	Tpos:62.8,Tstd:33.5,Bpos:158.9,Bstd:52.7,StrandBias:10.0,Multiplicity:1.84
0.123	0.118	0.259	0.500
0.372	0.174	0.302	0.152
0.022	0.591	0.309	0.078
0.608	0.066	0.150	0.176
0.044	0.776	0.112	0.068
0.190	0.347	0.135	0.328
0.138	0.027	0.117	0.718
0.318	0.213	0.463	0.005
0.559	0.213	0.206	0.022
0.276	0.351	0.317	0.057
>GRCAGAAGKA	15-GRCAGAAGKA	12.257308	-156.904075	0	T:66.0(97.06%),B:0.2(0.09%),P:1e-68	Tpos:375.5,Tstd:8.4,Bpos:234.0,Bstd:0.0,StrandBias:0.4,Multiplicity:1.73
0.001	0.001	0.997	0.001
0.480	0.001	0.518	0.001
0.001	0.997	0.001	0.001
0.997	0.001	0.001	0.001
0.001	0.001	0.997	0.001
0.997	0.001	0.001	0.001
0.997	0.001	0.001	0.001
0.001	0.001	0.997	0.001
0.112	0.001	0.397	0.490
0.997	0.001	0.001	0.001
>AWKAKACCYC	16-AWKAKACCYC	11.335302	-156.904075	0	T:66.0(97.06%),B:0.2(0.08%),P:1e-68	Tpos:5.0,Tstd:0.0,Bpos:378.0,Bstd:0.0,StrandBias:10.0,Multiplicity:1.00
0.997	0.001	0.001	0.001
0.460	0.010	0.001	0.529
0.001	0.001	0.459	0.539
0.997	0.001	0.001	0.001
0.001	0.001	0.469	0.529
0.997	0.001	0.001	0.001
0.001	0.997	0.001	0.001
0.001	0.997	0.001	0.001
0.001	0.539	0.001	0.459
0.001	0.997	0.001	0.001
>GTACCTTGGG	17-GTACCTTGGG	9.084712	-154.074450	0	T:67.0(98.53%),B:2.9(1.07%),P:1e-66	Tpos:170.5,Tstd:52.5,Bpos:199.6,Bstd:72.1,StrandBias:10.0,Multiplicity:1.84
0.001	0.001	0.997	0.001
0.001	0.001	0.001	0.997
0.800	0.198	0.001	0.001
0.001	0.799	0.001	0.199
0.001	0.780	0.001	0.218
0.001	0.001	0.001	0.997
0.001	0.001	0.001	0.997
0.001	0.001	0.997	0.001
0.001	0.001	0.997	0.001
0.001	0.001	0.997	0.001
>GAACMAAGCC	18-GAACMAAGCC	8.611347	-153.596933	0	T:68.0(100.00%),B:4.5(1.64%),P:1e-66	Tpos:213.4,Tstd:42.6,Bpos:223.3,Bstd:81.4,StrandBias:0.7,Multiplicity:2.37
0.104	0.172	0.462	0.262
0.604	0.314	0.009	0.073
0.849	0.009	0.132	0.010
0.027	0.859	0.113	0.001
0.452	0.512	0.018	0.018
0.786	0.187	0.018	0.009
0.859	0.027	0.010	0.104
0.018	0.018	0.567	0.397
0.001	0.981	0.009	0.009
0.010	0.988	0.001	0.001
>YGCGAACAGG	19-YGCGAACAGG	9.624454	-152.706573	0	T:66.0(97.06%),B:1.5(0.56%),P:1e-66	Tpos:306.1,Tstd:17.5,Bpos:351.2,Bstd:59.4,StrandBias:0.1,Multiplicity:1.86
0.001	0.445	0.001	0.553
0.067	0.001	0.865	0.067
0.001	0.997	0.001	0.001
0.226	0.001	0.772	0.001
0.997	0.001	0.001	0.001
0.932	0.001	0.066	0.001
0.226	0.772	0.001	0.001
0.997	0.001	0.001	0.001
0.135	0.067	0.797	0.001
0.001	0.001	0.997	0.001
>GATCCCGCGG	20-GATCCCGCGG	12.038526	-152.382287	0	T:65.0(95.59%),B:0.0(0.00%),P:1e-66	Tpos:105.9,Tstd:0.5,Bpos:0.0,Bstd:0.0,StrandBias:10.0,Multiplicity:1.00
0.001	0.001	0.997	0.001
0.818	0.001	0.001	0.180
0.180	0.202	0.001	0.617
0.001	0.997	0.001	0.001
0.001	0.997	0.001	0.001
0.001	0.997	0.001	0.001
0.001	0.001	0.997	0.001
0.001	0.997	0.001	0.001
0.001	0.001	0.997	0.001
0.001	0.001	0.997	0.001
>AGGGATCCAA	21-AGGGATCCAA	8.028505	-150.928196	0	T:67.0(98.53%),B:3.5(1.29%),P:1e-65	Tpos:120.7,Tstd:108.9,Bpos:184.1,Bstd:43.4,StrandBias:10.0,Multiplicity:1.30
0.906	0.092	0.001	0.001
0.001	0.186	0.812	0.001
0.001	0.244	0.737	0.018
0.168	0.093	0.738	0.001
0.877	0.001	0.001	0.121
0.001	0.063	0.001	0.935
0.001	0.997	0.001	0.001
0.001	0.997	0.001	0.001
0.906	0.047	0.001	0.046
0.952	0.046	0.001	0.001
>KKTGWCCSCT	22-KKTGWCCSCT	9.059624	-141.634156	0	T:68.0(100.00%),B:9.7(3.56%),P:1e-61	Tpos:351.2,Tstd:82.7,Bpos:257.3,Bstd:155.7,StrandBias:1.5,Multiplicity:2.22
0.001	0.025	0.457	0.517
0.001	0.001	0.477	0.521
0.012	0.001	0.418	0.569
0.001	0.001	0.981	0.017
0.417	0.001	0.150	0.432
0.012	0.909	0.078	0.001
0.005	0.982	0.001	0.012
0.026	0.464	0.419	0.091
0.001	0.997	0.001	0.001
0.025	0.012	0.001	0.962
>CCTGSCGSCA	23-CCTGSCGSCA	11.083630	-140.286928	0	T:62.0(91.18%),B:0.0(0.00%),P:1e-60	Tpos:494.0,Tstd:0.0,Bpos:0.0,Bstd:0.0,StrandBias:-10.0,Multiplicity:1.00
0.023	0.933	0.036	0.008
0.050	0.912	0.001	0.037
0.043	0.007	0.014	0.936
0.007	0.043	0.921	0.029
0.014	0.413	0.544	0.029
0.146	0.718	0.057	0.079
0.065	0.140	0.752	0.043
0.036	0.516	0.419	0.029
0.036	0.810	0.044	0.110
0.849	0.064	0.066	0.021
>TCCRCATGGA	24-TCCRCATGGA	13.070184	-136.598049	0	T:61.0(89.71%),B:0.3(0.11%),P:1e-59	Tpos:209.9,Tstd:0.5,Bpos:170.0,Bstd:0.0,StrandBias:10.0,Multiplicity:1.00
0.001	0.001	0.001	0.997
0.001	0.997	0.001	0.001
0.001	0.997	0.001	0.001
0.533	0.001	0.465	0.001
0.001	0.997	0.001	0.001
0.997	0.001	0.001	0.001
0.001	0.001	0.001	0.997
0.001	0.001	0.997	0.001
0.001	0.001	0.997	0.001
0.997	0.001	0.001	0.001
>AMCCCMKGGG	25-AMCCCMKGGG	11.505988	-135.743510	0	T:66.0(97.06%),B:7.2(2.62%),P:1e-58	Tpos:246.4,Tstd:0.7,Bpos:218.2,Bstd:84.3,StrandBias:0.1,Multiplicity:1.00
0.947	0.042	0.010	0.001
0.477	0.521	0.001	0.001
0.001	0.984	0.002	0.013
0.001	0.997	0.001	0.001
0.058	0.940	0.001	0.001
0.525	0.473	0.001	0.001
0.001	0.001	0.536	0.462
0.010	0.001	0.988	0.001
0.001	0.001	0.967	0.031
0.001	0.001	0.997	0.001
>RCWGSKGCMCCW	1-RCWGSKGCMCCW	12.475251	-167.440827	0	T:68.0(100.00%),B:0.0(0.00%),P:1e-72	Tpos:485.8,Tstd:0.4,Bpos:0.0,Bstd:0.0,StrandBias:-2.1,Multiplicity:1.00
0.510	0.001	0.488	0.001
0.001	0.989	0.009	0.001
0.493	0.001	0.009	0.497
0.001	0.001	0.989	0.009
0.010	0.466	0.513	0.011
0.001	0.001	0.523	0.475
0.009	0.001	0.989	0.001
0.001	0.997	0.001	0.001
0.456	0.524	0.001	0.019
0.009	0.981	0.001	0.009
0.009	0.989	0.001	0.001
0.493	0.001	0.009	0.497
>GGKKTTKTTCCY	2-GGKKTTKTTCCY	11.191010	-167.440827	0	T:68.0(100.00%),B:0.0(0.00%),P:1e-72	Tpos:78.3,Tstd:25.6,Bpos:0.0,Bstd:0.0,StrandBias:10.0,Multiplicity:1.04
0.408	0.001	0.590	0.001
0.001	0.001	0.794	0.204
0.205	0.001	0.410	0.385
0.001	0.231	0.382	0.386
0.001	0.001	0.001	0.997
0.001	0.001	0.001	0.997
0.001	0.205	0.357	0.438
0.001	0.001	0.232	0.766
0.001	0.001	0.204	0.794
0.001	0.738	0.001	0.260
0.001	0.997	0.001	0.001
0.001	0.437	0.001	0.561
>AGCCAATCACAG	3-AGCCAATCACAG	10.428773	-167.440827	0	T:68.0(100.00%),B:0.5(0.18%),P:1e-72	Tpos:194.5,Tstd:71.4,Bpos:291.3,Bstd:83.7,StrandBias:10.0,Multiplicity:2.01
0.841	0.001	0.146	0.012
0.071	0.001	0.629	0.299
0.001	0.997	0.001	0.001
0.001	0.997	0.001	0.001
0.997	0.001	0.001	0.001
0.688	0.001	0.310	0.001
0.001	0.310	0.001	0.688
0.001	0.997	0.001	0.001
0.975	0.001	0.023	0.001
0.035	0.963	0.001	0.001
0.617	0.381	0.001	0.001
0.236	0.001	0.762	0.001
>BGATCAAAATCC	4-BGATCAAAATCC	11.455840	-167.440827	0	T:68.0(100.00%),B:0.0(0.00%),P:1e-72	Tpos:91.3,Tstd:53.0,Bpos:0.0,Bstd:0.0,StrandBias:1.0,Multiplicity:2.93
0.001	0.328	0.337	0.334
0.001	0.001	0.997	0.001
0.993	0.001	0.005	0.001
0.337	0.001	0.001	0.661
0.001	0.997	0.001	0.001
0.665	0.001	0.333	0.001
0.671	0.327	0.001	0.001
0.997	0.001	0.001	0.001
0.997	0.001	0.001	0.001
0.337	0.001	0.001	0.661
0.001	0.997	0.001	0.001
0.001	0.661	0.001	0.337
>MCCGTGGCSCCT	5-MCCGTGGCSCCT	10.144555	-167.440827	0	T:68.0(100.00%),B:0.5(0.19%),P:1e-72	Tpos:378.7,Tstd:110.4,Bpos:382.8,Bstd:19.7,StrandBias:10.0,Multiplicity:1.31
0.331	0.472	0.197	0.001
0.001	0.927	0.048	0.024
0.147	0.497	0.270	0.086
0.024	0.196	0.732	0.048
0.049	0.233	0.024	0.694
0.001	0.001	0.913	0.085
0.024	0.147	0.656	0.173
0.001	0.701	0.001	0.297
0.085	0.466	0.448	0.001
0.001	0.779	0.172	0.048
0.001	0.801	0.001	0.197
0.024	0.048	0.001	0.927
>GCAACCCATGGG	6-GCAACCCATGGG	11.071552	-167.440827	0	T:68.0(100.00%),B:0.0(0.00%),P:1e-72	Tpos:37.0,Tstd:25.2,Bpos:0.0,Bstd:0.0,StrandBias:10.0,Multiplicity:1.01
0.001	0.001	0.617	0.381
0.001	0.617	0.001	0.381
0.927	0.001	0.071	0.001
0.997	0.001	0.001	0.001
0.001	0.617	0.381	0.001
0.001	0.997	0.001	0.001
0.001	0.997	0.001	0.001
0.997	0.001	0.001	0.001
0.001	0.001	0.001	0.997
0.001	0.001	0.997	0.001
0.001	0.001	0.997	0.001
0.001	0.001	0.997	0.001
>CHNCTTCGCAAC	7-CHNCTTCGCAAC	9.422882	-167.440827	0	T:68.0(100.00%),B:0.0(0.00%),P:1e-72	Tpos:326.7,Tstd:91.0,Bpos:0.0,Bstd:0.0,StrandBias:10.0,Multiplicity:1.81
0.042	0.906	0.005	0.047
0.324	0.338	0.081	0.256
0.228	0.227	0.268	0.278
0.009	0.668	0.078	0.245
0.067	0.383	0.009	0.541
0.221	0.052	0.053	0.674
0.188	0.792	0.010	0.010
0.113	0.057	0.783	0.047
0.133	0.830	0.009	0.028
0.676	0.271	0.052	0.001
0.587	0.198	0.057	0.158
0.091	0.699	0.132	0.078
>TCCTCGCAAAAA	8-TCCTCGCAAAAA	10.409522	-167.440827	0	T:68.0(100.00%),B:0.0(0.00%),P:1e-72	Tpos:286.0,Tstd:0.0,Bpos:0.0,Bstd:0.0,StrandBias:10.0,Multiplicity:1.00
0.100	0.100	0.100	0.700
0.100	0.700	0.100	0.100
0.100	0.700	0.100	0.100
0.100	0.100	0.100	0.700
0.100	0.700	0.100	0.100
0.100	0.100	0.700	0.100
0.100	0.700	0.100	0.100
0.700	0.100	0.100	0.100
0.700	0.100	0.100	0.100
0.700	0.100	0.100	0.100
0.700	0.100	0.100	0.100
0.700	0.100	0.100	0.100
>YGSRRACAGRAG	9-YGSRRACAGRAG	10.449839	-167.440827	0	T:68.0(100.00%),B:0.3(0.11%),P:1e-72	Tpos:358.2,Tstd:15.5,Bpos:428.0,Bstd:0.0,StrandBias:2.4,Multiplicity:1.18
0.001	0.527	0.001	0.471
0.001	0.001	0.997	0.001
0.001	0.537	0.461	0.001
0.461	0.001	0.537	0.001
0.537	0.001	0.461	0.001
0.868	0.001	0.130	0.001
0.001	0.868	0.130	0.001
0.997	0.001	0.001	0.001
0.001	0.001	0.997	0.001
0.461	0.001	0.537	0.001
0.997	0.001	0.001	0.001
0.130	0.001	0.868	0.001
>AATCTGGACTTG	10-AATCTGGACTTG	10.785552	-167.440827	0	T:68.0(100.00%),B:0.0(0.00%),P:1e-72	Tpos:48.6,Tstd:43.0,Bpos:0.0,Bstd:0.0,StrandBias:10.0,Multiplicity:1.93
0.997	0.001	0.001	0.001
0.621	0.001	0.001	0.377
0.001	0.001	0.001	0.997
0.377	0.621	0.001	0.001
0.001	0.001	0.001	0.997
0.381	0.001	0.617	0.001
0.001	0.377	0.621	0.001
0.621	0.377	0.001	0.001
0.001	0.997	0.001	0.001
0.001	0.381	0.001	0.617
0.001	0.001	0.001	0.997
0.001	0.001	0.997	0.001
>TCCTCCTGTTCG	11-TCCTCCTGTTCG	10.409522	-167.440827	0	T:68.0(100.00%),B:0.6(0.23%),P:1e-72	Tpos:322.0,Tstd:0.0,Bpos:59.6,Bstd:25.0,StrandBias:10.0,Multiplicity:1.00
0.100	0.100	0.100	0.700
0.100	0.700	0.100	0.100
0.100	0.700	0.100	0.100
0.100	0.100	0.100	0.700
0.100	0.700	0.100	0.100
0.100	0.700	0.100	0.100
0.100	0.100	0.100	0.700
0.100	0.100	0.700	0.100
0.100	0.100	0.100	0.700
0.100	0.100	0.100	0.700
0.100	0.700	0.100	0.100
0.100	0.100	0.700	0.100
>TTATCTYCTYCT	12-TTATCTYCTYCT	11.194830	-163.206721	0	T:68.0(100.00%),B:1.4(0.52%),P:1e-70	Tpos:427.2,Tstd:42.4,Bpos:232.6,Bstd:46.3,StrandBias:10.0,Multiplicity:1.88
0.001	0.010	0.001	0.988
0.001	0.403	0.001	0.595
0.606	0.001	0.392	0.001
0.049	0.045	0.001	0.905
0.001	0.997	0.001	0.001
0.001	0.001	0.001	0.997
0.001	0.501	0.001	0.497
0.001	0.997	0.001	0.001
0.001	0.001	0.381	0.617
0.001	0.430	0.001	0.568
0.001	0.988	0.010	0.001
0.001	0.011	0.382	0.606
>TTTACTCCTCCT	13-TTTACTCCTCCT	10.173951	-163.206721	0	T:68.0(100.00%),B:1.3(0.46%),P:1e-70	Tpos:257.3,Tstd:64.9,Bpos:467.5,Bstd:0.7,StrandBias:10.0,Multiplicity:1.55
0.128	0.007	0.266	0.599
0.028	0.034	0.216	0.722
0.022	0.048	0.229	0.701
0.615	0.007	0.377	0.001
0.041	0.575	0.001	0.383
0.007	0.271	0.273	0.449
0.001	0.978	0.020	0.001
0.344	0.654	0.001	0.001
0.001	0.001	0.006	0.992
0.001	0.985	0.013	0.001
0.001	0.997	0.001	0.001
0.189	0.223	0.181	0.407
>CCAAGGATCTTT	14-CCAAGGATCTTT	9.459308	-161.827699	0	T:67.0(98.53%),B:0.0(0.00%),P:1e-70	Tpos:147.8,Tstd:0.6,Bpos:0.0,Bstd:0.0,StrandBias:-3.1,Multiplicity:1.00
0.001	0.946	0.001	0.052
0.001	0.997	0.001	0.001
0.997	0.001	0.001	0.001
0.997	0.001	0.001	0.001
0.029	0.001	0.969	0.001
0.001	0.001	0.997	0.001
0.978	0.001	0.020	0.001
0.001	0.020	0.001	0.978
0.001	0.997	0.001	0.001
0.001	0.074	0.001	0.924
0.001	0.040	0.001	0.958
0.001	0.001	0.001	0.997
>ATGGATTTGGAA	15-ATGGATTTGGAA	9.638212	-161.827699	0	T:67.0(98.53%),B:0.8(0.29%),P:1e-70	Tpos:58.9,Tstd:0.5,Bpos:418.2,Bstd:14.7,StrandBias:-10.0,Multiplicity:1.00
0.694	0.028	0.115	0.163
0.014	0.072	0.071	0.843
0.001	0.028	0.898	0.073
0.001	0.101	0.798	0.100
0.722	0.057	0.204	0.017
0.144	0.001	0.263	0.592
0.193	0.014	0.187	0.606
0.044	0.321	0.045	0.590
0.250	0.085	0.651	0.014
0.058	0.058	0.867	0.017
0.810	0.014	0.173	0.003
0.882	0.001	0.114	0.003
>GCSAAWCHGAGA	16-GCSAAWCHGAGA	11.411403	-161.827699	0	T:67.0(98.53%),B:0.6(0.20%),P:1e-70	Tpos:60.2,Tstd:48.2,Bpos:420.0,Bstd:0.0,StrandBias:3.7,Multiplicity:1.08
0.002	0.178	0.819	0.001
0.001	0.821	0.001	0.177
0.001	0.464	0.534	0.001
0.821	0.177	0.001	0.001
0.821	0.001	0.177	0.001
0.534	0.001	0.001	0.464
0.001	0.997	0.001	0.001
0.287	0.355	0.001	0.357
0.177	0.001	0.821	0.001
0.997	0.001	0.001	0.001
0.001	0.001	0.821	0.177
0.534	0.287	0.001	0.178
>TTACGCATCCTC	17-TTACGCATCCTC	10.409522	-161.827699	0	T:67.0(98.53%),B:0.0(0.00%),P:1e-70	Tpos:336.0,Tstd:0.0,Bpos:0.0,Bstd:0.0,StrandBias:10.0,Multiplicity:1.00
0.100	0.100	0.100	0.700
0.100	0.100	0.100	0.700
0.700	0.100	0.100	0.100
0.100	0.700	0.100	0.100
0.100	0.100	0.700	0.100
0.100	0.700	0.100	0.100
0.700	0.100	0.100	0.100
0.100	0.100	0.100	0.700
0.100	0.700	0.100	0.100
0.100	0.700	0.100	0.100
0.100	0.100	0.100	0.700
0.100	0.700	0.100	0.100
>SCTKGGCSMCAW	18-SCTKGGCSMCAW	10.682230	-159.651373	0	T:68.0(100.00%),B:2.4(0.88%),P:1e-69	Tpos:285.9,Tstd:78.3,Bpos:325.7,Bstd:25.2,StrandBias:-10.0,Multiplicity:1.60
0.121	0.378	0.500	0.001
0.066	0.800	0.113	0.021
0.133	0.056	0.047	0.764
0.010	0.010	0.461	0.519
0.065	0.019	0.904	0.012
0.018	0.359	0.546	0.077
0.046	0.898	0.019	0.037
0.009	0.451	0.530	0.010
0.471	0.519	0.009	0.001
0.075	0.877	0.011	0.037
0.916	0.056	0.010	0.018
0.445	0.066	0.028	0.461
>AACGCCGTTAAC	19-AACGCCGTTAAC	10.573818	-157.611794	0	T:67.0(98.53%),B:1.8(0.65%),P:1e-68	Tpos:379.9,Tstd:71.0,Bpos:348.0,Bstd:0.0,StrandBias:10.0,Multiplicity:1.88
0.990	0.001	0.008	0.001
0.633	0.364	0.002	0.001
0.001	0.632	0.001	0.366
0.001	0.001	0.985	0.013
0.001	0.997	0.001	0.001
0.001	0.997	0.001	0.001
0.001	0.001	0.617	0.381
0.001	0.366	0.002	0.631
0.366	0.001	0.001	0.632
0.969	0.001	0.029	0.001
0.632	0.001	0.366	0.001
0.001	0.997	0.001	0.001
>GGGGAGGGGTCC	20-GGGGAGGGGTCC	8.476729	-156.904075	0	T:66.0(97.06%),B:0.0(0.00%),P:1e-68	Tpos:298.0,Tstd:0.0,Bpos:0.0,Bstd:0.0,StrandBias:10.0,Multiplicity:1.00
0.039	0.001	0.959	0.001
0.001	0.001	0.997	0.001
0.001	0.001	0.997	0.001
0.019	0.001	0.979	0.001
0.997	0.001	0.001	0.001
0.001	0.001	0.997	0.001
0.001	0.001	0.997	0.001
0.001	0.001	0.997	0.001
0.318	0.001	0.680	0.001
0.001	0.001	0.019	0.979
0.001	0.979	0.001	0.019
0.001	0.997	0.001	0.001
>AACCAATCAACA	21-AACCAATCAACA	7.734049	-156.904075	0	T:66.0(97.06%),B:0.6(0.22%),P:1e-68	Tpos:270.0,Tstd:0.0,Bpos:146.3,Bstd:17.9,StrandBias:10.0,Multiplicity:1.00
0.997	0.001	0.001	0.001
0.750	0.001	0.001	0.248
0.001	0.997	0.001	0.001
0.001	0.997	0.001	0.001
0.997	0.001	0.001	0.001
0.997	0.001	0.001	0.001
0.001	0.001	0.001	0.997
0.001	0.750	0.001	0.248
0.997	0.001	0.001	0.001
0.750	0.248	0.001	0.001
0.001	0.997	0.001	0.001
0.997	0.001	0.001	0.001
>GGTGGTGTTCGC	22-GGTGGTGTTCGC	6.922398	-156.487305	0	T:68.0(100.00%),B:3.7(1.35%),P:1e-67	Tpos:236.9,Tstd:19.0,Bpos:283.7,Bstd:198.0,StrandBias:10.0,Multiplicity:1.97
0.001	0.001	0.997	0.001
0.001	0.001	0.997	0.001
0.316	0.001	0.001	0.682
0.001	0.001	0.997	0.001
0.001	0.001	0.997	0.001
0.001	0.236	0.001	0.762
0.001	0.317	0.681	0.001
0.001	0.001	0.001	0.997
0.001	0.373	0.001	0.625
0.001	0.682	0.001	0.316
0.001	0.001	0.682	0.316
0.001	0.682	0.316	0.001
>AAGGTGCCCGCG	23-AAGGTGCCCGCG	7.723502	-152.382287	0	T:65.0(95.59%),B:0.7(0.24%),P:1e-66	Tpos:108.9,Tstd:11.2,Bpos:165.0,Bstd:0.0,StrandBias:1.5,Multiplicity:1.36
0.997	0.001	0.001	0.001
0.866	0.132	0.001	0.001
0.001	0.001	0.997	0.001
0.001	0.001	0.997	0.001
0.348	0.001	0.001	0.650
0.001	0.348	0.650	0.001
0.001	0.997	0.001	0.001
0.001	0.997	0.001	0.001
0.001	0.997	0.001	0.001
0.001	0.001	0.783	0.215
0.001	0.783	0.215	0.001
0.014	0.001	0.984	0.001
>CMAMTGYWSCCS	24-CMAMTGYWSCCS	9.699800	-149.187428	0	T:66.0(97.06%),B:2.7(0.98%),P:1e-64	Tpos:261.2,Tstd:144.5,Bpos:229.4,Bstd:19.2,StrandBias:0.1,Multiplicity:1.74
0.041	0.927	0.016	0.016
0.449	0.489	0.024	0.037
0.914	0.008	0.008	0.070
0.522	0.446	0.016	0.016
0.213	0.041	0.285	0.462
0.033	0.016	0.926	0.025
0.001	0.456	0.001	0.542
0.415	0.143	0.033	0.408
0.008	0.464	0.458	0.070
0.008	0.983	0.001	0.008
0.392	0.551	0.016	0.041
0.127	0.408	0.448	0.016
>GTCCCGTGGTGC	25-GTCCCGTGGTGC	10.409522	-129.594453	0	T:59.0(86.76%),B:0.0(0.00%),P:1e-56	Tpos:177.9,Tstd:0.6,Bpos:0.0,Bstd:0.0,StrandBias:10.0,Multiplicity:1.00
0.100	0.100	0.700	0.100
0.100	0.100	0.100	0.700
0.100	0.700	0.100	0.100
0.100	0.700	0.100	0.100
0.100	0.700	0.100	0.100
0.100	0.100	0.700	0.100
0.100	0.100	0.100	0.700
0.100	0.100	0.700	0.100
0.100	0.100	0.700	0.100
0.100	0.100	0.100	0.700
0.100	0.100	0.700	0.100
0.100	0.700	0.100	0.100
>AAAACTGC	1-AAAACTGC	8.236954	-167.440827	0	T:68.0(100.00%),B:0.5(0.17%),P:1e-72	Tpos:21.9,Tstd:0.5,Bpos:249.7,Bstd:3.6,StrandBias:10.0,Multiplicity:1.00
0.700	0.100	0.100	0.100
0.700	0.100	0.100	0.100
0.700	0.100	0.100	0.100
0.700	0.100	0.100	0.100
0.100	0.700	0.100	0.100
0.100	0.100	0.100	0.700
0.100	0.100	0.700	0.100
0.100	0.700	0.100	0.100
>AGCCATGG	2-AGCCATGG	8.236954	-163.206721	0	T:68.0(100.00%),B:1.0(0.38%),P:1e-70	Tpos:34.9,Tstd:0.5,Bpos:255.5,Bstd:81.8,StrandBias:10.0,Multiplicity:1.00
0.700	0.100	0.100	0.100
0.100	0.100	0.700	0.100
0.100	0.700	0.100	0.100
0.100	0.700	0.100	0.100
0.700	0.100	0.100	0.100
0.100	0.100	0.100	0.700
0.100	0.100	0.700	0.100
0.100	0.100	0.700	0.100
>AGCCAATC	3-AGCCAATC	10.831065	-161.827699	0	T:67.0(98.53%),B:0.2(0.07%),P:1e-70	Tpos:47.2,Tstd:27.0,Bpos:264.0,Bstd:0.0,StrandBias:10.0,Multiplicity:1.01
0.997	0.001	0.001	0.001
0.030	0.001	0.788	0.181
0.001	0.997	0.001	0.001
0.001	0.997	0.001	0.001
0.997	0.001	0.001	0.001
0.997	0.001	0.001	0.001
0.001	0.001	0.001	0.997
0.001	0.997	0.001	0.001
>GGATTTCG	4-GGATTTCG	8.236954	-161.827699	0	T:67.0(98.53%),B:0.5(0.19%),P:1e-70	Tpos:124.9,Tstd:0.5,Bpos:364.8,Bstd:17.0,StrandBias:10.0,Multiplicity:1.00
0.100	0.100	0.700	0.100
0.100	0.100	0.700	0.100
0.700	0.100	0.100	0.100
0.100	0.100	0.100	0.700
0.100	0.100	0.100	0.700
0.100	0.100	0.100	0.700
0.100	0.700	0.100	0.100
0.100	0.100	0.700	0.100
>AGTTTCGC	5-AGTTTCGC	8.236954	-161.827699	0	T:67.0(98.53%),B:0.6(0.24%),P:1e-70	Tpos:236.9,Tstd:0.5,Bpos:371.5,Bstd:26.5,StrandBias:10.0,Multiplicity:1.00
0.700	0.100	0.100	0.100
0.100	0.100	0.700	0.100
0.100	0.100	0.100	0.700
0.100	0.100	0.100	0.700
0.100	0.100	0.100	0.700
0.100	0.700	0.100	0.100
0.100	0.100	0.700	0.100
0.100	0.700	0.100	0.100
>GGRAAAAM	6-GGRAAAAM	9.688592	-159.651373	0	T:68.0(100.00%),B:2.4(0.89%),P:1e-69	Tpos:73.9,Tstd:0.5,Bpos:231.4,Bstd:70.5,StrandBias:-10.0,Multiplicity:1.00
0.001	0.001	0.997	0.001
0.001	0.001	0.997	0.001
0.492	0.001	0.506	0.001
0.997	0.001	0.001	0.001
0.992	0.006	0.001	0.001
0.997	0.001	0.001	0.001
0.997	0.001	0.001	0.001
0.512	0.486	0.001	0.001
>TACTTCGC	7-TACTTCGC	11.048099	-157.611794	0	T:67.0(98.53%),B:1.2(0.43%),P:1e-68	Tpos:419.0,Tstd:0.0,Bpos:351.5,Bstd:47.4,StrandBias:10.0,Multiplicity:1.00
0.001	0.001	0.001	0.997
0.997	0.001	0.001	0.001
0.001	0.997	0.001	0.001
0.001	0.001	0.001	0.997
0.001	0.001	0.001	0.997
0.001	0.997	0.001	0.001
0.001	0.001	0.979	0.019
0.001	0.997	0.001	0.001
>AGCATTCC	8-AGCATTCC	8.236954	-156.904075	0	T:66.0(97.06%),B:0.4(0.14%),P:1e-68	Tpos:53.9,Tstd:0.5,Bpos:117.0,Bstd:0.0,StrandBias:10.0,Multiplicity:1.00
0.700	0.100	0.100	0.100
0.100	0.100	0.700	0.100
0.100	0.700	0.100	0.100
0.700	0.100	0.100	0.100
0.100	0.100	0.100	0.700
0.100	0.100	0.100	0.700
0.100	0.700	0.100	0.100
0.100	0.700	0.100	0.100
>GTCTCCGC	9-GTCTCCGC	10.579932	-156.487305	0	T:68.0(100.00%),B:3.2(1.17%),P:1e-67	Tpos:464.0,Tstd:25.0,Bpos:159.6,Bstd:90.3,StrandBias:10.0,Multiplicity:1.01
0.001	0.001	0.997	0.001
0.001	0.001	0.001	0.997
0.001	0.613	0.385	0.001
0.001	0.001	0.001	0.997
0.001	0.997	0.001	0.001
0.001	0.997	0.001	0.001
0.001	0.001	0.997	0.001
0.001	0.997	0.001	0.001
>ASTASKGK	10-ASTASKGK	8.361289	-153.596933	0	T:68.0(100.00%),B:4.7(1.71%),P:1e-66	Tpos:444.0,Tstd:0.0,Bpos:276.5,Bstd:97.2,StrandBias:-10.0,Multiplicity:1.00
0.997	0.001	0.001	0.001
0.001	0.488	0.510	0.001
0.001	0.001	0.001	0.997
0.997	0.001	0.001	0.001
0.001	0.494	0.504	0.001
0.001	0.001	0.510	0.488
0.001	0.001	0.997	0.001
0.001	0.001	0.504	0.494
>TCACAATC	11-TCACAATC	8.236954	-152.706573	0	T:66.0(97.06%),B:1.2(0.44%),P:1e-66	Tpos:109.9,Tstd:24.0,Bpos:70.3,Bstd:33.4,StrandBias:10.0,Multiplicity:2.00
0.100	0.100	0.100	0.700
0.100	0.700	0.100	0.100
0.700	0.100	0.100	0.100
0.100	0.700	0.100	0.100
0.700	0.100	0.100	0.100
0.700	0.100	0.100	0.100
0.100	0.100	0.100	0.700
0.100	0.700	0.100	0.100
>TTGTTCCT	12-TTGTTCCT	8.236954	-152.382287	0	T:65.0(95.59%),B:0.6(0.22%),P:1e-66	Tpos:201.9,Tstd:0.5,Bpos:138.0,Bstd:60.3,StrandBias:10.0,Multiplicity:1.00
0.100	0.100	0.100	0.700
0.100	0.100	0.100	0.700
0.100	0.100	0.700	0.100
0.100	0.100	0.100	0.700
0.100	0.100	0.100	0.700
0.100	0.700	0.100	0.100
0.100	0.700	0.100	0.100
0.100	0.100	0.100	0.700
>TCGCAAAA	13-TCGCAAAA	8.236954	-152.382287	0	T:65.0(95.59%),B:0.5(0.19%),P:1e-66	Tpos:287.0,Tstd:0.0,Bpos:467.0,Bstd:0.0,StrandBias:10.0,Multiplicity:1.00
0.100	0.100	0.100	0.700
0.100	0.700	0.100	0.100
0.100	0.100	0.700	0.100
0.100	0.700	0.100	0.100
0.700	0.100	0.100	0.100
0.700	0.100	0.100	0.100
0.700	0.100	0.100	0.100
0.700	0.100	0.100	0.100
>GAGACAGA	14-GAGACAGA	8.236954	-152.382287	0	T:65.0(95.59%),B:1.0(0.36%),P:1e-66	Tpos:365.0,Tstd:0.0,Bpos:400.3,Bstd:23.6,StrandBias:10.0,Multiplicity:1.00
0.100	0.100	0.700	0.100
0.700	0.100	0.100	0.100
0.100	0.100	0.700	0.100
0.700	0.100	0.100	0.100
0.100	0.700	0.100	0.100
0.700	0.100	0.100	0.100
0.100	0.100	0.700	0.100
0.700	0.100	0.100	0.100
>GCCCCAAT	15-GCCCCAAT	8.236954	-148.203395	0	T:65.0(95.59%),B:1.6(0.57%),P:1e-64	Tpos:301.9,Tstd:161.0,Bpos:211.6,Bstd:84.7,StrandBias:0.3,Multiplicity:1.80
0.100	0.100	0.700	0.100
0.100	0.700	0.100	0.100
0.100	0.700	0.100	0.100
0.100	0.700	0.100	0.100
0.100	0.700	0.100	0.100
0.700	0.100	0.100	0.100
0.700	0.100	0.100	0.100
0.100	0.100	0.100	0.700
>CAGACTAC	16-CAGACTAC	8.236954	-148.144564	0	T:64.0(94.12%),B:0.6(0.22%),P:1e-64	Tpos:432.0,Tstd:0.0,Bpos:390.1,Bstd:43.2,StrandBias:10.0,Multiplicity:1.00
0.100	0.700	0.100	0.100
0.700	0.100	0.100	0.100
0.100	0.100	0.700	0.100
0.700	0.100	0.100	0.100
0.100	0.700	0.100	0.100
0.100	0.100	0.100	0.700
0.700	0.100	0.100	0.100
0.100	0.700	0.100	0.100
>TTATCTTC	17-TTATCTTC	4.729885	-145.391879	0	T:67.0(98.53%),B:5.8(2.12%),P:1e-63	Tpos:345.4,Tstd:32.4,Bpos:193.8,Bstd:67.3,StrandBias:10.0,Multiplicity:1.82
0.001	0.001	0.001	0.997
0.001	0.001	0.001	0.997
0.997	0.001	0.001	0.001
0.032	0.001	0.001	0.966
0.001	0.997	0.001	0.001
0.001	0.001	0.001	0.997
0.001	0.055	0.001	0.943
0.001	0.997	0.001	0.001
>CCCGCGGG	18-CCCGCGGG	8.236954	-141.592595	0	T:65.0(95.59%),B:3.6(1.31%),P:1e-61	Tpos:107.4,Tstd:0.7,Bpos:65.3,Bstd:12.2,StrandBias:0.0,Multiplicity:1.00
0.100	0.700	0.100	0.100
0.100	0.700	0.100	0.100
0.100	0.700	0.100	0.100
0.100	0.100	0.700	0.100
0.100	0.700	0.100	0.100
0.100	0.100	0.700	0.100
0.100	0.100	0.700	0.100
0.100	0.100	0.700	0.100
>AGCAGTTG	19-AGCAGTTG	8.236954	-140.558296	0	T:66.0(97.06%),B:5.6(2.03%),P:1e-61	Tpos:377.7,Tstd:21.0,Bpos:250.4,Bstd:195.4,StrandBias:0.0,Multiplicity:1.94
0.700	0.100	0.100	0.100
0.100	0.100	0.700	0.100
0.100	0.700	0.100	0.100
0.700	0.100	0.100	0.100
0.100	0.100	0.700	0.100
0.100	0.100	0.100	0.700
0.100	0.100	0.100	0.700
0.100	0.100	0.700	0.100
>GCCCAAGA	20-GCCCAAGA	10.978303	-140.542375	0	T:67.0(98.53%),B:7.3(2.66%),P:1e-61	Tpos:313.2,Tstd:84.8,Bpos:171.6,Bstd:156.8,StrandBias:0.2,Multiplicity:1.84
0.001	0.001	0.997	0.001
0.001	0.997	0.001	0.001
0.001	0.997	0.001	0.001
0.001	0.997	0.001	0.001
0.997	0.001	0.001	0.001
0.997	0.001	0.001	0.001
0.085	0.001	0.913	0.001
0.997	0.001	0.001	0.001
>AGACCTGA	21-AGACCTGA	8.236954	-139.985360	0	T:63.0(92.65%),B:1.8(0.67%),P:1e-60	Tpos:94.9,Tstd:0.5,Bpos:284.1,Bstd:58.7,StrandBias:10.0,Multiplicity:1.00
0.700	0.100	0.100	0.100
0.100	0.100	0.700	0.100
0.700	0.100	0.100	0.100
0.100	0.700	0.100	0.100
0.100	0.700	0.100	0.100
0.100	0.100	0.100	0.700
0.100	0.100	0.700	0.100
0.700	0.100	0.100	0.100
>CAAGSACC	22-CAAGSACC	8.240323	-139.580032	0	T:68.0(100.00%),B:10.0(3.66%),P:1e-60	Tpos:261.6,Tstd:140.5,Bpos:229.6,Bstd:122.7,StrandBias:-0.6,Multiplicity:2.57
0.224	0.774	0.001	0.001
0.997	0.001	0.001	0.001
0.653	0.008	0.338	0.001
0.009	0.339	0.650	0.002
0.001	0.352	0.422	0.225
0.997	0.001	0.001	0.001
0.001	0.577	0.001	0.421
0.001	0.997	0.001	0.001
>CCCCTGGG	23-CCCCTGGG	8.236954	-137.608479	0	T:68.0(100.00%),B:11.9(4.33%),P:1e-59	Tpos:125.2,Tstd:118.0,Bpos:278.3,Bstd:152.9,StrandBias:0.1,Multiplicity:1.96
0.100	0.700	0.100	0.100
0.100	0.700	0.100	0.100
0.100	0.700	0.100	0.100
0.100	0.700	0.100	0.100
0.100	0.100	0.100	0.700
0.100	0.100	0.700	0.100
0.100	0.100	0.700	0.100
0.100	0.100	0.700	0.100
>YCCTCAAA	24-YCCTCAAA	10.505447	-136.598049	0	T:61.0(89.71%),B:1.0(0.35%),P:1e-59	Tpos:341.0,Tstd:0.0,Bpos:259.6,Bstd:91.7,StrandBias:10.0,Multiplicity:1.00
0.001	0.429	0.001	0.569
0.001	0.997	0.001	0.001
0.001	0.997	0.001	0.001
0.001	0.001	0.001	0.997
0.001	0.997	0.001	0.001
0.997	0.001	0.001	0.001
0.997	0.001	0.001	0.001
0.997	0.001	0.001	0.001
>ACCAATCC	25-ACCAATCC	8.554047	-133.881860	0	T:68.0(100.00%),B:13.4(4.88%),P:1e-58	Tpos:224.5,Tstd:52.0,Bpos:231.7,Bstd:110.4,StrandBias:10.0,Multiplicity:2.15
0.979	0.001	0.019	0.001
0.001	0.997	0.001	0.001
0.001	0.997	0.001	0.001
0.997	0.001	0.001	0.001
0.878	0.001	0.120	0.001
0.001	0.001	0.001	0.997
0.001	0.997	0.001	0.001
0.314	0.684	0.001	0.001
