>GGGKTTTTYC	1-GGGKTTTTYC	7.819496	-167.440827	0	T:68.0(100.00%),B:0.4(0.16%),P:1e-72	Tpos:72.4,Tstd:0.7,Bpos:301.5,Bstd:50.5,StrandBias:10.0,Multiplicity:1.00
0.009	0.001	0.989	0.001
0.001	0.001	0.997	0.001
0.001	0.001	0.997	0.001
0.001	0.001	0.472	0.526
0.001	0.001	0.001	0.997
0.001	0.001	0.001	0.997
0.001	0.001	0.001	0.997
0.001	0.001	0.001	0.997
0.001	0.486	0.001	0.512
0.001	0.997	0.001	0.001
>GKTTTTGTTC	2-GKTTTTGTTC	11.642930	-167.440827	0	T:68.0(100.00%),B:0.0(0.00%),P:1e-72	Tpos:16.9,Tstd:0.5,Bpos:0.0,Bstd:0.0,StrandBias:-10.0,Multiplicity:1.00
0.001	0.001	0.997	0.001
0.001	0.001	0.430	0.568
0.001	0.006	0.001	0.992
0.001	0.001	0.010	0.988
0.413	0.001	0.011	0.575
0.001	0.001	0.001	0.997
0.001	0.412	0.586	0.001
0.001	0.001	0.001	0.997
0.001	0.412	0.001	0.586
0.001	0.997	0.001	0.001
>GATCACAATC	3-GATCACAATC	10.168845	-167.440827	0	T:68.0(100.00%),B:0.4(0.14%),P:1e-72	Tpos:114.8,Tstd:21.1,Bpos:370.0,Bstd:0.0,StrandBias:1.0,Multiplicity:2.91
0.001	0.319	0.679	0.001
0.666	0.001	0.332	0.001
0.001	0.006	0.001	0.992
0.001	0.997	0.001	0.001
0.662	0.001	0.336	0.001
0.336	0.662	0.001	0.001
0.997	0.001	0.001	0.001
0.997	0.001	0.001	0.001
0.001	0.001	0.001	0.997
0.001	0.997	0.001	0.001
>CCARGCACCA	4-CCARGCACCA	11.996455	-167.440827	0	T:68.0(100.00%),B:0.3(0.10%),P:1e-72	Tpos:181.9,Tstd:0.5,Bpos:270.0,Bstd:0.0,StrandBias:-10.0,Multiplicity:1.00
0.001	0.997	0.001	0.001
0.001	0.997	0.001	0.001
0.997	0.001	0.001	0.001
0.437	0.049	0.513	0.001
0.001	0.001	0.933	0.065
0.001	0.997	0.001	0.001
0.591	0.001	0.407	0.001
0.049	0.949	0.001	0.001
0.001	0.997	0.001	0.001
0.997	0.001	0.001	0.001
>TCGCCACCGC	5-TCGCCACCGC	9.319827	-167.440827	0	T:68.0(100.00%),B:0.9(0.32%),P:1e-72	Tpos:445.0,Tstd:21.0,Bpos:79.6,Bstd:45.9,StrandBias:10.0,Multiplicity:1.97
0.001	0.001	0.001	0.997
0.001	0.939	0.059	0.001
0.001	0.001	0.997	0.001
0.001	0.936	0.001	0.062
0.001	0.939	0.059	0.001
0.731	0.001	0.001	0.267
0.001	0.989	0.001	0.009
0.001	0.997	0.001	0.001
0.252	0.001	0.746	0.001
0.001	0.997	0.001	0.001
>GGTGCTTGAT	6-GGTGCTTGAT	9.004681	-167.440827	0	T:68.0(100.00%),B:1.0(0.35%),P:1e-72	Tpos:399.0,Tstd:56.0,Bpos:206.8,Bstd:79.0,StrandBias:-10.0,Multiplicity:1.85
0.001	0.001	0.997	0.001
0.381	0.001	0.617	0.001
0.001	0.377	0.001	0.621
0.378	0.004	0.617	0.001
0.001	0.617	0.001	0.381
0.001	0.001	0.001	0.997
0.001	0.001	0.001	0.997
0.001	0.001	0.997	0.001
0.997	0.001	0.001	0.001
0.001	0.001	0.381	0.617
>CTCTCAGTTT	7-CTCTCAGTTT	9.801320	-167.440827	0	T:68.0(100.00%),B:0.0(0.00%),P:1e-72	Tpos:232.9,Tstd:0.5,Bpos:0.0,Bstd:0.0,StrandBias:10.0,Multiplicity:1.00
0.001	0.997	0.001	0.001
0.001	0.018	0.001	0.980
0.001	0.997	0.001	0.001
0.001	0.001	0.001	0.997
0.001	0.997	0.001	0.001
0.980	0.001	0.018	0.001
0.001	0.001	0.997	0.001
0.001	0.001	0.001	0.997
0.001	0.001	0.001	0.997
0.001	0.001	0.001	0.997
>CTGGACCTAC	8-CTGGACCTAC	9.872586	-167.440827	0	T:68.0(100.00%),B:0.7(0.26%),P:1e-72	Tpos:413.0,Tstd:0.0,Bpos:267.3,Bstd:17.3,StrandBias:10.0,Multiplicity:1.00
0.001	0.997	0.001	0.001
0.001	0.001	0.001	0.997
0.001	0.001	0.997	0.001
0.001	0.001	0.997	0.001
0.997	0.001	0.001	0.001
0.001	0.997	0.001	0.001
0.001	0.961	0.019	0.019
0.001	0.001	0.001	0.997
0.997	0.001	0.001	0.001
0.001	0.997	0.001	0.001
>AAAGATCCCT	9-AAAGATCCCT	10.564560	-167.440827	0	T:68.0(100.00%),B:0.6(0.23%),P:1e-72	Tpos:147.8,Tstd:0.6,Bpos:141.7,Bstd:5.6,StrandBias:3.1,Multiplicity:1.00
0.997	0.001	0.001	0.001
0.997	0.001	0.001	0.001
0.581	0.001	0.417	0.001
0.001	0.001	0.997	0.001
0.997	0.001	0.001	0.001
0.001	0.385	0.001	0.613
0.001	0.997	0.001	0.001
0.001	0.997	0.001	0.001
0.001	0.763	0.001	0.235
0.001	0.001	0.001	0.997
>GGCSCCAATC	10-GGCSCCAATC	11.215761	-163.206721	0	T:68.0(100.00%),B:1.3(0.46%),P:1e-70	Tpos:207.6,Tstd:179.0,Bpos:148.9,Bstd:39.8,StrandBias:1.3,Multiplicity:2.71
0.001	0.001	0.997	0.001
0.001	0.245	0.753	0.001
0.313	0.685	0.001	0.001
0.252	0.440	0.307	0.001
0.001	0.997	0.001	0.001
0.001	0.997	0.001	0.001
0.997	0.001	0.001	0.001
0.997	0.001	0.001	0.001
0.001	0.001	0.001	0.997
0.001	0.997	0.001	0.001
>CCACCMRTCC	11-CCACCMRTCC	5.749420	-163.206721	0	T:68.0(100.00%),B:1.4(0.49%),P:1e-70	Tpos:215.5,Tstd:46.2,Bpos:437.0,Bstd:0.0,StrandBias:10.0,Multiplicity:1.03
0.001	0.997	0.001	0.001
0.001	0.997	0.001	0.001
0.587	0.001	0.411	0.001
0.001	0.997	0.001	0.001
0.001	0.997	0.001	0.001
0.521	0.477	0.001	0.001
0.477	0.001	0.521	0.001
0.001	0.001	0.001	0.997
0.001	0.997	0.001	0.001
0.001	0.997	0.001	0.001
>YWRSTGMTTG	12-YWRSTGMTTG	10.530223	-161.827699	0	T:67.0(98.53%),B:0.5(0.17%),P:1e-70	Tpos:355.0,Tstd:0.0,Bpos:363.0,Bstd:0.0,StrandBias:-10.0,Multiplicity:1.00
0.011	0.518	0.028	0.443
0.535	0.001	0.001	0.463
0.518	0.001	0.480	0.001
0.001	0.518	0.480	0.001
0.001	0.001	0.005	0.993
0.001	0.001	0.997	0.001
0.470	0.528	0.001	0.001
0.001	0.001	0.001	0.997
0.001	0.001	0.001	0.997
0.001	0.001	0.997	0.001
>AGSAGTTRAC	13-AGSAGTTRAC	9.806697	-159.651373	0	T:68.0(100.00%),B:2.3(0.85%),P:1e-69	Tpos:355.3,Tstd:42.0,Bpos:114.4,Bstd:86.7,StrandBias:-10.0,Multiplicity:1.88
0.725	0.273	0.001	0.001
0.001	0.001	0.997	0.001
0.001	0.534	0.464	0.001
0.725	0.273	0.001	0.001
0.001	0.001	0.997	0.001
0.201	0.001	0.002	0.796
0.001	0.001	0.001	0.997
0.469	0.001	0.529	0.001
0.738	0.001	0.001	0.260
0.260	0.738	0.001	0.001
>TRCACYTRAV	14-TRCACYTRAV	6.373154	-157.611794	0	T:67.0(98.53%),B:1.6(0.58%),P:1e-68	Tpos:62.8,Tstd:33.5,Bpos:158.9,Bstd:52.7,StrandBias:10.0,Multiplicity:1.84
0.123	0.118	0.259	0.500
0.372	0.174	0.302	0.152
0.022	0.591	0.309	0.078
0.608	0.066	0.150	0.176
0.044	0.776	0.112	0.068
0.190	0.347	0.135	0.328
0.138	0.027	0.117	0.718
0.318	0.213	0.463	0.005
0.559	0.213	0.206	0.022
0.276	0.351	0.317	0.057
>GRCAGAAGKA	15-GRCAGAAGKA	12.257308	-156.904075	0	T:66.0(97.06%),B:0.2(0.09%),P:1e-68	Tpos:375.5,Tstd:8.4,Bpos:234.0,Bstd:0.0,StrandBias:0.4,Multiplicity:1.73
0.001	0.001	0.997	0.001
0.480	0.001	0.518	0.001
0.001	0.997	0.001	0.001
0.997	0.001	0.001	0.001
0.001	0.001	0.997	0.001
0.997	0.001	0.001	0.001
0.997	0.001	0.001	0.001
0.001	0.001	0.997	0.001
0.112	0.001	0.397	0.490
0.997	0.001	0.001	0.001
>AWKAKACCYC	16-AWKAKACCYC	11.335302	-156.904075	0	T:66.0(97.06%),B:0.2(0.08%),P:1e-68	Tpos:5.0,Tstd:0.0,Bpos:378.0,Bstd:0.0,StrandBias:10.0,Multiplicity:1.00
0.997	0.001	0.001	0.001
0.460	0.010	0.001	0.529
0.001	0.001	0.459	0.539
0.997	0.001	0.001	0.001
0.001	0.001	0.469	0.529
0.997	0.001	0.001	0.001
0.001	0.997	0.001	0.001
0.001	0.997	0.001	0.001
0.001	0.539	0.001	0.459
0.001	0.997	0.001	0.001
>GTACCTTGGG	17-GTACCTTGGG	9.084712	-154.074450	0	T:67.0(98.53%),B:2.9(1.07%),P:1e-66	Tpos:170.5,Tstd:52.5,Bpos:199.6,Bstd:72.1,StrandBias:10.0,Multiplicity:1.84
0.001	0.001	0.997	0.001
0.001	0.001	0.001	0.997
0.800	0.198	0.001	0.001
0.001	0.799	0.001	0.199
0.001	0.780	0.001	0.218
0.001	0.001	0.001	0.997
0.001	0.001	0.001	0.997
0.001	0.001	0.997	0.001
0.001	0.001	0.997	0.001
0.001	0.001	0.997	0.001
>GAACMAAGCC	18-GAACMAAGCC	8.611347	-153.596933	0	T:68.0(100.00%),B:4.5(1.64%),P:1e-66	Tpos:213.4,Tstd:42.6,Bpos:223.3,Bstd:81.4,StrandBias:0.7,Multiplicity:2.37
0.104	0.172	0.462	0.262
0.604	0.314	0.009	0.073
0.849	0.009	0.132	0.010
0.027	0.859	0.113	0.001
0.452	0.512	0.018	0.018
0.786	0.187	0.018	0.009
0.859	0.027	0.010	0.104
0.018	0.018	0.567	0.397
0.001	0.981	0.009	0.009
0.010	0.988	0.001	0.001
>YGCGAACAGG	19-YGCGAACAGG	9.624454	-152.706573	0	T:66.0(97.06%),B:1.5(0.56%),P:1e-66	Tpos:306.1,Tstd:17.5,Bpos:351.2,Bstd:59.4,StrandBias:0.1,Multiplicity:1.86
0.001	0.445	0.001	0.553
0.067	0.001	0.865	0.067
0.001	0.997	0.001	0.001
0.226	0.001	0.772	0.001
0.997	0.001	0.001	0.001
0.932	0.001	0.066	0.001
0.226	0.772	0.001	0.001
0.997	0.001	0.001	0.001
0.135	0.067	0.797	0.001
0.001	0.001	0.997	0.001
>GATCCCGCGG	20-GATCCCGCGG	12.038526	-152.382287	0	T:65.0(95.59%),B:0.0(0.00%),P:1e-66	Tpos:105.9,Tstd:0.5,Bpos:0.0,Bstd:0.0,StrandBias:10.0,Multiplicity:1.00
0.001	0.001	0.997	0.001
0.818	0.001	0.001	0.180
0.180	0.202	0.001	0.617
0.001	0.997	0.001	0.001
0.001	0.997	0.001	0.001
0.001	0.997	0.001	0.001
0.001	0.001	0.997	0.001
0.001	0.997	0.001	0.001
0.001	0.001	0.997	0.001
0.001	0.001	0.997	0.001
>AGGGATCCAA	21-AGGGATCCAA	8.028505	-150.928196	0	T:67.0(98.53%),B:3.5(1.29%),P:1e-65	Tpos:120.7,Tstd:108.9,Bpos:184.1,Bstd:43.4,StrandBias:10.0,Multiplicity:1.30
0.906	0.092	0.001	0.001
0.001	0.186	0.812	0.001
0.001	0.244	0.737	0.018
0.168	0.093	0.738	0.001
0.877	0.001	0.001	0.121
0.001	0.063	0.001	0.935
0.001	0.997	0.001	0.001
0.001	0.997	0.001	0.001
0.906	0.047	0.001	0.046
0.952	0.046	0.001	0.001
>KKTGWCCSCT	22-KKTGWCCSCT	9.059624	-141.634156	0	T:68.0(100.00%),B:9.7(3.56%),P:1e-61	Tpos:351.2,Tstd:82.7,Bpos:257.3,Bstd:155.7,StrandBias:1.5,Multiplicity:2.22
0.001	0.025	0.457	0.517
0.001	0.001	0.477	0.521
0.012	0.001	0.418	0.569
0.001	0.001	0.981	0.017
0.417	0.001	0.150	0.432
0.012	0.909	0.078	0.001
0.005	0.982	0.001	0.012
0.026	0.464	0.419	0.091
0.001	0.997	0.001	0.001
0.025	0.012	0.001	0.962
>CCTGSCGSCA	23-CCTGSCGSCA	11.083630	-140.286928	0	T:62.0(91.18%),B:0.0(0.00%),P:1e-60	Tpos:494.0,Tstd:0.0,Bpos:0.0,Bstd:0.0,StrandBias:-10.0,Multiplicity:1.00
0.023	0.933	0.036	0.008
0.050	0.912	0.001	0.037
0.043	0.007	0.014	0.936
0.007	0.043	0.921	0.029
0.014	0.413	0.544	0.029
0.146	0.718	0.057	0.079
0.065	0.140	0.752	0.043
0.036	0.516	0.419	0.029
0.036	0.810	0.044	0.110
0.849	0.064	0.066	0.021
>TCCRCATGGA	24-TCCRCATGGA	13.070184	-136.598049	0	T:61.0(89.71%),B:0.3(0.11%),P:1e-59	Tpos:209.9,Tstd:0.5,Bpos:170.0,Bstd:0.0,StrandBias:10.0,Multiplicity:1.00
0.001	0.001	0.001	0.997
0.001	0.997	0.001	0.001
0.001	0.997	0.001	0.001
0.533	0.001	0.465	0.001
0.001	0.997	0.001	0.001
0.997	0.001	0.001	0.001
0.001	0.001	0.001	0.997
0.001	0.001	0.997	0.001
0.001	0.001	0.997	0.001
0.997	0.001	0.001	0.001
>AMCCCMKGGG	25-AMCCCMKGGG	11.505988	-135.743510	0	T:66.0(97.06%),B:7.2(2.62%),P:1e-58	Tpos:246.4,Tstd:0.7,Bpos:218.2,Bstd:84.3,StrandBias:0.1,Multiplicity:1.00
0.947	0.042	0.010	0.001
0.477	0.521	0.001	0.001
0.001	0.984	0.002	0.013
0.001	0.997	0.001	0.001
0.058	0.940	0.001	0.001
0.525	0.473	0.001	0.001
0.001	0.001	0.536	0.462
0.010	0.001	0.988	0.001
0.001	0.001	0.967	0.031
0.001	0.001	0.997	0.001
