>GGGKTTTTYC	1-GGGKTTTTYC,BestGuess:MF0003.1_REL_class/Jaspar(0.855)	7.819496	-167.440827	0	T:68.0(100.00%),B:0.4(0.16%),P:1e-72
0.009	0.001	0.989	0.001
0.001	0.001	0.997	0.001
0.001	0.001	0.997	0.001
0.001	0.001	0.472	0.526
0.001	0.001	0.001	0.997
0.001	0.001	0.001	0.997
0.001	0.001	0.001	0.997
0.001	0.001	0.001	0.997
0.001	0.486	0.001	0.512
0.001	0.997	0.001	0.001
>GKTTTTGTTC	2-GKTTTTGTTC,BestGuess:FOXD3/MA0041.3/Jaspar(0.662)	11.642930	-167.440827	0	T:68.0(100.00%),B:0.0(0.00%),P:1e-72
0.001	0.001	0.997	0.001
0.001	0.001	0.430	0.568
0.001	0.006	0.001	0.992
0.001	0.001	0.010	0.988
0.413	0.001	0.011	0.575
0.001	0.001	0.001	0.997
0.001	0.412	0.586	0.001
0.001	0.001	0.001	0.997
0.001	0.412	0.001	0.586
0.001	0.997	0.001	0.001
>GATCACAATC	3-GATCACAATC,BestGuess:GATA(Zf),IR4/iTreg-Gata3-ChIP-Seq(GSE20898)/Homer(0.720)	10.168845	-167.440827	0	T:68.0(100.00%),B:0.4(0.14%),P:1e-72
0.001	0.319	0.679	0.001
0.666	0.001	0.332	0.001
0.001	0.006	0.001	0.992
0.001	0.997	0.001	0.001
0.662	0.001	0.336	0.001
0.336	0.662	0.001	0.001
0.997	0.001	0.001	0.001
0.997	0.001	0.001	0.001
0.001	0.001	0.001	0.997
0.001	0.997	0.001	0.001
>CCARGCACCA	4-CCARGCACCA,BestGuess:ZNF417/MA1727.2/Jaspar(0.703)	11.996455	-167.440827	0	T:68.0(100.00%),B:0.3(0.10%),P:1e-72
0.001	0.997	0.001	0.001
0.001	0.997	0.001	0.001
0.997	0.001	0.001	0.001
0.437	0.049	0.513	0.001
0.001	0.001	0.933	0.065
0.001	0.997	0.001	0.001
0.591	0.001	0.407	0.001
0.049	0.949	0.001	0.001
0.001	0.997	0.001	0.001
0.997	0.001	0.001	0.001
>TCGCCACCGC	5-TCGCCACCGC,BestGuess:PB0010.1_Egr1_1/Jaspar(0.701)	9.319827	-167.440827	0	T:68.0(100.00%),B:0.9(0.32%),P:1e-72
0.001	0.001	0.001	0.997
0.001	0.939	0.059	0.001
0.001	0.001	0.997	0.001
0.001	0.936	0.001	0.062
0.001	0.939	0.059	0.001
0.731	0.001	0.001	0.267
0.001	0.989	0.001	0.009
0.001	0.997	0.001	0.001
0.252	0.001	0.746	0.001
0.001	0.997	0.001	0.001
>CTCTCAGTTT	7-CTCTCAGTTT,BestGuess:Irf1/MA0050.4/Jaspar(0.743)	9.801320	-167.440827	0	T:68.0(100.00%),B:0.0(0.00%),P:1e-72
0.001	0.997	0.001	0.001
0.001	0.018	0.001	0.980
0.001	0.997	0.001	0.001
0.001	0.001	0.001	0.997
0.001	0.997	0.001	0.001
0.980	0.001	0.018	0.001
0.001	0.001	0.997	0.001
0.001	0.001	0.001	0.997
0.001	0.001	0.001	0.997
0.001	0.001	0.001	0.997
>CTGGACCTAC	8-CTGGACCTAC,BestGuess:ZNF135/MA1587.1/Jaspar(0.692)	9.872586	-167.440827	0	T:68.0(100.00%),B:0.7(0.26%),P:1e-72
0.001	0.997	0.001	0.001
0.001	0.001	0.001	0.997
0.001	0.001	0.997	0.001
0.001	0.001	0.997	0.001
0.997	0.001	0.001	0.001
0.001	0.997	0.001	0.001
0.001	0.961	0.019	0.019
0.001	0.001	0.001	0.997
0.997	0.001	0.001	0.001
0.001	0.997	0.001	0.001
>AAAGATCCCT	9-AAAGATCCCT,BestGuess:LRF(Zf)/Erythroblasts-ZBTB7A-ChIP-Seq(GSE74977)/Homer(0.740)	10.564560	-167.440827	0	T:68.0(100.00%),B:0.6(0.23%),P:1e-72
0.997	0.001	0.001	0.001
0.997	0.001	0.001	0.001
0.581	0.001	0.417	0.001
0.001	0.001	0.997	0.001
0.997	0.001	0.001	0.001
0.001	0.385	0.001	0.613
0.001	0.997	0.001	0.001
0.001	0.997	0.001	0.001
0.001	0.763	0.001	0.235
0.001	0.001	0.001	0.997
>RCWGSKGCMCCW	1-RCWGSKGCMCCW,BestGuess:Ascl2(bHLH)/ESC-Ascl2-ChIP-Seq(GSE97712)/Homer(0.681)	12.475251	-167.440827	0	T:68.0(100.00%),B:0.0(0.00%),P:1e-72
0.510	0.001	0.488	0.001
0.001	0.989	0.009	0.001
0.493	0.001	0.009	0.497
0.001	0.001	0.989	0.009
0.010	0.466	0.513	0.011
0.001	0.001	0.523	0.475
0.009	0.001	0.989	0.001
0.001	0.997	0.001	0.001
0.456	0.524	0.001	0.019
0.009	0.981	0.001	0.009
0.009	0.989	0.001	0.001
0.493	0.001	0.009	0.497
>GCAACCCATGGG	6-GCAACCCATGGG,BestGuess:EBF3/MA1637.2/Jaspar(0.682)	11.071552	-167.440827	0	T:68.0(100.00%),B:0.0(0.00%),P:1e-72
0.001	0.001	0.617	0.381
0.001	0.617	0.001	0.381
0.927	0.001	0.071	0.001
0.997	0.001	0.001	0.001
0.001	0.617	0.381	0.001
0.001	0.997	0.001	0.001
0.001	0.997	0.001	0.001
0.997	0.001	0.001	0.001
0.001	0.001	0.001	0.997
0.001	0.001	0.997	0.001
0.001	0.001	0.997	0.001
0.001	0.001	0.997	0.001
>CHNCTTCGCAAC	7-CHNCTTCGCAAC,BestGuess:PB0055.1_Rfx4_1/Jaspar(0.701)	9.422882	-167.440827	0	T:68.0(100.00%),B:0.0(0.00%),P:1e-72
0.042	0.906	0.005	0.047
0.324	0.338	0.081	0.256
0.228	0.227	0.268	0.278
0.009	0.668	0.078	0.245
0.067	0.383	0.009	0.541
0.221	0.052	0.053	0.674
0.188	0.792	0.010	0.010
0.113	0.057	0.783	0.047
0.133	0.830	0.009	0.028
0.676	0.271	0.052	0.001
0.587	0.198	0.057	0.158
0.091	0.699	0.132	0.078
>TCCTCGCAAAAA	8-TCCTCGCAAAAA,BestGuess:HOXC13/MA0907.2/Jaspar(0.713)	10.409522	-167.440827	0	T:68.0(100.00%),B:0.0(0.00%),P:1e-72
0.100	0.100	0.100	0.700
0.100	0.700	0.100	0.100
0.100	0.700	0.100	0.100
0.100	0.100	0.100	0.700
0.100	0.700	0.100	0.100
0.100	0.100	0.700	0.100
0.100	0.700	0.100	0.100
0.700	0.100	0.100	0.100
0.700	0.100	0.100	0.100
0.700	0.100	0.100	0.100
0.700	0.100	0.100	0.100
0.700	0.100	0.100	0.100
>YGSRRACAGRAG	9-YGSRRACAGRAG,BestGuess:OSR2/MA1646.2/Jaspar(0.738)	10.449839	-167.440827	0	T:68.0(100.00%),B:0.3(0.11%),P:1e-72
0.001	0.527	0.001	0.471
0.001	0.001	0.997	0.001
0.001	0.537	0.461	0.001
0.461	0.001	0.537	0.001
0.537	0.001	0.461	0.001
0.868	0.001	0.130	0.001
0.001	0.868	0.130	0.001
0.997	0.001	0.001	0.001
0.001	0.001	0.997	0.001
0.461	0.001	0.537	0.001
0.997	0.001	0.001	0.001
0.130	0.001	0.868	0.001
>AATCTGGACTTG	10-AATCTGGACTTG,BestGuess:SF1(NR)/H295R-Nr5a1-ChIP-Seq(GSE44220)/Homer(0.642)	10.785552	-167.440827	0	T:68.0(100.00%),B:0.0(0.00%),P:1e-72
0.997	0.001	0.001	0.001
0.621	0.001	0.001	0.377
0.001	0.001	0.001	0.997
0.377	0.621	0.001	0.001
0.001	0.001	0.001	0.997
0.381	0.001	0.617	0.001
0.001	0.377	0.621	0.001
0.621	0.377	0.001	0.001
0.001	0.997	0.001	0.001
0.001	0.381	0.001	0.617
0.001	0.001	0.001	0.997
0.001	0.001	0.997	0.001
>CCACCMRTCC	11-CCACCMRTCC,BestGuess:PB0164.1_Smad3_2/Jaspar(0.674)	5.749420	-163.206721	0	T:68.0(100.00%),B:1.4(0.49%),P:1e-70
0.001	0.997	0.001	0.001
0.001	0.997	0.001	0.001
0.587	0.001	0.411	0.001
0.001	0.997	0.001	0.001
0.001	0.997	0.001	0.001
0.521	0.477	0.001	0.001
0.477	0.001	0.521	0.001
0.001	0.001	0.001	0.997
0.001	0.997	0.001	0.001
0.001	0.997	0.001	0.001
>TTTACTCCTCCT	13-TTTACTCCTCCT,BestGuess:MAZ/MA1522.2/Jaspar(0.738)	10.173951	-163.206721	0	T:68.0(100.00%),B:1.3(0.46%),P:1e-70
0.128	0.007	0.266	0.599
0.028	0.034	0.216	0.722
0.022	0.048	0.229	0.701
0.615	0.007	0.377	0.001
0.041	0.575	0.001	0.383
0.007	0.271	0.273	0.449
0.001	0.978	0.020	0.001
0.344	0.654	0.001	0.001
0.001	0.001	0.006	0.992
0.001	0.985	0.013	0.001
0.001	0.997	0.001	0.001
0.189	0.223	0.181	0.407
>ATGGATTTGGAA	15-ATGGATTTGGAA,BestGuess:NFATC3/MA0625.3/Jaspar(0.622)	9.638212	-161.827699	0	T:67.0(98.53%),B:0.8(0.29%),P:1e-70
0.694	0.028	0.115	0.163
0.014	0.072	0.071	0.843
0.001	0.028	0.898	0.073
0.001	0.101	0.798	0.100
0.722	0.057	0.204	0.017
0.144	0.001	0.263	0.592
0.193	0.014	0.187	0.606
0.044	0.321	0.045	0.590
0.250	0.085	0.651	0.014
0.058	0.058	0.867	0.017
0.810	0.014	0.173	0.003
0.882	0.001	0.114	0.003
>AGCCAATC	3-AGCCAATC,BestGuess:POL004.1_CCAAT-box/Jaspar(0.867)	10.831065	-161.827699	0	T:67.0(98.53%),B:0.2(0.07%),P:1e-70
0.997	0.001	0.001	0.001
0.030	0.001	0.788	0.181
0.001	0.997	0.001	0.001
0.001	0.997	0.001	0.001
0.997	0.001	0.001	0.001
0.997	0.001	0.001	0.001
0.001	0.001	0.001	0.997
0.001	0.997	0.001	0.001
>AGTTTCGC	5-AGTTTCGC,BestGuess:IRF6/MA1509.1/Jaspar(0.821)	8.236954	-161.827699	0	T:67.0(98.53%),B:0.6(0.24%),P:1e-70
0.700	0.100	0.100	0.100
0.100	0.100	0.700	0.100
0.100	0.100	0.100	0.700
0.100	0.100	0.100	0.700
0.100	0.100	0.100	0.700
0.100	0.700	0.100	0.100
0.100	0.100	0.700	0.100
0.100	0.700	0.100	0.100
>AGSAGTTRAC	13-AGSAGTTRAC,BestGuess:BMYB(HTH)/Hela-BMYB-ChIP-Seq(GSE27030)/Homer(0.682)	9.806697	-159.651373	0	T:68.0(100.00%),B:2.3(0.85%),P:1e-69
0.725	0.273	0.001	0.001
0.001	0.001	0.997	0.001
0.001	0.534	0.464	0.001
0.725	0.273	0.001	0.001
0.001	0.001	0.997	0.001
0.201	0.001	0.002	0.796
0.001	0.001	0.001	0.997
0.469	0.001	0.529	0.001
0.738	0.001	0.001	0.260
0.260	0.738	0.001	0.001
>SCTKGGCSMCAW	18-SCTKGGCSMCAW,BestGuess:PB0113.1_E2F3_2/Jaspar(0.742)	10.682230	-159.651373	0	T:68.0(100.00%),B:2.4(0.88%),P:1e-69
0.121	0.378	0.500	0.001
0.066	0.800	0.113	0.021
0.133	0.056	0.047	0.764
0.010	0.010	0.461	0.519
0.065	0.019	0.904	0.012
0.018	0.359	0.546	0.077
0.046	0.898	0.019	0.037
0.009	0.451	0.530	0.010
0.471	0.519	0.009	0.001
0.075	0.877	0.011	0.037
0.916	0.056	0.010	0.018
0.445	0.066	0.028	0.461
>AACGCCGTTAAC	19-AACGCCGTTAAC,BestGuess:MYBL1/MA0776.1/Jaspar(0.665)	10.573818	-157.611794	0	T:67.0(98.53%),B:1.8(0.65%),P:1e-68
0.990	0.001	0.008	0.001
0.633	0.364	0.002	0.001
0.001	0.632	0.001	0.366
0.001	0.001	0.985	0.013
0.001	0.997	0.001	0.001
0.001	0.997	0.001	0.001
0.001	0.001	0.617	0.381
0.001	0.366	0.002	0.631
0.366	0.001	0.001	0.632
0.969	0.001	0.029	0.001
0.632	0.001	0.366	0.001
0.001	0.997	0.001	0.001
>AWKAKACCYC	16-AWKAKACCYC,BestGuess:PH0161.1_Six1/Jaspar(0.729)	11.335302	-156.904075	0	T:66.0(97.06%),B:0.2(0.08%),P:1e-68
0.997	0.001	0.001	0.001
0.460	0.010	0.001	0.529
0.001	0.001	0.459	0.539
0.997	0.001	0.001	0.001
0.001	0.001	0.469	0.529
0.997	0.001	0.001	0.001
0.001	0.997	0.001	0.001
0.001	0.997	0.001	0.001
0.001	0.539	0.001	0.459
0.001	0.997	0.001	0.001
>AGCATTCC	8-AGCATTCC,BestGuess:TEAD3/MA0808.1/Jaspar(0.849)	8.236954	-156.904075	0	T:66.0(97.06%),B:0.4(0.14%),P:1e-68
0.700	0.100	0.100	0.100
0.100	0.100	0.700	0.100
0.100	0.700	0.100	0.100
0.700	0.100	0.100	0.100
0.100	0.100	0.100	0.700
0.100	0.100	0.100	0.700
0.100	0.700	0.100	0.100
0.100	0.700	0.100	0.100
>GGTGGTGTTCGC	22-GGTGGTGTTCGC,BestGuess:PB0196.1_Zbtb7b_2/Jaspar(0.722)	6.922398	-156.487305	0	T:68.0(100.00%),B:3.7(1.35%),P:1e-67
0.001	0.001	0.997	0.001
0.001	0.001	0.997	0.001
0.316	0.001	0.001	0.682
0.001	0.001	0.997	0.001
0.001	0.001	0.997	0.001
0.001	0.236	0.001	0.762
0.001	0.317	0.681	0.001
0.001	0.001	0.001	0.997
0.001	0.373	0.001	0.625
0.001	0.682	0.001	0.316
0.001	0.001	0.682	0.316
0.001	0.682	0.316	0.001
>GTACCTTGGG	17-GTACCTTGGG,BestGuess:Ebf2/MA1604.2/Jaspar(0.812)	9.084712	-154.074450	0	T:67.0(98.53%),B:2.9(1.07%),P:1e-66
0.001	0.001	0.997	0.001
0.001	0.001	0.001	0.997
0.800	0.198	0.001	0.001
0.001	0.799	0.001	0.199
0.001	0.780	0.001	0.218
0.001	0.001	0.001	0.997
0.001	0.001	0.001	0.997
0.001	0.001	0.997	0.001
0.001	0.001	0.997	0.001
0.001	0.001	0.997	0.001
>ASTASKGK	10-ASTASKGK,BestGuess:ZKSCAN1/MA1585.2/Jaspar(0.639)	8.361289	-153.596933	0	T:68.0(100.00%),B:4.7(1.71%),P:1e-66
0.997	0.001	0.001	0.001
0.001	0.488	0.510	0.001
0.001	0.001	0.001	0.997
0.997	0.001	0.001	0.001
0.001	0.494	0.504	0.001
0.001	0.001	0.510	0.488
0.001	0.001	0.997	0.001
0.001	0.001	0.504	0.494
>GATCCCGCGG	20-GATCCCGCGG,BestGuess:TFDP1/MA1122.2/Jaspar(0.708)	12.038526	-152.382287	0	T:65.0(95.59%),B:0.0(0.00%),P:1e-66
0.001	0.001	0.997	0.001
0.818	0.001	0.001	0.180
0.180	0.202	0.001	0.617
0.001	0.997	0.001	0.001
0.001	0.997	0.001	0.001
0.001	0.997	0.001	0.001
0.001	0.001	0.997	0.001
0.001	0.997	0.001	0.001
0.001	0.001	0.997	0.001
0.001	0.001	0.997	0.001
>CMAMTGYWSCCS	24-CMAMTGYWSCCS,BestGuess:MYB/MA0100.4/Jaspar(0.630)	9.699800	-149.187428	0	T:66.0(97.06%),B:2.7(0.98%),P:1e-64
0.041	0.927	0.016	0.016
0.449	0.489	0.024	0.037
0.914	0.008	0.008	0.070
0.522	0.446	0.016	0.016
0.213	0.041	0.285	0.462
0.033	0.016	0.926	0.025
0.001	0.456	0.001	0.542
0.415	0.143	0.033	0.408
0.008	0.464	0.458	0.070
0.008	0.983	0.001	0.008
0.392	0.551	0.016	0.041
0.127	0.408	0.448	0.016
>GCCCCAAT	15-GCCCCAAT,BestGuess:Plagl1/MA1615.2/Jaspar(0.740)	8.236954	-148.203395	0	T:65.0(95.59%),B:1.6(0.57%),P:1e-64
0.100	0.100	0.700	0.100
0.100	0.700	0.100	0.100
0.100	0.700	0.100	0.100
0.100	0.700	0.100	0.100
0.100	0.700	0.100	0.100
0.700	0.100	0.100	0.100
0.700	0.100	0.100	0.100
0.100	0.100	0.100	0.700
>CAGACTAC	16-CAGACTAC,BestGuess:Smad3(MAD)/NPC-Smad3-ChIP-Seq(GSE36673)/Homer(0.789)	8.236954	-148.144564	0	T:64.0(94.12%),B:0.6(0.22%),P:1e-64
0.100	0.700	0.100	0.100
0.700	0.100	0.100	0.100
0.100	0.100	0.700	0.100
0.700	0.100	0.100	0.100
0.100	0.700	0.100	0.100
0.100	0.100	0.100	0.700
0.700	0.100	0.100	0.100
0.100	0.700	0.100	0.100
>KKTGWCCSCT	22-KKTGWCCSCT,BestGuess:PB0118.1_Esrra_2/Jaspar(0.822)	9.059624	-141.634156	0	T:68.0(100.00%),B:9.7(3.56%),P:1e-61
0.001	0.025	0.457	0.517
0.001	0.001	0.477	0.521
0.012	0.001	0.418	0.569
0.001	0.001	0.981	0.017
0.417	0.001	0.150	0.432
0.012	0.909	0.078	0.001
0.005	0.982	0.001	0.012
0.026	0.464	0.419	0.091
0.001	0.997	0.001	0.001
0.025	0.012	0.001	0.962
>AGACCTGA	21-AGACCTGA,BestGuess:Six4/MA2001.2/Jaspar(0.734)	8.236954	-139.985360	0	T:63.0(92.65%),B:1.8(0.67%),P:1e-60
0.700	0.100	0.100	0.100
0.100	0.100	0.700	0.100
0.700	0.100	0.100	0.100
0.100	0.700	0.100	0.100
0.100	0.700	0.100	0.100
0.100	0.100	0.100	0.700
0.100	0.100	0.700	0.100
0.700	0.100	0.100	0.100
>TCCRCATGGA	24-TCCRCATGGA,BestGuess:MXI1/MA1108.3/Jaspar(0.716)	13.070184	-136.598049	0	T:61.0(89.71%),B:0.3(0.11%),P:1e-59
0.001	0.001	0.001	0.997
0.001	0.997	0.001	0.001
0.001	0.997	0.001	0.001
0.533	0.001	0.465	0.001
0.001	0.997	0.001	0.001
0.997	0.001	0.001	0.001
0.001	0.001	0.001	0.997
0.001	0.001	0.997	0.001
0.001	0.001	0.997	0.001
0.997	0.001	0.001	0.001
>YCCTCAAA	24-YCCTCAAA,BestGuess:RUNX3/MA0684.3/Jaspar(0.713)	10.505447	-136.598049	0	T:61.0(89.71%),B:1.0(0.35%),P:1e-59
0.001	0.429	0.001	0.569
0.001	0.997	0.001	0.001
0.001	0.997	0.001	0.001
0.001	0.001	0.001	0.997
0.001	0.997	0.001	0.001
0.997	0.001	0.001	0.001
0.997	0.001	0.001	0.001
0.997	0.001	0.001	0.001
>GTCCCGTGGTGC	25-GTCCCGTGGTGC,BestGuess:Usf2(bHLH)/C2C12-Usf2-ChIP-Seq(GSE36030)/Homer(0.671)	10.409522	-129.594453	0	T:59.0(86.76%),B:0.0(0.00%),P:1e-56
0.100	0.100	0.700	0.100
0.100	0.100	0.100	0.700
0.100	0.700	0.100	0.100
0.100	0.700	0.100	0.100
0.100	0.700	0.100	0.100
0.100	0.100	0.700	0.100
0.100	0.100	0.100	0.700
0.100	0.100	0.700	0.100
0.100	0.100	0.700	0.100
0.100	0.100	0.100	0.700
0.100	0.100	0.700	0.100
0.100	0.700	0.100	0.100
