>ARGWGCWTCAGA	4-TCTGAWGCWCYT	11.035153	-27.146172	0	T:11.0(100.00%),B:0.0(0.00%),P:1e-11
0.915	0.001	0.001	0.083
0.435	0.001	0.563	0.001
0.084	0.041	0.528	0.347
0.351	0.001	0.168	0.480
0.124	0.001	0.874	0.001
0.264	0.480	0.084	0.172
0.563	0.001	0.001	0.435
0.084	0.264	0.001	0.651
0.212	0.703	0.001	0.084
0.915	0.001	0.001	0.083
0.083	0.001	0.915	0.001
0.651	0.001	0.001	0.347
