>WSYTKGCACATD	17-WSYTKGCACATD,BestGuess:MXI1/MA1108.3/Jaspar(0.715)	7.125994	-19.880043	0	T:9.0(81.82%),B:0.0(0.00%),P:1e-8
0.458	0.072	0.070	0.400
0.131	0.271	0.401	0.198
0.064	0.410	0.194	0.332
0.258	0.070	0.201	0.470
0.065	0.131	0.334	0.470
0.127	0.134	0.545	0.194
0.265	0.538	0.194	0.003
0.659	0.132	0.071	0.138
0.338	0.525	0.003	0.134
0.614	0.191	0.064	0.131
0.138	0.064	0.067	0.731
0.277	0.007	0.391	0.325
