>ACAACADCANCA	3-ACAACADCANCA,BestGuess:PB0122.1_Foxk1_2/Jaspar(0.692)	8.970662	-27.146172	0	T:11.0(100.00%),B:0.0(0.00%),P:1e-11
0.755	0.198	0.046	0.001
0.244	0.657	0.098	0.001
0.608	0.339	0.001	0.052
0.612	0.140	0.006	0.242
0.051	0.849	0.092	0.008
0.683	0.315	0.001	0.001
0.288	0.001	0.349	0.362
0.095	0.856	0.048	0.001
0.611	0.291	0.001	0.097
0.191	0.297	0.322	0.189
0.245	0.515	0.003	0.237
0.758	0.001	0.195	0.046
