>TVTKKGWCACHT	21-TVTKKGWCACHT,BestGuess:Tgif2(Homeobox)/mES-Tgif2-ChIP-Seq(GSE55404)/Homer(0.687)	6.947640	-15.941091	0	T:9.0(81.82%),B:2.0(3.93%),P:1e-6
0.158	0.061	0.161	0.620
0.223	0.312	0.364	0.101
0.101	0.052	0.259	0.588
0.001	0.050	0.521	0.428
0.050	0.154	0.418	0.377
0.101	0.010	0.788	0.101
0.368	0.118	0.101	0.413
0.001	0.941	0.001	0.057
0.544	0.255	0.050	0.151
0.220	0.519	0.050	0.211
0.316	0.216	0.111	0.357
0.001	0.208	0.255	0.536
