>AWTATTAGSAAT	18-AWTATTAGSAAT	9.159827	-17.572718	0	T:10.0(90.91%),B:3.8(7.29%),P:1e-7
0.742	0.001	0.001	0.256
0.450	0.001	0.001	0.548
0.062	0.194	0.001	0.743
0.875	0.001	0.062	0.062
0.194	0.001	0.062	0.743
0.388	0.001	0.001	0.610
0.618	0.257	0.063	0.062
0.001	0.256	0.549	0.194
0.001	0.451	0.354	0.194
0.783	0.022	0.001	0.194
0.782	0.216	0.001	0.001
0.194	0.068	0.001	0.737
