>TCTGAWGCWCYT	4-TCTGAWGCWCYT,BestGuess:Atf4(bZIP)/MEF-Atf4-ChIP-Seq(GSE35681)/Homer(0.613)	11.035153	-27.146172	0	T:11.0(100.00%),B:0.0(0.00%),P:1e-11
0.347	0.001	0.001	0.651
0.001	0.915	0.001	0.083
0.083	0.001	0.001	0.915
0.084	0.001	0.703	0.212
0.651	0.001	0.264	0.084
0.435	0.001	0.001	0.563
0.172	0.084	0.480	0.264
0.001	0.874	0.001	0.124
0.480	0.168	0.001	0.351
0.347	0.528	0.041	0.084
0.001	0.563	0.001	0.435
0.083	0.001	0.001	0.915
