>WATGTGKCSGHG	14-WATGTGKCSGHG,BestGuess:MXI1/MA1108.3/Jaspar(0.639)	7.540507	-23.175880	0	T:10.0(90.91%),B:0.4(0.72%),P:1e-10
0.438	0.087	0.028	0.447
0.908	0.006	0.084	0.002
0.055	0.001	0.119	0.825
0.146	0.001	0.536	0.317
0.119	0.001	0.142	0.738
0.238	0.119	0.612	0.031
0.006	0.231	0.412	0.351
0.009	0.643	0.293	0.055
0.201	0.269	0.354	0.176
0.089	0.204	0.652	0.055
0.301	0.262	0.121	0.316
0.207	0.115	0.591	0.087
